1953.00 366.00
2237.00 368.00
2191.00 407.00
1296.00 422.00
1867.00 458.00
1776.00 462.00
2457.00 466.00
2318.00 478.00
1826.00 480.00
2065.00 508.00
2327.00 520.00
2172.00 526.00
2114.00 528.00
2383.00 535.00
2019.00 544.00
1017.00 554.00
2063.00 554.00
2182.00 568.00
1343.00 570.00
928.00 592.00
1009.00 595.00
2341.00 598.00
2287.00 600.00
872.00 608.00
1743.00 608.00
2055.00 608.00
1998.00 624.00
1183.00 633.00
1227.00 634.00
2154.00 642.00
1360.00 643.00
1059.00 663.00
2416.00 672.00
2516.00 672.00
893.00 678.00
1238.00 679.00
2351.00 682.00
1143.00 685.00
1374.00 685.00
2220.00 688.00
1101.00 692.00
1859.00 710.00
1719.00 712.00
2082.00 716.00
1039.00 727.00
1255.00 735.00
2559.00 753.00
1384.00 755.00
2355.00 755.00
2257.00 759.00
2167.00 760.00
2210.00 760.00
1871.00 766.00
1125.00 768.00
1982.00 773.00
1279.00 776.00
1706.00 778.00
884.00 784.00
1645.00 800.00
1166.00 802.00
2068.00 804.00
1422.00 812.00
937.00 815.00
2164.00 815.00
2305.00 821.00
2241.00 823.00
2520.00 823.00
1212.00 834.00
1972.00 837.00
2450.00 840.00
1817.00 850.00
994.00 852.00
2088.00 863.00
1357.00 869.00
2145.00 869.00
2280.00 872.00
2039.00 879.00
1066.00 882.00
1858.00 885.00
2192.00 888.00
2322.00 891.00
1959.00 892.00
1915.00 898.00
1230.00 899.00
1740.00 899.00
1787.00 899.00
2515.00 901.00
1452.00 904.00
1665.00 904.00
2409.00 907.00
1358.00 910.00
2117.00 910.00
1142.00 923.00
1183.00 924.00
2467.00 931.00
1974.00 933.00
1005.00 934.00
1746.00 940.00
943.00 955.00
1903.00 959.00
1661.00 968.00
1472.00 973.00
1399.00 976.00
2235.00 977.00
2536.00 978.00
2170.00 983.00
2124.00 984.00
2417.00 995.00
2490.00 1000.00
2061.00 1008.00
2295.00 1008.00
1101.00 1012.00
1703.00 1013.00
1865.00 1020.00
2250.00 1022.00
2345.00 1025.00
1144.00 1031.00
1633.00 1035.00
2195.00 1037.00
1480.00 1043.00
1432.00 1046.00
2131.00 1048.00
960.00 1061.00
1372.00 1077.00
2071.00 1079.00
2479.00 1082.00
2409.00 1084.00
2327.00 1086.00
2259.00 1087.00
1559.00 1091.00
2147.00 1093.00
1473.00 1095.00
1812.00 1136.00
1690.00 1139.00
1529.00 1163.00
1487.00 1171.00
1613.00 1171.00
1304.00 1173.00
1044.00 1191.00
1351.00 1195.00
1614.00 1212.00
1103.00 1214.00
1790.00 1218.00
1214.00 1235.00
1746.00 1236.00
979.00 1238.00
1099.00 1257.00
1672.00 1271.00
1722.00 1277.00
1862.00 1279.00
1043.00 1309.00
951.00 1321.00
1696.00 1325.00
1095.00 1338.00
1255.00 1340.00
1296.00 1340.00
1769.00 1341.00
1659.00 1371.00
1350.00 1387.00
1701.00 1400.00
1275.00 1413.00
1754.00 1414.00
2114.00 1439.00
1813.00 1454.00
1714.00 1464.00
1256.00 1474.00
1756.00 1477.00
1932.00 1501.00
1305.00 1511.00
1800.00 1524.00
1000.00 1574.00
1937.00 1577.00
2124.00 1617.00
1984.00 1671.00
1280.00 1705.00
