930.00 17.00
2079.00 42.00
1266.00 86.00
1799.00 93.00
1704.00 108.00
1516.00 118.00
1756.00 159.00
1973.00 159.00
2143.00 159.00
1552.00 183.00
899.00 228.00
1420.00 250.00
1661.00 254.00
1567.00 255.00
1705.00 256.00
1961.00 263.00
760.00 276.00
1943.00 305.00
2033.00 320.00
1282.00 327.00
1457.00 328.00
1510.00 337.00
1353.00 351.00
1952.00 351.00
1630.00 359.00
1151.00 362.00
2024.00 362.00
1768.00 375.00
1304.00 378.00
784.00 400.00
855.00 423.00
1601.00 430.00
1279.00 432.00
1874.00 432.00
1072.00 448.00
1551.00 464.00
917.00 474.00
733.00 481.00
1461.00 489.00
1711.00 491.00
856.00 492.00
1603.00 501.00
1539.00 517.00
1230.00 519.00
1324.00 519.00
1160.00 525.00
1052.00 526.00
1476.00 530.00
702.00 544.00
1679.00 558.00
1638.00 560.00
805.00 565.00
1383.00 572.00
991.00 578.00
887.00 581.00
1295.00 583.00
1093.00 597.00
2119.00 616.00
1654.00 622.00
688.00 627.00
2160.00 637.00
1758.00 649.00
1242.00 658.00
2036.00 660.00
1869.00 666.00
1471.00 685.00
1984.00 686.00
1737.00 709.00
650.00 711.00
1693.00 713.00
2077.00 717.00
821.00 732.00
1351.00 735.00
1589.00 748.00
1914.00 759.00
866.00 762.00
746.00 765.00
1643.00 765.00
1303.00 767.00
2143.00 796.00
1654.00 815.00
688.00 824.00
2191.00 834.00
768.00 835.00
2016.00 838.00
880.00 851.00
1652.00 867.00
2192.00 875.00
1516.00 894.00
1356.00 905.00
1561.00 909.00
1440.00 911.00
596.00 914.00
1305.00 968.00
597.00 982.00
1251.00 988.00
554.00 1016.00
2071.00 1021.00
1401.00 1028.00
1273.00 1035.00
1130.00 1040.00
809.00 1052.00
672.00 1090.00
807.00 1111.00
667.00 1134.00
833.00 1158.00
1203.00 1158.00
641.00 1185.00
1615.00 1186.00
733.00 1214.00
1236.00 1225.00
1223.00 1270.00
688.00 1273.00
866.00 1273.00
1204.00 1349.00
2122.00 1350.00
817.00 1371.00
616.00 1379.00
1402.00 1410.00
832.00 1412.00
748.00 1424.00
997.00 1437.00
1453.00 1448.00
1404.00 1463.00
1233.00 1480.00
1512.00 1508.00
1626.00 1614.00
782.00 1638.00
1338.00 1644.00
937.00 1653.00
535.00 1743.00
668.00 1749.00
