2064.00 192.00
2482.00 220.00
1347.00 338.00
2155.00 394.00
1694.00 428.00
1863.00 431.00
2079.00 431.00
2160.00 435.00
1788.00 439.00
2120.00 495.00
2175.00 508.00
2018.00 567.00
1576.00 587.00
2370.00 590.00
1968.00 592.00
1200.00 598.00
2048.00 640.00
1933.00 662.00
1486.00 664.00
1884.00 669.00
1754.00 680.00
1285.00 726.00
1669.00 733.00
1604.00 742.00
2258.00 747.00
1513.00 780.00
1204.00 805.00
2421.00 807.00
1323.00 826.00
1422.00 828.00
2222.00 831.00
1535.00 839.00
1991.00 842.00
2038.00 847.00
1637.00 851.00
1693.00 857.00
1758.00 859.00
1162.00 871.00
1351.00 872.00
2240.00 872.00
1273.00 879.00
1226.00 880.00
1922.00 883.00
1968.00 894.00
2009.00 904.00
2097.00 904.00
2149.00 907.00
2230.00 913.00
1396.00 917.00
1694.00 920.00
1208.00 928.00
1263.00 934.00
1967.00 935.00
1444.00 946.00
1504.00 953.00
1545.00 954.00
2207.00 972.00
1289.00 975.00
1865.00 975.00
1179.00 995.00
1504.00 999.00
1869.00 1016.00
1824.00 1024.00
2082.00 1037.00
2208.00 1047.00
1312.00 1056.00
2038.00 1067.00
1154.00 1068.00
1646.00 1095.00
1711.00 1095.00
1530.00 1110.00
1207.00 1134.00
1134.00 1137.00
1662.00 1149.00
1759.00 1157.00
1323.00 1158.00
1842.00 1164.00
1184.00 1199.00
1140.00 1212.00
1244.00 1213.00
1300.00 1214.00
1147.00 1253.00
1975.00 1319.00
1887.00 1333.00
1160.00 1358.00
1160.00 1417.00
1331.00 1532.00
2264.00 1745.00
