1154.00 168.00
1008.00 259.00
1112.00 289.00
1407.00 314.00
1015.00 319.00
1070.00 343.00
1113.00 404.00
980.00 602.00
724.00 637.00
546.00 638.00
597.00 653.00
896.00 664.00
1241.00 688.00
613.00 716.00
2104.00 750.00
2056.00 756.00
653.00 760.00
1676.00 768.00
919.00 781.00
1249.00 789.00
664.00 807.00
976.00 816.00
1198.00 832.00
1468.00 845.00
1109.00 852.00
1304.00 866.00
692.00 868.00
1622.00 870.00
1681.00 874.00
974.00 881.00
1860.00 883.00
1446.00 886.00
1175.00 890.00
1622.00 911.00
972.00 931.00
1153.00 938.00
1506.00 938.00
1804.00 944.00
1717.00 956.00
1349.00 967.00
1391.00 969.00
1759.00 985.00
927.00 989.00
1912.00 989.00
971.00 1007.00
1126.00 1008.00
1368.00 1023.00
1194.00 1025.00
1436.00 1040.00
1092.00 1063.00
1238.00 1065.00
936.00 1067.00
1032.00 1071.00
1459.00 1101.00
1168.00 1104.00
952.00 1126.00
1459.00 1143.00
1170.00 1168.00
993.00 1176.00
1801.00 1194.00
1646.00 1199.00
1219.00 1210.00
2142.00 1223.00
1173.00 1244.00
1421.00 1271.00
1262.00 1318.00
1052.00 1323.00
1518.00 1332.00
1639.00 1340.00
1945.00 1379.00
1186.00 1425.00
979.00 1439.00
1327.00 1439.00
938.00 1455.00
1074.00 1455.00
1413.00 1464.00
1118.00 1471.00
1032.00 1482.00
1233.00 1494.00
1326.00 1494.00
1177.00 1495.00
1279.00 1511.00
1104.00 1528.00
985.00 1536.00
1432.00 1536.00
1230.00 1551.00
1288.00 1559.00
914.00 1567.00
1978.00 1596.00
1087.00 1606.00
1312.00 1609.00
853.00 1611.00
1171.00 1622.00
938.00 1632.00
1542.00 1647.00
1441.00 1657.00
1292.00 1659.00
1399.00 1662.00
1491.00 1680.00
1339.00 1682.00
1541.00 1723.00
1218.00 1742.00
1040.00 1746.00
1260.00 1767.00
1413.00 1774.00
1527.00 1775.00
1272.00 1832.00
1931.00 1841.00
1450.00 1842.00
1670.00 1855.00
1519.00 1861.00
1402.00 1878.00
2047.00 1878.00
1853.00 1890.00
616.00 1903.00
676.00 1903.00
1351.00 1960.00
