1335.00 8.00
2008.00 41.00
1338.00 51.00
2059.00 71.00
2017.00 90.00
1825.00 118.00
1343.00 149.00
1856.00 184.00
1762.00 268.00
1837.00 295.00
2269.00 295.00
1917.00 334.00
1712.00 423.00
1836.00 458.00
1794.00 480.00
1368.00 539.00
1180.00 544.00
1571.00 550.00
1840.00 551.00
745.00 552.00
1899.00 557.00
971.00 570.00
2294.00 579.00
1249.00 605.00
1181.00 608.00
928.00 615.00
978.00 627.00
1359.00 638.00
1814.00 644.00
1552.00 648.00
1633.00 648.00
848.00 649.00
1511.00 649.00
1037.00 650.00
790.00 653.00
1941.00 654.00
900.00 658.00
1710.00 659.00
1769.00 673.00
1223.00 677.00
1126.00 692.00
1170.00 702.00
1684.00 702.00
1379.00 708.00
2013.00 715.00
846.00 721.00
1787.00 721.00
1256.00 727.00
1008.00 741.00
1644.00 751.00
1599.00 752.00
1710.00 775.00
949.00 780.00
1385.00 785.00
907.00 815.00
1572.00 823.00
1613.00 825.00
1032.00 827.00
863.00 850.00
1378.00 859.00
1952.00 866.00
1695.00 868.00
904.00 878.00
1078.00 888.00
1567.00 893.00
1654.00 896.00
851.00 906.00
1725.00 913.00
968.00 925.00
1393.00 926.00
1656.00 940.00
2122.00 954.00
1446.00 960.00
1271.00 962.00
1487.00 970.00
767.00 975.00
1800.00 991.00
1143.00 992.00
2041.00 993.00
1659.00 1004.00
982.00 1008.00
1513.00 1016.00
1712.00 1019.00
1868.00 1029.00
1783.00 1034.00
1959.00 1041.00
963.00 1052.00
1507.00 1064.00
1661.00 1067.00
1312.00 1071.00
1768.00 1079.00
1133.00 1081.00
1574.00 1096.00
1990.00 1105.00
1663.00 1108.00
962.00 1114.00
1727.00 1115.00
1475.00 1138.00
1791.00 1144.00
1593.00 1145.00
1426.00 1171.00
1170.00 1175.00
1067.00 1185.00
1872.00 1189.00
1666.00 1193.00
1278.00 1206.00
1553.00 1215.00
1128.00 1216.00
980.00 1237.00
1028.00 1251.00
1615.00 1277.00
1929.00 1279.00
2079.00 1281.00
1506.00 1285.00
1857.00 1316.00
1788.00 1319.00
1097.00 1324.00
957.00 1334.00
1027.00 1344.00
1557.00 1352.00
2142.00 1354.00
1599.00 1358.00
1673.00 1370.00
728.00 1375.00
1848.00 1394.00
1517.00 1400.00
1706.00 1411.00
1661.00 1414.00
1558.00 1415.00
1190.00 1438.00
1124.00 1439.00
1459.00 1441.00
1585.00 1456.00
1638.00 1470.00
1707.00 1473.00
2011.00 1487.00
819.00 1488.00
1900.00 1492.00
1825.00 1499.00
1960.00 1499.00
1723.00 1521.00
1783.00 1525.00
1678.00 1537.00
2130.00 1542.00
909.00 1544.00
951.00 1544.00
1858.00 1548.00
818.00 1560.00
1560.00 1560.00
1711.00 1580.00
1173.00 1594.00
1512.00 1601.00
1927.00 1601.00
1087.00 1632.00
923.00 1637.00
1728.00 1639.00
1589.00 1641.00
1642.00 1641.00
720.00 1660.00
1470.00 1660.00
1520.00 1660.00
1407.00 1666.00
1785.00 1699.00
1728.00 1719.00
1482.00 1721.00
1592.00 1721.00
1005.00 1748.00
2219.00 1752.00
1047.00 1753.00
1524.00 1758.00
1578.00 1813.00
1537.00 1852.00
1590.00 1869.00
2274.00 1886.00
