2004.00 108.00
2367.00 135.00
2186.00 151.00
2013.00 171.00
2213.00 209.00
1736.00 222.00
2019.00 225.00
2024.00 268.00
1678.00 271.00
1800.00 279.00
2253.00 307.00
1662.00 323.00
1703.00 325.00
2367.00 336.00
2322.00 344.00
1787.00 371.00
1906.00 374.00
2381.00 391.00
1760.00 414.00
2232.00 430.00
1927.00 431.00
2043.00 440.00
1622.00 441.00
2355.00 454.00
1990.00 461.00
2408.00 462.00
2476.00 467.00
1719.00 479.00
2237.00 481.00
1588.00 503.00
1826.00 514.00
2124.00 519.00
1631.00 522.00
1783.00 527.00
1974.00 531.00
1678.00 544.00
1735.00 545.00
1883.00 550.00
2408.00 559.00
2262.00 568.00
2539.00 576.00
1553.00 585.00
2189.00 592.00
2335.00 598.00
2552.00 632.00
1969.00 654.00
2167.00 663.00
2238.00 674.00
1896.00 684.00
2296.00 689.00
1562.00 694.00
2474.00 705.00
1975.00 707.00
2056.00 709.00
2136.00 716.00
2240.00 720.00
1810.00 727.00
1865.00 729.00
2303.00 744.00
2538.00 749.00
2187.00 751.00
2037.00 754.00
1850.00 770.00
2448.00 787.00
2097.00 793.00
2182.00 795.00
2368.00 823.00
2312.00 845.00
1934.00 856.00
2251.00 871.00
2354.00 879.00
2197.00 895.00
2425.00 907.00
2376.00 924.00
2496.00 926.00
2240.00 928.00
2313.00 929.00
2099.00 952.00
1675.00 967.00
2026.00 971.00
2331.00 977.00
1828.00 981.00
2557.00 984.00
2471.00 1014.00
2209.00 1015.00
2029.00 1067.00
2159.00 1071.00
2264.00 1073.00
2311.00 1080.00
2447.00 1142.00
2326.00 1153.00
2118.00 1154.00
2255.00 1162.00
2205.00 1172.00
2194.00 1225.00
2111.00 1244.00
2535.00 1246.00
1994.00 1285.00
2249.00 1289.00
1851.00 1294.00
2559.00 1295.00
2297.00 1296.00
2178.00 1329.00
2235.00 1383.00
2410.00 1409.00
2351.00 1424.00
2191.00 1473.00
2576.00 1503.00
2250.00 1592.00
2431.00 1611.00
2544.00 1616.00
2197.00 1620.00
2149.00 1716.00
1925.00 1810.00
2156.00 1847.00
