2143.00 141.00
2224.00 142.00
2009.00 155.00
2232.00 194.00
2151.00 208.00
1930.00 214.00
673.00 256.00
1853.00 257.00
1935.00 260.00
2026.00 288.00
419.00 294.00
564.00 306.00
1952.00 311.00
2032.00 335.00
1125.00 344.00
552.00 349.00
864.00 367.00
615.00 370.00
2257.00 370.00
1173.00 373.00
1407.00 384.00
1880.00 405.00
2024.00 405.00
1794.00 408.00
2264.00 413.00
512.00 423.00
1444.00 425.00
2181.00 427.00
993.00 439.00
1200.00 449.00
2498.00 454.00
479.00 488.00
1560.00 488.00
713.00 493.00
1825.00 498.00
668.00 503.00
1352.00 520.00
1743.00 520.00
748.00 537.00
1822.00 554.00
1471.00 564.00
660.00 567.00
540.00 571.00
814.00 581.00
767.00 595.00
721.00 598.00
817.00 626.00
1978.00 633.00
2071.00 634.00
1584.00 636.00
1678.00 636.00
1749.00 641.00
716.00 650.00
839.00 688.00
1747.00 688.00
2076.00 690.00
674.00 698.00
724.00 705.00
1997.00 719.00
1932.00 725.00
592.00 741.00
2082.00 743.00
689.00 759.00
1540.00 787.00
1608.00 806.00
513.00 814.00
2091.00 826.00
1721.00 844.00
757.00 886.00
806.00 886.00
707.00 889.00
2014.00 896.00
512.00 919.00
1620.00 921.00
1926.00 924.00
606.00 930.00
805.00 963.00
2106.00 985.00
539.00 986.00
777.00 1006.00
717.00 1022.00
1623.00 1029.00
599.00 1038.00
2113.00 1061.00
652.00 1069.00
709.00 1069.00
1668.00 1083.00
1575.00 1086.00
1907.00 1109.00
1672.00 1136.00
2123.00 1194.00
2127.00 1242.00
339.00 1336.00
1921.00 1367.00
2071.00 1374.00
2026.00 1422.00
1925.00 1450.00
2054.00 1464.00
2142.00 1466.00
1930.00 1561.00
1784.00 1591.00
687.00 1604.00
1931.00 1624.00
586.00 1648.00
736.00 1656.00
1934.00 1729.00
616.00 1737.00
1938.00 1791.00
496.00 1904.00
