1163.00 14.00
258.00 196.00
1256.00 234.00
849.00 238.00
615.00 242.00
398.00 263.00
1403.00 308.00
1398.00 368.00
866.00 374.00
1217.00 382.00
944.00 402.00
1278.00 465.00
618.00 477.00
949.00 488.00
272.00 494.00
999.00 510.00
314.00 513.00
575.00 524.00
1432.00 556.00
680.00 574.00
722.00 579.00
1295.00 645.00
158.00 662.00
486.00 665.00
710.00 666.00
1034.00 666.00
1037.00 711.00
1097.00 713.00
786.00 715.00
848.00 718.00
1358.00 723.00
1304.00 740.00
1227.00 744.00
690.00 756.00
626.00 757.00
852.00 759.00
802.00 761.00
1099.00 763.00
339.00 767.00
1166.00 774.00
381.00 787.00
1215.00 797.00
1311.00 812.00
1408.00 828.00
1359.00 829.00
354.00 830.00
102.00 838.00
725.00 839.00
479.00 842.00
279.00 844.00
886.00 847.00
1229.00 848.00
145.00 856.00
431.00 857.00
1315.00 860.00
1381.00 877.00
984.00 880.00
793.00 892.00
496.00 897.00
937.00 901.00
1319.00 904.00
451.00 912.00
1183.00 912.00
1139.00 913.00
297.00 916.00
1378.00 923.00
245.00 930.00
849.00 936.00
978.00 943.00
379.00 966.00
1307.00 975.00
712.00 977.00
560.00 978.00
1039.00 992.00
1183.00 992.00
657.00 998.00
514.00 1002.00
442.00 1021.00
568.00 1021.00
1291.00 1025.00
711.00 1026.00
831.00 1044.00
1050.00 1056.00
1128.00 1057.00
1003.00 1065.00
480.00 1070.00
906.00 1086.00
1214.00 1086.00
820.00 1088.00
1370.00 1091.00
863.00 1098.00
761.00 1099.00
1176.00 1128.00
1264.00 1128.00
900.00 1170.00
1222.00 1173.00
1264.00 1175.00
859.00 1176.00
735.00 1194.00
950.00 1210.00
872.00 1275.00
788.00 1307.00
47.00 1322.00
934.00 1336.00
876.00 1363.00
1112.00 1381.00
1359.00 1396.00
590.00 1409.00
1096.00 1426.00
759.00 1438.00
1095.00 1484.00
926.00 1512.00
774.00 1513.00
1092.00 1527.00
596.00 1552.00
1216.00 1566.00
902.00 1569.00
787.00 1591.00
719.00 1606.00
669.00 1619.00
773.00 1648.00
716.00 1693.00
910.00 1697.00
759.00 1711.00
532.00 1744.00
857.00 1760.00
804.00 1893.00
