408.00 88.00
1284.00 91.00
1952.00 280.00
537.00 328.00
352.00 365.00
455.00 380.00
505.00 416.00
548.00 436.00
1428.00 436.00
586.00 492.00
1544.00 492.00
599.00 533.00
1470.00 537.00
468.00 553.00
1293.00 559.00
1487.00 578.00
1980.00 579.00
1901.00 586.00
2173.00 596.00
550.00 617.00
1165.00 618.00
1531.00 681.00
1981.00 686.00
2121.00 690.00
1885.00 695.00
1247.00 709.00
1462.00 742.00
2177.00 745.00
1887.00 751.00
1409.00 752.00
2219.00 760.00
859.00 766.00
809.00 767.00
2002.00 769.00
1359.00 773.00
1499.00 799.00
967.00 802.00
2133.00 810.00
2176.00 813.00
2053.00 816.00
918.00 818.00
1598.00 819.00
1999.00 831.00
2225.00 835.00
1948.00 839.00
1856.00 842.00
1815.00 846.00
1652.00 857.00
2150.00 874.00
1304.00 877.00
1983.00 884.00
2230.00 888.00
1849.00 893.00
966.00 905.00
1844.00 934.00
1643.00 939.00
1440.00 941.00
1283.00 951.00
2144.00 951.00
1396.00 963.00
1924.00 963.00
2082.00 975.00
2041.00 979.00
2295.00 1008.00
1422.00 1012.00
2137.00 1016.00
2193.00 1024.00
2050.00 1030.00
1619.00 1041.00
1824.00 1049.00
2116.00 1057.00
1678.00 1059.00
1571.00 1067.00
1342.00 1078.00
1824.00 1090.00
1778.00 1101.00
1230.00 1108.00
1187.00 1131.00
1269.00 1151.00
1716.00 1182.00
1491.00 1186.00
1603.00 1196.00
1766.00 1202.00
1012.00 1349.00
1274.00 1395.00
1462.00 1632.00
824.00 1682.00
953.00 1717.00
710.00 1783.00
439.00 1830.00
