1996.00 18.00
1947.00 57.00
2257.00 84.00
2191.00 97.00
2399.00 145.00
2104.00 167.00
1152.00 177.00
2522.00 188.00
2186.00 191.00
2145.00 192.00
1783.00 221.00
2027.00 229.00
1729.00 231.00
2074.00 235.00
2324.00 237.00
1324.00 238.00
2116.00 271.00
1721.00 278.00
2467.00 379.00
2357.00 380.00
2095.00 391.00
1942.00 398.00
2305.00 408.00
2561.00 408.00
1655.00 488.00
2115.00 494.00
1735.00 503.00
2463.00 504.00
1368.00 508.00
2179.00 511.00
2533.00 521.00
2241.00 527.00
2371.00 540.00
1267.00 548.00
2104.00 557.00
2490.00 567.00
1728.00 569.00
2056.00 569.00
1976.00 581.00
1319.00 583.00
2391.00 589.00
2079.00 618.00
1958.00 659.00
1364.00 679.00
2262.00 680.00
1553.00 687.00
2004.00 692.00
1200.00 709.00
2540.00 711.00
2158.00 718.00
2298.00 727.00
1893.00 733.00
1849.00 738.00
1492.00 744.00
1739.00 749.00
2411.00 751.00
2464.00 759.00
1968.00 764.00
2363.00 767.00
2016.00 775.00
2210.00 780.00
1702.00 792.00
1345.00 795.00
1658.00 796.00
1601.00 803.00
2577.00 805.00
1766.00 809.00
2479.00 815.00
2238.00 822.00
2281.00 831.00
1512.00 835.00
1559.00 842.00
1270.00 856.00
1382.00 863.00
1335.00 866.00
1880.00 871.00
2163.00 872.00
1441.00 873.00
1985.00 887.00
1636.00 891.00
2054.00 892.00
2239.00 895.00
1688.00 896.00
1748.00 897.00
1185.00 908.00
2182.00 914.00
1308.00 915.00
1264.00 916.00
1901.00 916.00
1361.00 923.00
1944.00 924.00
2066.00 933.00
1560.00 937.00
1419.00 947.00
1210.00 958.00
1296.00 962.00
1987.00 971.00
2087.00 977.00
2233.00 977.00
1789.00 981.00
1619.00 983.00
2032.00 984.00
1376.00 989.00
2535.00 991.00
1419.00 992.00
1733.00 993.00
1464.00 994.00
2486.00 999.00
2133.00 1001.00
1269.00 1015.00
1521.00 1017.00
1938.00 1025.00
1219.00 1028.00
1582.00 1034.00
2487.00 1041.00
2071.00 1048.00
1377.00 1057.00
1438.00 1057.00
1196.00 1080.00
1565.00 1080.00
2160.00 1084.00
1261.00 1087.00
1719.00 1104.00
1895.00 1117.00
1520.00 1119.00
2168.00 1132.00
2571.00 1140.00
1177.00 1143.00
2222.00 1148.00
2068.00 1165.00
1246.00 1166.00
1617.00 1167.00
1775.00 1170.00
2173.00 1184.00
1176.00 1187.00
2227.00 1189.00
1280.00 1216.00
1800.00 1249.00
1977.00 1473.00
1863.00 1475.00
2156.00 1523.00
1984.00 1526.00
2087.00 1532.00
2030.00 1535.00
2159.00 1564.00
1362.00 1568.00
1896.00 1623.00
1944.00 1660.00
2285.00 1749.00
1800.00 1752.00
1932.00 1764.00
2147.00 1782.00
2374.00 1799.00
2508.00 1882.00
1148.00 1883.00
2305.00 1903.00
