947.00 73.00
1061.00 88.00
38.00 96.00
759.00 121.00
2153.00 143.00
1627.00 154.00
1496.00 302.00
957.00 305.00
1646.00 309.00
295.00 344.00
1020.00 347.00
418.00 370.00
1264.00 384.00
1664.00 400.00
1528.00 403.00
1120.00 414.00
1398.00 415.00
1951.00 415.00
2128.00 422.00
1857.00 424.00
303.00 431.00
399.00 452.00
858.00 456.00
1975.00 464.00
2095.00 504.00
1112.00 511.00
1256.00 511.00
2007.00 531.00
1959.00 536.00
927.00 558.00
968.00 568.00
1837.00 575.00
1041.00 577.00
1936.00 592.00
833.00 594.00
568.00 619.00
1319.00 639.00
1162.00 644.00
1717.00 648.00
1110.00 658.00
1424.00 669.00
2055.00 696.00
1608.00 712.00
482.00 715.00
2008.00 724.00
1444.00 733.00
692.00 736.00
302.00 743.00
1403.00 753.00
1181.00 755.00
247.00 756.00
689.00 782.00
1856.00 790.00
2036.00 816.00
819.00 819.00
434.00 823.00
597.00 832.00
1674.00 858.00
517.00 873.00
244.00 876.00
126.00 901.00
458.00 931.00
816.00 948.00
141.00 958.00
634.00 971.00
472.00 992.00
753.00 1038.00
842.00 1038.00
858.00 1104.00
992.00 1117.00
407.00 1125.00
664.00 1175.00
747.00 1175.00
423.00 1184.00
694.00 1234.00
469.00 1305.00
1903.00 1691.00
1732.00 1701.00
1800.00 1729.00
1906.00 1788.00
