2303.00 109.00
1885.00 183.00
2273.00 184.00
2218.00 225.00
1698.00 294.00
1835.00 296.00
1898.00 300.00
1633.00 313.00
1835.00 344.00
1510.00 431.00
2085.00 456.00
1423.00 458.00
2129.00 458.00
1504.00 473.00
2194.00 508.00
1585.00 509.00
1646.00 509.00
1687.00 509.00
1772.00 509.00
1855.00 538.00
1435.00 568.00
1604.00 568.00
1778.00 575.00
1382.00 577.00
1651.00 577.00
2151.00 591.00
2256.00 599.00
2337.00 600.00
1527.00 611.00
1478.00 613.00
2512.00 615.00
2563.00 624.00
1437.00 649.00
2276.00 655.00
2351.00 655.00
2170.00 688.00
2302.00 711.00
2352.00 711.00
2250.00 712.00
2408.00 712.00
1419.00 724.00
1791.00 729.00
1651.00 746.00
1551.00 767.00
2312.00 784.00
1618.00 812.00
1541.00 814.00
1872.00 818.00
2544.00 820.00
2371.00 839.00
2495.00 839.00
2266.00 840.00
1431.00 868.00
1546.00 870.00
2396.00 914.00
2455.00 917.00
2110.00 930.00
2280.00 955.00
2193.00 956.00
2390.00 991.00
1883.00 1008.00
2519.00 1013.00
2289.00 1015.00
2194.00 1029.00
2344.00 1037.00
1448.00 1038.00
1886.00 1056.00
2471.00 1059.00
1394.00 1082.00
1490.00 1097.00
1448.00 1098.00
2506.00 1112.00
1430.00 1139.00
1818.00 1145.00
2415.00 1148.00
2510.00 1159.00
2014.00 1203.00
2167.00 1219.00
1446.00 1240.00
2345.00 1254.00
2424.00 1294.00
1887.00 1299.00
1825.00 1321.00
1395.00 1325.00
1327.00 1332.00
1458.00 1346.00
2323.00 1362.00
2377.00 1364.00
2431.00 1367.00
1353.00 1376.00
1467.00 1408.00
1398.00 1410.00
1969.00 1432.00
2139.00 1448.00
1503.00 1452.00
1354.00 1456.00
2262.00 1482.00
2386.00 1483.00
2334.00 1491.00
2339.00 1537.00
2345.00 1605.00
1539.00 1617.00
2432.00 1656.00
2255.00 1766.00
