328.00 120.00
636.00 251.00
383.00 260.00
433.00 272.00
373.00 303.00
1182.00 311.00
928.00 330.00
1367.00 424.00
1600.00 449.00
958.00 454.00
1314.00 465.00
937.00 527.00
1305.00 528.00
195.00 560.00
551.00 579.00
1085.00 598.00
1565.00 607.00
971.00 613.00
1504.00 619.00
1454.00 649.00
1413.00 663.00
1656.00 676.00
137.00 678.00
1353.00 693.00
409.00 694.00
1300.00 706.00
1375.00 734.00
182.00 736.00
352.00 743.00
1278.00 747.00
462.00 750.00
621.00 751.00
665.00 758.00
941.00 768.00
1023.00 779.00
128.00 787.00
1244.00 790.00
734.00 792.00
439.00 810.00
185.00 815.00
1314.00 830.00
763.00 858.00
1359.00 859.00
1211.00 866.00
1110.00 867.00
1280.00 871.00
416.00 873.00
463.00 878.00
1119.00 913.00
1247.00 932.00
1495.00 941.00
345.00 944.00
483.00 947.00
524.00 952.00
244.00 955.00
1110.00 989.00
219.00 1007.00
1059.00 1016.00
1110.00 1037.00
595.00 1042.00
539.00 1048.00
446.00 1055.00
1175.00 1087.00
341.00 1088.00
679.00 1093.00
997.00 1114.00
954.00 1117.00
752.00 1143.00
434.00 1164.00
1081.00 1165.00
1035.00 1182.00
1201.00 1193.00
1129.00 1195.00
764.00 1204.00
590.00 1210.00
858.00 1221.00
292.00 1236.00
1066.00 1240.00
1159.00 1241.00
1110.00 1242.00
229.00 1289.00
947.00 1293.00
177.00 1295.00
523.00 1295.00
571.00 1300.00
1160.00 1317.00
478.00 1342.00
654.00 1358.00
1110.00 1365.00
523.00 1381.00
564.00 1384.00
1033.00 1399.00
209.00 1412.00
1162.00 1418.00
166.00 1431.00
72.00 1432.00
45.00 1489.00
448.00 1509.00
1349.00 1515.00
932.00 1524.00
190.00 1542.00
124.00 1565.00
380.00 1568.00
309.00 1592.00
35.00 1595.00
674.00 1610.00
861.00 1653.00
649.00 1654.00
594.00 1660.00
724.00 1680.00
23.00 1708.00
112.00 1754.00
176.00 1761.00
141.00 1808.00
216.00 1810.00
15.00 1813.00
501.00 1815.00
354.00 1826.00
351.00 1884.00
