1595.00 78.00
2103.00 112.00
1975.00 120.00
1580.00 136.00
1539.00 145.00
1272.00 192.00
1527.00 328.00
1984.00 412.00
1897.00 431.00
1351.00 457.00
2223.00 469.00
1596.00 534.00
1552.00 537.00
963.00 559.00
2493.00 564.00
2217.00 569.00
1569.00 586.00
1807.00 592.00
1911.00 593.00
2582.00 607.00
1399.00 623.00
2518.00 624.00
2180.00 630.00
1324.00 637.00
970.00 667.00
809.00 672.00
1126.00 694.00
2342.00 695.00
1861.00 716.00
1113.00 736.00
1434.00 737.00
1385.00 746.00
2025.00 746.00
1983.00 747.00
1175.00 751.00
1754.00 756.00
1495.00 760.00
931.00 772.00
1251.00 784.00
2239.00 785.00
1159.00 792.00
1587.00 792.00
2481.00 792.00
1826.00 801.00
1779.00 808.00
1457.00 818.00
1416.00 825.00
1919.00 833.00
1129.00 834.00
1578.00 844.00
1018.00 845.00
1869.00 845.00
2510.00 845.00
950.00 855.00
2153.00 857.00
2014.00 864.00
1749.00 871.00
1798.00 871.00
1307.00 874.00
2411.00 880.00
1929.00 883.00
1431.00 885.00
1475.00 885.00
836.00 894.00
1855.00 898.00
897.00 900.00
1206.00 902.00
1092.00 906.00
2157.00 920.00
1776.00 923.00
1733.00 924.00
961.00 925.00
1045.00 925.00
1519.00 933.00
2328.00 944.00
1937.00 950.00
1146.00 951.00
2112.00 952.00
1599.00 965.00
1759.00 966.00
1815.00 974.00
1503.00 975.00
1275.00 984.00
1975.00 992.00
1890.00 993.00
2095.00 993.00
1717.00 999.00
2149.00 1004.00
2258.00 1034.00
1383.00 1037.00
1332.00 1042.00
1664.00 1042.00
1709.00 1042.00
1985.00 1042.00
1183.00 1044.00
1581.00 1048.00
1476.00 1049.00
2413.00 1055.00
1526.00 1058.00
2493.00 1065.00
2157.00 1070.00
1272.00 1088.00
1350.00 1089.00
1984.00 1092.00
1377.00 1141.00
1332.00 1143.00
2023.00 1143.00
1929.00 1157.00
2216.00 1160.00
1401.00 1190.00
1515.00 1199.00
1694.00 1202.00
1354.00 1203.00
1457.00 1206.00
705.00 1224.00
1616.00 1236.00
2061.00 1256.00
2166.00 1260.00
1303.00 1274.00
2250.00 1288.00
912.00 1304.00
973.00 1304.00
2111.00 1317.00
2267.00 1351.00
765.00 1356.00
2086.00 1368.00
1632.00 1378.00
2187.00 1381.00
978.00 1408.00
1639.00 1428.00
866.00 1432.00
2070.00 1434.00
1533.00 1460.00
1264.00 1472.00
1328.00 1477.00
2328.00 1481.00
2192.00 1482.00
665.00 1512.00
855.00 1519.00
1827.00 1527.00
1957.00 1544.00
996.00 1559.00
2339.00 1560.00
1791.00 1576.00
1462.00 1580.00
934.00 1604.00
2303.00 1607.00
2048.00 1628.00
1417.00 1629.00
2291.00 1665.00
870.00 1680.00
1057.00 1686.00
1099.00 1693.00
1629.00 1695.00
975.00 1775.00
1386.00 1816.00
1432.00 1818.00
1776.00 1825.00
1296.00 1881.00
797.00 1919.00
