2304.00 63.00
968.00 65.00
2486.00 116.00
2359.00 171.00
2041.00 176.00
2458.00 202.00
2119.00 205.00
2247.00 219.00
2543.00 231.00
1687.00 243.00
1567.00 256.00
2426.00 276.00
1623.00 279.00
1040.00 288.00
2240.00 289.00
2058.00 296.00
2321.00 315.00
718.00 322.00
1971.00 333.00
1613.00 335.00
2383.00 343.00
2519.00 351.00
2282.00 367.00
2462.00 370.00
2170.00 377.00
2009.00 379.00
1706.00 380.00
2215.00 392.00
2060.00 410.00
1625.00 421.00
1245.00 428.00
2152.00 447.00
2230.00 448.00
913.00 456.00
1728.00 460.00
1349.00 471.00
1999.00 479.00
1529.00 489.00
1015.00 493.00
1771.00 495.00
1646.00 516.00
1704.00 520.00
1946.00 521.00
1899.00 522.00
929.00 534.00
1376.00 537.00
1569.00 538.00
2023.00 548.00
1826.00 563.00
1632.00 572.00
864.00 576.00
1971.00 584.00
1706.00 595.00
1665.00 628.00
1189.00 629.00
854.00 637.00
1402.00 637.00
1741.00 642.00
1254.00 664.00
1923.00 665.00
1199.00 676.00
2116.00 698.00
934.00 712.00
1270.00 742.00
2184.00 744.00
2380.00 746.00
1901.00 752.00
2545.00 775.00
1270.00 790.00
2380.00 797.00
2087.00 807.00
797.00 809.00
1054.00 822.00
2292.00 825.00
1892.00 840.00
1248.00 842.00
845.00 847.00
886.00 855.00
934.00 855.00
1774.00 855.00
2021.00 860.00
2364.00 883.00
1073.00 887.00
2251.00 887.00
1130.00 891.00
1914.00 909.00
1733.00 915.00
1797.00 917.00
1452.00 922.00
2323.00 928.00
1602.00 943.00
1527.00 979.00
1731.00 986.00
2240.00 994.00
2199.00 1016.00
2080.00 1017.00
1673.00 1020.00
1495.00 1037.00
2536.00 1045.00
1445.00 1047.00
1548.00 1060.00
1238.00 1070.00
2164.00 1098.00
1457.00 1099.00
834.00 1109.00
1533.00 1110.00
1255.00 1115.00
1621.00 1144.00
1176.00 1173.00
963.00 1183.00
1060.00 1184.00
1902.00 1186.00
1486.00 1255.00
1321.00 1277.00
1370.00 1298.00
1626.00 1310.00
1741.00 1319.00
1102.00 1337.00
1292.00 1347.00
1433.00 1360.00
1743.00 1376.00
1686.00 1377.00
1126.00 1387.00
1631.00 1416.00
1947.00 1455.00
1631.00 1457.00
1755.00 1457.00
1232.00 1458.00
1691.00 1466.00
1293.00 1490.00
1634.00 1503.00
1002.00 1507.00
1189.00 1623.00
1411.00 1695.00
2235.00 1831.00
1509.00 1864.00
