2045.00 148.00
1070.00 217.00
825.00 251.00
1594.00 257.00
2034.00 269.00
631.00 289.00
924.00 371.00
1766.00 412.00
1355.00 439.00
1470.00 449.00
1279.00 453.00
2461.00 465.00
2235.00 483.00
1643.00 487.00
2172.00 491.00
856.00 507.00
2405.00 531.00
1634.00 533.00
1966.00 543.00
1662.00 601.00
1311.00 632.00
1384.00 632.00
1184.00 654.00
1118.00 659.00
1761.00 664.00
1698.00 670.00
1519.00 672.00
1274.00 677.00
2077.00 679.00
951.00 680.00
2326.00 680.00
2279.00 683.00
846.00 695.00
2122.00 695.00
1159.00 704.00
1614.00 714.00
1058.00 717.00
1657.00 722.00
1359.00 730.00
1017.00 735.00
1456.00 750.00
1288.00 776.00
1394.00 781.00
1698.00 786.00
1219.00 791.00
1062.00 797.00
1113.00 807.00
1333.00 815.00
1782.00 825.00
1505.00 832.00
2184.00 839.00
1046.00 841.00
2137.00 841.00
1862.00 847.00
1289.00 848.00
1336.00 857.00
1163.00 871.00
1992.00 875.00
914.00 891.00
1544.00 903.00
1602.00 907.00
1867.00 908.00
1419.00 911.00
1179.00 928.00
1041.00 938.00
1492.00 939.00
1725.00 950.00
1557.00 959.00
1267.00 977.00
911.00 983.00
1854.00 1001.00
2153.00 1003.00
1187.00 1014.00
1744.00 1018.00
2203.00 1019.00
1004.00 1024.00
947.00 1028.00
1353.00 1033.00
1088.00 1047.00
1626.00 1047.00
2157.00 1061.00
1443.00 1076.00
1209.00 1077.00
976.00 1078.00
1347.00 1082.00
2088.00 1083.00
2428.00 1091.00
1753.00 1106.00
1492.00 1119.00
1437.00 1121.00
2048.00 1124.00
2215.00 1159.00
1067.00 1190.00
1651.00 1190.00
1858.00 1258.00
982.00 1261.00
1296.00 1293.00
2308.00 1309.00
1869.00 1329.00
1910.00 1330.00
76.00 1353.00
1238.00 1844.00
874.00 2005.00
