1371.00 58.00
542.00 82.00
1762.00 104.00
562.00 162.00
611.00 184.00
1790.00 245.00
1743.00 279.00
1437.00 289.00
984.00 304.00
381.00 341.00
1408.00 360.00
135.00 368.00
362.00 386.00
479.00 408.00
679.00 423.00
1031.00 423.00
1731.00 429.00
1209.00 439.00
1352.00 451.00
766.00 461.00
588.00 496.00
773.00 527.00
1461.00 536.00
1027.00 542.00
707.00 572.00
573.00 591.00
1661.00 591.00
1591.00 597.00
1092.00 602.00
652.00 620.00
732.00 645.00
1774.00 646.00
338.00 652.00
1343.00 652.00
1864.00 657.00
1290.00 689.00
699.00 698.00
582.00 703.00
748.00 725.00
527.00 731.00
1339.00 750.00
1704.00 752.00
1789.00 752.00
944.00 753.00
1120.00 754.00
680.00 764.00
850.00 769.00
1466.00 772.00
1167.00 773.00
478.00 778.00
418.00 788.00
1567.00 800.00
1339.00 815.00
1736.00 816.00
982.00 818.00
1141.00 821.00
1409.00 822.00
1676.00 822.00
878.00 824.00
743.00 839.00
1878.00 870.00
1152.00 871.00
1533.00 871.00
1788.00 871.00
904.00 872.00
1743.00 875.00
1400.00 877.00
1683.00 881.00
1023.00 882.00
1336.00 882.00
685.00 906.00
583.00 907.00
639.00 907.00
955.00 918.00
1385.00 918.00
1175.00 921.00
1593.00 921.00
1057.00 933.00
1001.00 942.00
1100.00 943.00
1720.00 946.00
1459.00 955.00
1667.00 956.00
1871.00 972.00
1333.00 973.00
1612.00 973.00
190.00 982.00
1226.00 991.00
745.00 993.00
632.00 999.00
1106.00 1012.00
584.00 1019.00
433.00 1020.00
922.00 1020.00
1511.00 1032.00
978.00 1033.00
1430.00 1034.00
1216.00 1035.00
1262.00 1053.00
1627.00 1059.00
424.00 1081.00
564.00 1082.00
956.00 1091.00
1114.00 1093.00
1329.00 1093.00
1400.00 1093.00
1672.00 1107.00
1741.00 1107.00
535.00 1125.00
624.00 1125.00
1482.00 1126.00
1237.00 1127.00
460.00 1131.00
954.00 1132.00
1176.00 1141.00
1532.00 1141.00
1330.00 1161.00
1674.00 1161.00
1577.00 1169.00
1276.00 1171.00
1110.00 1172.00
833.00 1201.00
581.00 1222.00
1286.00 1232.00
859.00 1269.00
1075.00 1279.00
1215.00 1297.00
1007.00 1303.00
1156.00 1312.00
750.00 1329.00
888.00 1335.00
641.00 1392.00
744.00 1394.00
789.00 1395.00
934.00 1397.00
1081.00 1399.00
662.00 1434.00
845.00 1437.00
931.00 1439.00
976.00 1440.00
1080.00 1442.00
1543.00 1442.00
661.00 1475.00
758.00 1478.00
952.00 1482.00
1673.00 1483.00
1077.00 1501.00
886.00 1511.00
657.00 1517.00
1148.00 1532.00
899.00 1580.00
687.00 1599.00
973.00 1655.00
1063.00 1657.00
622.00 1659.00
730.00 1663.00
1627.00 1664.00
678.00 1672.00
912.00 1672.00
509.00 1702.00
969.00 1707.00
714.00 1743.00
763.00 1871.00
