1129.00 72.00
1740.00 111.00
2233.00 115.00
895.00 126.00
1695.00 141.00
2210.00 156.00
1629.00 181.00
2257.00 181.00
1818.00 214.00
2368.00 227.00
2263.00 231.00
1712.00 239.00
2121.00 289.00
2059.00 313.00
774.00 321.00
1088.00 327.00
1988.00 335.00
818.00 337.00
2131.00 347.00
2282.00 352.00
2172.00 353.00
1997.00 405.00
1052.00 453.00
1913.00 453.00
1827.00 481.00
2149.00 483.00
2156.00 535.00
930.00 556.00
1758.00 594.00
2099.00 609.00
2269.00 613.00
954.00 626.00
2311.00 655.00
2214.00 662.00
2092.00 706.00
2047.00 708.00
1907.00 711.00
1263.00 713.00
1719.00 736.00
1800.00 760.00
2017.00 760.00
1678.00 774.00
1095.00 776.00
1285.00 780.00
1440.00 781.00
1950.00 782.00
1909.00 784.00
1092.00 821.00
1785.00 825.00
1686.00 829.00
1306.00 841.00
1636.00 843.00
1864.00 847.00
1913.00 848.00
2193.00 848.00
1368.00 849.00
1251.00 852.00
882.00 855.00
1719.00 871.00
1649.00 894.00
1450.00 897.00
1324.00 901.00
1184.00 915.00
1692.00 922.00
2297.00 934.00
1887.00 938.00
1625.00 941.00
1448.00 943.00
1756.00 953.00
1387.00 961.00
1257.00 963.00
1666.00 966.00
2169.00 967.00
1964.00 976.00
1520.00 993.00
1627.00 1008.00
1777.00 1008.00
2255.00 1017.00
1365.00 1024.00
1237.00 1028.00
1291.00 1029.00
1733.00 1029.00
910.00 1036.00
1119.00 1037.00
2167.00 1040.00
1780.00 1054.00
2271.00 1061.00
951.00 1062.00
1621.00 1065.00
1457.00 1066.00
1379.00 1077.00
1574.00 1080.00
1512.00 1105.00
1764.00 1112.00
1614.00 1131.00
2358.00 1140.00
923.00 1163.00
2239.00 1173.00
1626.00 1185.00
1460.00 1186.00
1550.00 1209.00
1250.00 1224.00
2287.00 1227.00
2295.00 1288.00
2128.00 1323.00
1931.00 1350.00
884.00 1394.00
1802.00 1394.00
1545.00 1421.00
1092.00 1429.00
1463.00 1452.00
2207.00 1452.00
2023.00 1467.00
2184.00 1512.00
2315.00 1537.00
2372.00 1537.00
1985.00 1572.00
1672.00 1589.00
1864.00 1589.00
2446.00 1594.00
2195.00 1624.00
2263.00 1667.00
2021.00 1685.00
2231.00 1728.00
2447.00 1754.00
2522.00 1763.00
2120.00 1774.00
2021.00 1776.00
2108.00 1874.00
2387.00 1904.00
2498.00 1906.00
1644.00 1909.00
1669.00 1983.00
