1479.00 48.00
922.00 51.00
407.00 60.00
581.00 80.00
447.00 112.00
917.00 119.00
573.00 123.00
1095.00 157.00
599.00 173.00
788.00 182.00
1054.00 224.00
928.00 246.00
1450.00 253.00
1066.00 268.00
851.00 296.00
531.00 328.00
756.00 356.00
818.00 402.00
696.00 424.00
766.00 445.00
534.00 461.00
144.00 465.00
1462.00 470.00
1416.00 472.00
612.00 494.00
1005.00 508.00
1440.00 523.00
500.00 525.00
24.00 537.00
546.00 543.00
1399.00 563.00
1476.00 566.00
869.00 584.00
640.00 586.00
425.00 595.00
230.00 618.00
1436.00 620.00
335.00 675.00
1064.00 678.00
760.00 679.00
1013.00 679.00
255.00 685.00
670.00 694.00
1625.00 703.00
927.00 712.00
1213.00 720.00
1004.00 723.00
1420.00 724.00
1661.00 753.00
351.00 775.00
696.00 775.00
891.00 777.00
621.00 789.00
1325.00 798.00
1061.00 807.00
1157.00 814.00
1584.00 818.00
198.00 825.00
943.00 827.00
1489.00 832.00
999.00 839.00
1326.00 847.00
413.00 849.00
1157.00 856.00
1092.00 864.00
973.00 885.00
1269.00 904.00
865.00 914.00
1220.00 917.00
1083.00 920.00
1013.00 926.00
371.00 930.00
648.00 944.00
1285.00 947.00
811.00 951.00
927.00 961.00
1205.00 985.00
1111.00 987.00
1156.00 987.00
1249.00 1008.00
1431.00 1032.00
719.00 1036.00
1205.00 1048.00
617.00 1063.00
1323.00 1086.00
1250.00 1097.00
665.00 1111.00
1042.00 1116.00
715.00 1120.00
1192.00 1125.00
1114.00 1149.00
1322.00 1155.00
950.00 1193.00
613.00 1214.00
857.00 1253.00
517.00 1256.00
558.00 1258.00
1297.00 1264.00
168.00 1279.00
959.00 1283.00
760.00 1288.00
562.00 1306.00
1182.00 1327.00
657.00 1343.00
554.00 1347.00
929.00 1351.00
1191.00 1375.00
349.00 1389.00
305.00 1393.00
1256.00 1402.00
711.00 1407.00
967.00 1408.00
343.00 1456.00
1044.00 1478.00
1148.00 1488.00
1001.00 1489.00
623.00 1493.00
686.00 1504.00
579.00 1515.00
936.00 1535.00
1036.00 1537.00
711.00 1560.00
97.00 1561.00
1044.00 1578.00
313.00 1579.00
966.00 1580.00
1087.00 1591.00
663.00 1598.00
354.00 1601.00
1162.00 1601.00
452.00 1605.00
576.00 1607.00
259.00 1623.00
1311.00 1624.00
1043.00 1631.00
172.00 1632.00
737.00 1646.00
56.00 1651.00
886.00 1651.00
696.00 1657.00
312.00 1663.00
824.00 1663.00
992.00 1668.00
1042.00 1680.00
1114.00 1681.00
558.00 1689.00
216.00 1705.00
1058.00 1721.00
999.00 1733.00
1101.00 1738.00
1142.00 1746.00
556.00 1747.00
215.00 1753.00
727.00 1757.00
808.00 1758.00
943.00 1763.00
1194.00 1770.00
343.00 1779.00
1287.00 1785.00
536.00 1788.00
1092.00 1811.00
815.00 1839.00
1144.00 1841.00
328.00 1863.00
1000.00 1874.00
384.00 1919.00
654.00 1920.00
913.00 1934.00
1381.00 1945.00
289.00 1959.00
486.00 1969.00
226.00 1974.00
632.00 1994.00
429.00 1996.00
486.00 2015.00
379.00 2024.00
880.00 2024.00
823.00 2031.00
