1537.00 23.00
2234.00 63.00
2049.00 68.00
2004.00 84.00
1627.00 93.00
1851.00 132.00
1646.00 136.00
1479.00 141.00
1751.00 179.00
2047.00 190.00
1526.00 195.00
1635.00 197.00
1815.00 221.00
1485.00 228.00
1487.00 269.00
1688.00 272.00
1568.00 276.00
1642.00 285.00
1824.00 298.00
1865.00 303.00
1933.00 309.00
1464.00 326.00
1531.00 330.00
1646.00 335.00
1572.00 337.00
2080.00 345.00
1166.00 364.00
1762.00 364.00
1444.00 369.00
1400.00 375.00
1831.00 379.00
1540.00 384.00
1586.00 384.00
946.00 389.00
1734.00 406.00
1842.00 421.00
2109.00 422.00
1446.00 428.00
2181.00 431.00
960.00 438.00
1760.00 455.00
1704.00 461.00
1839.00 462.00
2347.00 462.00
1938.00 471.00
1585.00 475.00
2409.00 477.00
2002.00 485.00
2278.00 488.00
1498.00 502.00
1851.00 503.00
1645.00 509.00
1776.00 518.00
1276.00 524.00
2359.00 528.00
1572.00 530.00
1983.00 534.00
2420.00 538.00
1450.00 543.00
1848.00 546.00
2212.00 546.00
1634.00 552.00
2128.00 554.00
1556.00 574.00
1932.00 576.00
2023.00 576.00
1251.00 586.00
2195.00 587.00
1400.00 592.00
1860.00 593.00
1782.00 599.00
1208.00 615.00
2386.00 615.00
1312.00 619.00
2137.00 623.00
1080.00 627.00
975.00 628.00
1666.00 632.00
1856.00 634.00
1554.00 641.00
1233.00 658.00
2321.00 663.00
1971.00 671.00
1629.00 673.00
1316.00 674.00
1447.00 680.00
1789.00 681.00
941.00 691.00
1572.00 691.00
1681.00 699.00
1722.00 701.00
1976.00 720.00
1517.00 721.00
1864.00 724.00
1346.00 732.00
1701.00 742.00
1568.00 746.00
919.00 752.00
1762.00 758.00
2189.00 758.00
1643.00 761.00
1890.00 772.00
1032.00 786.00
2236.00 786.00
1581.00 787.00
2010.00 788.00
1720.00 798.00
1765.00 808.00
1131.00 809.00
1311.00 809.00
1871.00 818.00
1247.00 820.00
1940.00 824.00
1189.00 830.00
1716.00 841.00
1622.00 843.00
919.00 848.00
1130.00 850.00
1354.00 850.00
1512.00 854.00
1802.00 855.00
1663.00 856.00
1172.00 876.00
1247.00 892.00
2439.00 893.00
1994.00 896.00
998.00 897.00
1598.00 903.00
1771.00 903.00
1548.00 906.00
917.00 907.00
1879.00 913.00
1669.00 917.00
1407.00 918.00
2120.00 920.00
1169.00 922.00
2167.00 925.00
1482.00 935.00
1933.00 936.00
1350.00 942.00
2236.00 946.00
968.00 951.00
1601.00 954.00
1422.00 959.00
1241.00 961.00
1124.00 971.00
1282.00 977.00
2051.00 977.00
1463.00 983.00
1892.00 983.00
2181.00 991.00
892.00 995.00
1058.00 1014.00
1116.00 1014.00
1536.00 1015.00
961.00 1018.00
1675.00 1021.00
1737.00 1023.00
1779.00 1025.00
2033.00 1026.00
1241.00 1032.00
1450.00 1034.00
1538.00 1057.00
1403.00 1058.00
948.00 1059.00
1985.00 1062.00
1853.00 1064.00
814.00 1071.00
1690.00 1073.00
1595.00 1076.00
1643.00 1085.00
1782.00 1088.00
1944.00 1093.00
1553.00 1098.00
931.00 1123.00
1630.00 1131.00
1073.00 1134.00
972.00 1145.00
1151.00 1148.00
1694.00 1148.00
1920.00 1149.00
804.00 1153.00
870.00 1154.00
2107.00 1161.00
1062.00 1181.00
1247.00 1203.00
1151.00 1209.00
1897.00 1213.00
1005.00 1222.00
1582.00 1225.00
1683.00 1236.00
2400.00 1256.00
1072.00 1261.00
1470.00 1264.00
1583.00 1271.00
1524.00 1278.00
1686.00 1286.00
1242.00 1292.00
908.00 1300.00
2124.00 1306.00
1793.00 1310.00
1116.00 1315.00
1285.00 1329.00
2344.00 1331.00
1242.00 1333.00
1701.00 1333.00
2292.00 1339.00
2143.00 1351.00
1653.00 1358.00
1359.00 1362.00
966.00 1367.00
1108.00 1368.00
1796.00 1374.00
1728.00 1376.00
2425.00 1376.00
2328.00 1380.00
1585.00 1381.00
2287.00 1382.00
2071.00 1387.00
1242.00 1389.00
1034.00 1397.00
1474.00 1407.00
1680.00 1407.00
952.00 1408.00
2181.00 1408.00
1527.00 1409.00
1631.00 1411.00
1831.00 1415.00
1908.00 1419.00
2279.00 1423.00
1762.00 1442.00
1150.00 1447.00
1003.00 1452.00
847.00 1465.00
1200.00 1466.00
1527.00 1468.00
1597.00 1468.00
2155.00 1473.00
2218.00 1473.00
2403.00 1478.00
952.00 1494.00
1243.00 1505.00
1150.00 1506.00
1002.00 1510.00
1835.00 1512.00
1707.00 1524.00
1304.00 1525.00
1457.00 1525.00
1912.00 1525.00
1538.00 1529.00
1405.00 1540.00
1108.00 1545.00
1595.00 1546.00
2224.00 1558.00
1046.00 1565.00
1458.00 1571.00
1332.00 1575.00
1845.00 1576.00
1150.00 1577.00
1518.00 1577.00
1804.00 1585.00
1709.00 1596.00
1561.00 1598.00
1753.00 1615.00
2274.00 1615.00
1407.00 1619.00
1462.00 1622.00
1513.00 1622.00
1990.00 1625.00
1150.00 1639.00
1560.00 1644.00
871.00 1649.00
1511.00 1667.00
2007.00 1684.00
1599.00 1693.00
1558.00 1695.00
1807.00 1695.00
1910.00 1697.00
1306.00 1703.00
1712.00 1704.00
1460.00 1705.00
2355.00 1712.00
2311.00 1720.00
1899.00 1744.00
1030.00 1751.00
1206.00 1768.00
1255.00 1768.00
1982.00 1778.00
1513.00 1832.00
2181.00 1854.00
1559.00 1862.00
1602.00 1896.00
2298.00 1899.00
1955.00 1920.00
1648.00 1930.00
1329.00 1968.00
