1504.00 351.00
1208.00 364.00
1264.00 367.00
961.00 400.00
535.00 408.00
855.00 412.00
903.00 412.00
1450.00 427.00
2015.00 428.00
1495.00 432.00
1934.00 432.00
1781.00 462.00
1561.00 468.00
2278.00 472.00
1448.00 473.00
1866.00 478.00
2019.00 478.00
936.00 479.00
1962.00 484.00
2064.00 494.00
1911.00 503.00
1744.00 523.00
863.00 528.00
604.00 535.00
2067.00 535.00
1191.00 538.00
1236.00 539.00
1064.00 544.00
1443.00 548.00
2176.00 561.00
1571.00 574.00
1953.00 576.00
1720.00 580.00
2025.00 581.00
2135.00 583.00
742.00 585.00
1791.00 585.00
556.00 587.00
2271.00 587.00
932.00 588.00
830.00 589.00
514.00 598.00
991.00 599.00
1117.00 600.00
887.00 607.00
1307.00 608.00
1561.00 620.00
1197.00 626.00
1249.00 626.00
1503.00 627.00
1379.00 640.00
1141.00 641.00
1075.00 650.00
1431.00 650.00
1757.00 665.00
1615.00 666.00
802.00 669.00
927.00 671.00
752.00 675.00
1561.00 678.00
441.00 680.00
1350.00 682.00
2267.00 686.00
1070.00 692.00
1925.00 692.00
502.00 695.00
2196.00 697.00
1240.00 707.00
1121.00 712.00
2090.00 713.00
1184.00 716.00
915.00 717.00
1802.00 728.00
1289.00 731.00
2264.00 736.00
992.00 738.00
1433.00 738.00
2168.00 746.00
541.00 750.00
810.00 750.00
1533.00 751.00
1373.00 761.00
1724.00 773.00
1824.00 774.00
687.00 776.00
895.00 779.00
958.00 790.00
578.00 794.00
1000.00 795.00
1420.00 798.00
1273.00 802.00
492.00 807.00
2196.00 808.00
2276.00 808.00
1777.00 816.00
1928.00 818.00
1509.00 820.00
1824.00 821.00
1552.00 822.00
2050.00 822.00
2104.00 824.00
1600.00 836.00
776.00 847.00
831.00 847.00
574.00 849.00
2232.00 852.00
723.00 855.00
2158.00 866.00
2106.00 868.00
473.00 872.00
1492.00 874.00
1707.00 874.00
1542.00 876.00
1811.00 879.00
1167.00 880.00
1759.00 881.00
1898.00 881.00
2232.00 903.00
2001.00 912.00
582.00 915.00
481.00 919.00
2110.00 921.00
406.00 922.00
1136.00 922.00
1901.00 923.00
783.00 927.00
665.00 943.00
1596.00 944.00
1544.00 945.00
1232.00 946.00
1651.00 947.00
1387.00 949.00
1943.00 951.00
2222.00 951.00
955.00 952.00
1703.00 956.00
900.00 964.00
1107.00 969.00
1279.00 971.00
768.00 974.00
2003.00 983.00
1442.00 986.00
1043.00 988.00
1846.00 991.00
1400.00 992.00
1557.00 994.00
2184.00 996.00
1188.00 1004.00
826.00 1007.00
1231.00 1007.00
634.00 1014.00
688.00 1015.00
1510.00 1015.00
1927.00 1017.00
1331.00 1027.00
1785.00 1030.00
1119.00 1032.00
1279.00 1034.00
1735.00 1037.00
2002.00 1037.00
1021.00 1045.00
1074.00 1045.00
2168.00 1067.00
1518.00 1071.00
1150.00 1078.00
1825.00 1078.00
1912.00 1079.00
974.00 1086.00
723.00 1099.00
1040.00 1100.00
1686.00 1103.00
918.00 1104.00
800.00 1106.00
1092.00 1113.00
1343.00 1114.00
864.00 1115.00
2216.00 1115.00
1644.00 1119.00
1971.00 1126.00
1791.00 1127.00
798.00 1152.00
975.00 1153.00
1022.00 1154.00
1346.00 1158.00
1692.00 1158.00
879.00 1159.00
1829.00 1172.00
1077.00 1176.00
1870.00 1176.00
1623.00 1179.00
1009.00 1195.00
1919.00 1197.00
1712.00 1200.00
830.00 1208.00
1874.00 1224.00
1339.00 1228.00
1106.00 1244.00
1738.00 1260.00
1155.00 1265.00
1936.00 1266.00
1338.00 1283.00
2117.00 1287.00
2178.00 1290.00
1824.00 1299.00
1653.00 1313.00
1329.00 1337.00
2080.00 1352.00
1274.00 1354.00
1076.00 1360.00
1202.00 1378.00
1124.00 1382.00
1554.00 1386.00
1602.00 1391.00
1865.00 1391.00
561.00 1396.00
697.00 1400.00
1930.00 1400.00
2168.00 1407.00
1687.00 1409.00
924.00 1430.00
1619.00 1436.00
819.00 1459.00
1842.00 1462.00
1716.00 1466.00
1246.00 1473.00
2007.00 1474.00
499.00 1478.00
1934.00 1479.00
2070.00 1482.00
440.00 1490.00
1674.00 1498.00
1568.00 1502.00
818.00 1509.00
1846.00 1513.00
1263.00 1518.00
949.00 1519.00
1311.00 1519.00
655.00 1521.00
2019.00 1521.00
1621.00 1523.00
870.00 1527.00
1959.00 1556.00
551.00 1558.00
1843.00 1561.00
713.00 1565.00
2199.00 1567.00
496.00 1578.00
1908.00 1581.00
1559.00 1583.00
1718.00 1588.00
2007.00 1596.00
2076.00 1598.00
435.00 1601.00
1850.00 1614.00
1937.00 1631.00
1557.00 1648.00
548.00 1649.00
900.00 1653.00
1071.00 1657.00
838.00 1671.00
2219.00 1671.00
2137.00 1678.00
2025.00 1679.00
1616.00 1687.00
1907.00 1688.00
1294.00 1696.00
1850.00 1698.00
511.00 1702.00
1071.00 1702.00
432.00 1711.00
2081.00 1712.00
1363.00 1720.00
2167.00 1721.00
1672.00 1731.00
424.00 1756.00
1576.00 1758.00
535.00 1762.00
805.00 1764.00
752.00 1765.00
1840.00 1769.00
1151.00 1786.00
1109.00 1787.00
