212.00 65.00
1365.00 155.00
271.00 215.00
970.00 217.00
1196.00 260.00
1016.00 265.00
1013.00 323.00
964.00 354.00
625.00 384.00
549.00 405.00
759.00 511.00
426.00 535.00
327.00 546.00
1413.00 563.00
1191.00 584.00
740.00 601.00
795.00 606.00
15.00 616.00
182.00 644.00
128.00 658.00
543.00 721.00
247.00 730.00
167.00 749.00
343.00 754.00
536.00 773.00
263.00 786.00
221.00 789.00
407.00 789.00
45.00 795.00
144.00 802.00
313.00 803.00
461.00 820.00
1042.00 820.00
503.00 835.00
544.00 841.00
326.00 854.00
54.00 861.00
424.00 912.00
468.00 936.00
204.00 944.00
512.00 953.00
355.00 962.00
529.00 994.00
474.00 1019.00
388.00 1082.00
267.00 1083.00
295.00 1178.00
368.00 1229.00
342.00 1613.00
394.00 1643.00
488.00 1649.00
174.00 1662.00
262.00 1746.00
298.00 1862.00
222.00 1903.00
358.00 1936.00
1047.00 1999.00
