1314.00 36.00
1253.00 63.00
875.00 87.00
1331.00 94.00
615.00 152.00
795.00 173.00
1290.00 194.00
841.00 203.00
162.00 209.00
569.00 209.00
657.00 209.00
527.00 224.00
613.00 229.00
311.00 243.00
231.00 247.00
167.00 250.00
840.00 281.00
457.00 283.00
718.00 284.00
200.00 295.00
150.00 305.00
802.00 335.00
741.00 348.00
489.00 350.00
990.00 353.00
187.00 364.00
442.00 373.00
43.00 377.00
351.00 399.00
742.00 405.00
218.00 407.00
296.00 424.00
1296.00 431.00
1336.00 474.00
738.00 480.00
182.00 516.00
247.00 517.00
734.00 543.00
901.00 552.00
635.00 560.00
1081.00 560.00
200.00 567.00
319.00 575.00
561.00 576.00
620.00 610.00
696.00 612.00
813.00 618.00
176.00 621.00
772.00 633.00
1322.00 639.00
904.00 653.00
955.00 663.00
861.00 672.00
761.00 683.00
149.00 696.00
368.00 709.00
218.00 712.00
325.00 716.00
824.00 716.00
24.00 727.00
72.00 751.00
731.00 769.00
1027.00 773.00
978.00 774.00
525.00 782.00
636.00 805.00
719.00 813.00
1026.00 821.00
379.00 835.00
413.00 904.00
366.00 920.00
817.00 950.00
659.00 961.00
434.00 969.00
497.00 971.00
503.00 1012.00
987.00 1040.00
353.00 1049.00
460.00 1057.00
502.00 1070.00
348.00 1265.00
460.00 1316.00
529.00 1350.00
452.00 1363.00
480.00 1416.00
293.00 1451.00
443.00 1496.00
574.00 1497.00
306.00 1534.00
435.00 1566.00
415.00 1616.00
268.00 1653.00
374.00 1655.00
515.00 1668.00
74.00 1671.00
591.00 1673.00
735.00 1733.00
632.00 1742.00
344.00 1763.00
214.00 1784.00
1032.00 1790.00
416.00 1791.00
466.00 1794.00
255.00 1803.00
301.00 1809.00
209.00 1825.00
529.00 1871.00
404.00 1880.00
190.00 1910.00
393.00 1939.00
475.00 1942.00
540.00 1948.00
198.00 1985.00
393.00 1989.00
102.00 2022.00
