350.00 8.00
2172.00 189.00
2052.00 222.00
2194.00 278.00
2125.00 300.00
2130.00 341.00
1967.00 346.00
1689.00 358.00
2008.00 359.00
615.00 376.00
1875.00 383.00
1186.00 385.00
1739.00 393.00
1998.00 421.00
893.00 475.00
1319.00 490.00
1531.00 492.00
1575.00 508.00
2208.00 541.00
1888.00 544.00
1416.00 551.00
1892.00 606.00
1783.00 640.00
1568.00 646.00
1159.00 669.00
1239.00 684.00
1553.00 704.00
1905.00 715.00
879.00 722.00
1480.00 726.00
921.00 744.00
1637.00 751.00
1385.00 757.00
1906.00 762.00
1825.00 768.00
1704.00 778.00
1565.00 783.00
1079.00 788.00
1752.00 796.00
2022.00 807.00
1164.00 809.00
2085.00 810.00
1979.00 831.00
1858.00 838.00
1241.00 839.00
1383.00 850.00
1559.00 852.00
1022.00 853.00
1320.00 861.00
1916.00 862.00
919.00 871.00
1484.00 872.00
721.00 888.00
1387.00 896.00
1750.00 897.00
765.00 899.00
1922.00 904.00
1640.00 906.00
1804.00 907.00
1595.00 912.00
1075.00 923.00
974.00 927.00
1119.00 929.00
2048.00 934.00
1544.00 935.00
746.00 944.00
1462.00 947.00
1596.00 953.00
1951.00 965.00
953.00 978.00
2083.00 984.00
689.00 1006.00
1655.00 1007.00
1565.00 1031.00
1409.00 1053.00
1491.00 1053.00
1736.00 1055.00
852.00 1062.00
680.00 1069.00
2056.00 1079.00
1931.00 1084.00
1814.00 1089.00
1999.00 1090.00
1136.00 1108.00
1543.00 1108.00
1263.00 1109.00
1590.00 1113.00
1738.00 1117.00
1474.00 1122.00
1640.00 1122.00
926.00 1135.00
1588.00 1154.00
1935.00 1157.00
1354.00 1158.00
1875.00 1160.00
1536.00 1161.00
1414.00 1168.00
1705.00 1171.00
2114.00 1180.00
1492.00 1181.00
1586.00 1198.00
2070.00 1198.00
1241.00 1209.00
1046.00 1211.00
1651.00 1213.00
1896.00 1213.00
1358.00 1227.00
1000.00 1237.00
1526.00 1238.00
1433.00 1240.00
1697.00 1251.00
1650.00 1254.00
1861.00 1255.00
1798.00 1257.00
2167.00 1267.00
1045.00 1276.00
1482.00 1283.00
998.00 1288.00
1146.00 1291.00
1832.00 1307.00
1961.00 1310.00
1308.00 1324.00
1764.00 1324.00
1571.00 1335.00
1438.00 1337.00
1148.00 1345.00
2122.00 1355.00
2007.00 1367.00
1200.00 1372.00
1479.00 1375.00
1368.00 1378.00
1425.00 1378.00
1589.00 1380.00
1664.00 1413.00
1948.00 1417.00
1593.00 1428.00
1495.00 1436.00
1431.00 1456.00
1200.00 1461.00
919.00 1469.00
962.00 1469.00
1782.00 1471.00
1591.00 1474.00
1497.00 1480.00
1069.00 1502.00
1456.00 1504.00
1660.00 1515.00
1576.00 1516.00
1740.00 1522.00
1828.00 1529.00
1505.00 1536.00
1399.00 1559.00
1611.00 1560.00
1660.00 1569.00
1737.00 1577.00
1271.00 1581.00
2087.00 1581.00
1954.00 1593.00
1896.00 1594.00
1610.00 1602.00
1568.00 1607.00
800.00 1610.00
706.00 1620.00
849.00 1624.00
1167.00 1639.00
890.00 1643.00
2069.00 1653.00
1680.00 1661.00
1796.00 1681.00
1748.00 1691.00
2034.00 1694.00
1552.00 1718.00
1954.00 1820.00
