1791.00 106.00
1242.00 205.00
1823.00 223.00
1342.00 234.00
2436.00 286.00
2432.00 342.00
2493.00 343.00
1385.00 382.00
2479.00 384.00
1250.00 404.00
1550.00 409.00
1767.00 445.00
1457.00 447.00
1235.00 456.00
1507.00 456.00
1952.00 461.00
1861.00 463.00
1592.00 469.00
2468.00 469.00
1644.00 476.00
1736.00 492.00
1798.00 501.00
1420.00 505.00
1356.00 507.00
2098.00 507.00
1528.00 510.00
1864.00 512.00
1685.00 513.00
2263.00 521.00
1569.00 527.00
1944.00 527.00
2064.00 548.00
2540.00 548.00
1449.00 549.00
2344.00 554.00
1664.00 555.00
2128.00 556.00
1323.00 560.00
2007.00 566.00
2204.00 573.00
1904.00 576.00
2469.00 578.00
2255.00 582.00
1594.00 586.00
2296.00 589.00
1786.00 593.00
2548.00 593.00
2057.00 594.00
1863.00 597.00
2347.00 598.00
2108.00 600.00
1288.00 605.00
1345.00 606.00
1739.00 608.00
2151.00 608.00
1976.00 611.00
2192.00 616.00
1935.00 617.00
2272.00 631.00
1590.00 632.00
1817.00 646.00
1127.00 654.00
2144.00 656.00
1310.00 659.00
2199.00 664.00
2015.00 670.00
2061.00 677.00
2279.00 679.00
1968.00 680.00
2391.00 696.00
2122.00 703.00
2164.00 709.00
1126.00 710.00
2554.00 710.00
1236.00 715.00
2218.00 717.00
1370.00 718.00
1291.00 726.00
2297.00 726.00
2468.00 736.00
2399.00 742.00
1976.00 744.00
1177.00 749.00
2024.00 751.00
2112.00 751.00
2342.00 777.00
2214.00 783.00
1891.00 785.00
1840.00 791.00
1560.00 799.00
1954.00 802.00
2258.00 822.00
1655.00 824.00
2350.00 838.00
1887.00 842.00
1943.00 844.00
1752.00 847.00
1602.00 855.00
2139.00 864.00
1701.00 865.00
1846.00 871.00
1785.00 888.00
1462.00 889.00
1908.00 895.00
2394.00 895.00
2186.00 903.00
2145.00 919.00
2298.00 930.00
1910.00 936.00
2352.00 943.00
1463.00 945.00
2219.00 952.00
1663.00 959.00
2429.00 960.00
2061.00 968.00
1569.00 982.00
1752.00 991.00
1377.00 1007.00
1423.00 1007.00
2018.00 1012.00
2386.00 1015.00
2534.00 1024.00
2282.00 1031.00
2453.00 1040.00
1529.00 1050.00
1293.00 1055.00
2497.00 1066.00
1882.00 1087.00
1987.00 1091.00
2384.00 1113.00
1380.00 1114.00
1311.00 1124.00
1696.00 1124.00
1923.00 1128.00
1637.00 1131.00
2038.00 1136.00
1801.00 1157.00
1514.00 1178.00
1867.00 1182.00
2177.00 1182.00
1717.00 1196.00
1668.00 1203.00
2348.00 1221.00
2009.00 1222.00
1472.00 1230.00
1761.00 1239.00
1867.00 1246.00
1664.00 1253.00
2261.00 1274.00
1661.00 1294.00
1612.00 1304.00
1791.00 1335.00
1953.00 1406.00
1652.00 1411.00
2376.00 1425.00
1947.00 1448.00
1717.00 1455.00
2249.00 1455.00
1386.00 1458.00
2519.00 1476.00
2230.00 1496.00
1761.00 1511.00
1279.00 1513.00
1569.00 1568.00
1506.00 1572.00
1963.00 1586.00
1375.00 1608.00
1570.00 1609.00
2027.00 1632.00
1966.00 1643.00
1871.00 1653.00
1799.00 1661.00
1597.00 1663.00
1389.00 1664.00
1722.00 1682.00
2508.00 1687.00
2031.00 1692.00
1968.00 1694.00
2034.00 1733.00
1634.00 1750.00
1972.00 1775.00
1780.00 1805.00
2071.00 1857.00
2258.00 1883.00
2181.00 1884.00
2209.00 2005.00
