2456.00 63.00
818.00 110.00
1815.00 123.00
1019.00 160.00
1947.00 178.00
2416.00 221.00
1273.00 240.00
633.00 271.00
1419.00 330.00
1348.00 331.00
1463.00 343.00
1570.00 375.00
2303.00 389.00
1095.00 426.00
1661.00 468.00
2151.00 471.00
1839.00 486.00
549.00 513.00
1936.00 520.00
1325.00 521.00
1891.00 525.00
1372.00 526.00
647.00 552.00
1984.00 563.00
1680.00 575.00
1901.00 580.00
884.00 591.00
1589.00 603.00
957.00 615.00
2060.00 616.00
841.00 643.00
784.00 647.00
1096.00 655.00
1137.00 658.00
1738.00 658.00
1034.00 660.00
2083.00 670.00
1954.00 685.00
753.00 692.00
1046.00 701.00
1087.00 710.00
1328.00 716.00
891.00 720.00
969.00 728.00
679.00 759.00
1199.00 761.00
753.00 773.00
1150.00 777.00
863.00 792.00
1657.00 802.00
1198.00 810.00
2170.00 843.00
960.00 846.00
1834.00 855.00
1561.00 868.00
1703.00 868.00
1264.00 872.00
611.00 878.00
2241.00 880.00
766.00 888.00
1961.00 888.00
1415.00 898.00
960.00 901.00
1797.00 902.00
2033.00 904.00
1456.00 907.00
1039.00 910.00
1520.00 916.00
1095.00 918.00
1147.00 926.00
1561.00 927.00
957.00 943.00
1659.00 950.00
1799.00 951.00
1007.00 952.00
1208.00 957.00
1712.00 957.00
580.00 1007.00
1513.00 1011.00
1874.00 1013.00
1993.00 1013.00
1219.00 1017.00
1571.00 1023.00
2223.00 1023.00
1804.00 1044.00
933.00 1047.00
1238.00 1060.00
1699.00 1069.00
1351.00 1074.00
1033.00 1081.00
1742.00 1088.00
1426.00 1092.00
894.00 1095.00
1255.00 1103.00
1166.00 1115.00
1373.00 1115.00
1517.00 1120.00
1744.00 1131.00
2196.00 1142.00
1247.00 1157.00
951.00 1168.00
1465.00 1180.00
1024.00 1188.00
995.00 1264.00
1654.00 1276.00
1661.00 1341.00
849.00 1343.00
781.00 1370.00
1835.00 1372.00
1209.00 1391.00
1036.00 1409.00
848.00 1415.00
1821.00 1425.00
1292.00 1438.00
1489.00 1454.00
725.00 1462.00
1001.00 1471.00
1048.00 1480.00
1754.00 1484.00
1831.00 1495.00
977.00 1512.00
1631.00 1528.00
1034.00 1530.00
1365.00 1535.00
1450.00 1535.00
1699.00 1558.00
1520.00 1567.00
1112.00 1587.00
1525.00 1621.00
1031.00 1645.00
996.00 1805.00
1197.00 1839.00
1527.00 1932.00
