1138.00 29.00
223.00 128.00
339.00 130.00
284.00 133.00
388.00 202.00
283.00 203.00
1127.00 223.00
760.00 260.00
643.00 262.00
384.00 263.00
277.00 322.00
637.00 323.00
736.00 323.00
758.00 374.00
551.00 385.00
610.00 399.00
796.00 441.00
845.00 456.00
595.00 486.00
795.00 488.00
631.00 527.00
790.00 542.00
448.00 543.00
530.00 543.00
569.00 604.00
736.00 615.00
864.00 636.00
512.00 642.00
599.00 653.00
1111.00 674.00
1170.00 676.00
422.00 678.00
875.00 678.00
924.00 682.00
294.00 685.00
481.00 696.00
646.00 701.00
423.00 719.00
696.00 728.00
792.00 742.00
655.00 743.00
502.00 746.00
1143.00 747.00
745.00 756.00
565.00 763.00
611.00 779.00
787.00 787.00
524.00 791.00
981.00 794.00
721.00 800.00
904.00 816.00
669.00 822.00
1149.00 840.00
988.00 843.00
918.00 867.00
491.00 872.00
781.00 880.00
1004.00 890.00
963.00 891.00
831.00 902.00
487.00 921.00
853.00 952.00
554.00 957.00
234.00 987.00
552.00 1001.00
1081.00 1019.00
799.00 1060.00
653.00 1063.00
921.00 1065.00
607.00 1079.00
679.00 1112.00
657.00 1247.00
958.00 1253.00
932.00 1320.00
514.00 1375.00
630.00 1396.00
677.00 1400.00
719.00 1522.00
671.00 1536.00
627.00 1537.00
572.00 1552.00
938.00 1575.00
670.00 1600.00
611.00 1617.00
554.00 1630.00
669.00 1641.00
422.00 1711.00
464.00 1711.00
505.00 1712.00
712.00 1713.00
620.00 1789.00
662.00 1789.00
840.00 1799.00
456.00 1800.00
339.00 1834.00
932.00 1838.00
991.00 1838.00
543.00 1839.00
1007.00 1919.00
593.00 1933.00
528.00 1969.00
328.00 1979.00
460.00 2006.00
