276.00 192.00
268.00 240.00
402.00 270.00
289.00 296.00
1014.00 321.00
579.00 325.00
250.00 348.00
1055.00 349.00
292.00 365.00
734.00 384.00
527.00 388.00
1033.00 422.00
521.00 431.00
386.00 450.00
235.00 458.00
712.00 487.00
245.00 499.00
589.00 501.00
631.00 514.00
520.00 528.00
1182.00 529.00
1122.00 532.00
912.00 535.00
346.00 551.00
249.00 552.00
399.00 557.00
527.00 578.00
486.00 585.00
702.00 589.00
389.00 604.00
613.00 607.00
430.00 609.00
348.00 619.00
704.00 631.00
837.00 640.00
553.00 671.00
635.00 672.00
882.00 682.00
459.00 694.00
694.00 706.00
586.00 715.00
647.00 716.00
281.00 728.00
924.00 747.00
691.00 762.00
201.00 784.00
311.00 789.00
393.00 794.00
743.00 798.00
875.00 800.00
571.00 801.00
1173.00 814.00
494.00 817.00
826.00 821.00
688.00 824.00
342.00 838.00
383.00 841.00
1026.00 863.00
252.00 865.00
1179.00 867.00
871.00 879.00
824.00 881.00
445.00 896.00
298.00 907.00
984.00 910.00
172.00 913.00
633.00 919.00
1089.00 947.00
403.00 950.00
582.00 950.00
819.00 950.00
311.00 959.00
678.00 967.00
1045.00 970.00
112.00 972.00
626.00 992.00
817.00 992.00
745.00 993.00
1087.00 1005.00
313.00 1008.00
271.00 1010.00
1128.00 1024.00
676.00 1029.00
999.00 1046.00
1087.00 1053.00
318.00 1059.00
940.00 1062.00
605.00 1067.00
1042.00 1068.00
799.00 1072.00
255.00 1075.00
165.00 1085.00
744.00 1104.00
1135.00 1112.00
672.00 1113.00
1063.00 1119.00
421.00 1120.00
1016.00 1121.00
75.00 1131.00
727.00 1158.00
196.00 1167.00
682.00 1170.00
808.00 1170.00
1086.00 1171.00
1039.00 1181.00
428.00 1197.00
850.00 1205.00
482.00 1208.00
278.00 1218.00
607.00 1235.00
395.00 1238.00
347.00 1239.00
504.00 1256.00
701.00 1272.00
653.00 1273.00
133.00 1286.00
258.00 1297.00
376.00 1307.00
572.00 1311.00
499.00 1312.00
127.00 1330.00
247.00 1349.00
740.00 1352.00
552.00 1362.00
123.00 1375.00
499.00 1379.00
1092.00 1386.00
895.00 1389.00
408.00 1390.00
732.00 1396.00
791.00 1397.00
301.00 1415.00
119.00 1420.00
211.00 1423.00
257.00 1423.00
380.00 1434.00
928.00 1436.00
166.00 1437.00
764.00 1439.00
983.00 1439.00
1135.00 1454.00
912.00 1477.00
200.00 1479.00
552.00 1485.00
737.00 1493.00
605.00 1496.00
791.00 1496.00
484.00 1505.00
237.00 1535.00
294.00 1538.00
716.00 1538.00
542.00 1545.00
816.00 1566.00
9.00 1573.00
608.00 1576.00
872.00 1578.00
715.00 1583.00
762.00 1618.00
599.00 1626.00
271.00 1633.00
713.00 1638.00
41.00 1647.00
321.00 1670.00
505.00 1680.00
714.00 1688.00
811.00 1693.00
647.00 1703.00
950.00 1705.00
584.00 1724.00
295.00 1729.00
87.00 1759.00
984.00 1768.00
621.00 1791.00
342.00 1828.00
536.00 1831.00
589.00 1856.00
349.00 1900.00
526.00 1910.00
849.00 1939.00
474.00 1951.00
630.00 1963.00
