1143.00 304.00
1552.00 304.00
1440.00 327.00
1816.00 360.00
2028.00 361.00
1648.00 372.00
2286.00 373.00
1728.00 376.00
1360.00 384.00
2230.00 385.00
2032.00 405.00
1000.00 412.00
1640.00 417.00
1911.00 423.00
1823.00 424.00
1183.00 425.00
1567.00 431.00
1262.00 439.00
1384.00 454.00
1304.00 455.00
1624.00 461.00
865.00 470.00
824.00 472.00
1144.00 480.00
2372.00 499.00
2072.00 502.00
497.00 503.00
1958.00 511.00
2239.00 519.00
819.00 528.00
1278.00 534.00
2016.00 543.00
1055.00 550.00
1784.00 551.00
1143.00 552.00
2177.00 555.00
993.00 583.00
1360.00 599.00
1462.00 606.00
1306.00 611.00
1099.00 620.00
979.00 628.00
2250.00 629.00
1878.00 636.00
1224.00 639.00
2144.00 639.00
1602.00 660.00
1359.00 663.00
2360.00 663.00
2411.00 664.00
2061.00 671.00
2198.00 671.00
1864.00 677.00
1141.00 680.00
1789.00 680.00
1024.00 690.00
731.00 704.00
1336.00 725.00
1192.00 728.00
1832.00 728.00
2240.00 728.00
1679.00 733.00
1555.00 736.00
1071.00 737.00
1482.00 738.00
1903.00 743.00
807.00 752.00
924.00 762.00
1239.00 768.00
2262.00 773.00
2007.00 775.00
1528.00 782.00
2205.00 782.00
1966.00 783.00
1570.00 785.00
874.00 787.00
1917.00 788.00
2356.00 789.00
1447.00 792.00
2074.00 793.00
1050.00 799.00
607.00 815.00
1653.00 822.00
954.00 825.00
1374.00 826.00
1221.00 831.00
830.00 847.00
1007.00 847.00
758.00 848.00
620.00 858.00
579.00 859.00
507.00 868.00
2209.00 868.00
1637.00 869.00
2080.00 883.00
2255.00 885.00
1520.00 886.00
1855.00 889.00
2318.00 894.00
1010.00 895.00
1389.00 895.00
809.00 900.00
1220.00 916.00
703.00 918.00
1107.00 918.00
589.00 919.00
654.00 922.00
536.00 925.00
1565.00 928.00
1274.00 929.00
1016.00 937.00
1686.00 942.00
1381.00 945.00
2081.00 946.00
1612.00 948.00
1060.00 949.00
657.00 965.00
579.00 975.00
1688.00 983.00
1410.00 991.00
1104.00 997.00
724.00 1008.00
620.00 1011.00
1930.00 1022.00
1689.00 1025.00
1157.00 1034.00
1987.00 1046.00
1409.00 1053.00
514.00 1058.00
1070.00 1059.00
817.00 1065.00
664.00 1068.00
566.00 1069.00
1156.00 1091.00
2024.00 1097.00
1967.00 1098.00
1055.00 1128.00
925.00 1136.00
1958.00 1144.00
1306.00 1149.00
644.00 1157.00
1897.00 1158.00
1012.00 1160.00
1682.00 1162.00
772.00 1172.00
571.00 1188.00
1279.00 1193.00
1334.00 1193.00
1066.00 1196.00
1017.00 1223.00
1236.00 1224.00
1395.00 1246.00
1064.00 1251.00
829.00 1253.00
2024.00 1268.00
1295.00 1269.00
783.00 1288.00
1010.00 1294.00
1076.00 1295.00
1295.00 1315.00
1686.00 1333.00
1272.00 1358.00
1354.00 1372.00
1429.00 1404.00
782.00 1416.00
1976.00 1435.00
1298.00 1468.00
557.00 1469.00
510.00 1471.00
1386.00 1473.00
1245.00 1503.00
1318.00 1513.00
883.00 1520.00
592.00 1531.00
1198.00 1535.00
882.00 1563.00
1139.00 1565.00
968.00 1566.00
1066.00 1568.00
1375.00 1569.00
1184.00 1602.00
1238.00 1602.00
1312.00 1612.00
1514.00 1612.00
696.00 1616.00
1004.00 1620.00
1065.00 1621.00
1138.00 1623.00
1282.00 1660.00
1335.00 1661.00
1430.00 1670.00
937.00 1678.00
881.00 1697.00
1335.00 1703.00
695.00 1742.00
880.00 1748.00
932.00 1809.00
