2143.00 120.00
1038.00 334.00
2166.00 345.00
727.00 352.00
782.00 369.00
895.00 383.00
1007.00 395.00
1049.00 398.00
1163.00 425.00
1207.00 448.00
1278.00 448.00
696.00 456.00
745.00 463.00
1463.00 473.00
1167.00 495.00
871.00 511.00
1625.00 513.00
1288.00 521.00
1246.00 535.00
1488.00 535.00
1847.00 551.00
1439.00 552.00
1692.00 561.00
1615.00 567.00
943.00 575.00
511.00 577.00
985.00 583.00
1995.00 589.00
1397.00 592.00
1900.00 603.00
1064.00 624.00
1111.00 624.00
1325.00 626.00
2161.00 628.00
542.00 629.00
1713.00 632.00
625.00 636.00
1787.00 636.00
953.00 646.00
688.00 648.00
761.00 650.00
1876.00 650.00
1967.00 652.00
1600.00 657.00
1557.00 663.00
1474.00 664.00
1055.00 678.00
1673.00 683.00
2185.00 694.00
1132.00 695.00
1826.00 705.00
2138.00 707.00
1253.00 710.00
2007.00 711.00
2087.00 711.00
1310.00 719.00
1379.00 726.00
1956.00 728.00
1483.00 730.00
1566.00 731.00
1427.00 736.00
1034.00 741.00
1087.00 757.00
2144.00 767.00
2197.00 769.00
1857.00 771.00
1633.00 774.00
1511.00 776.00
1868.00 812.00
2088.00 816.00
2039.00 820.00
1084.00 834.00
2171.00 835.00
1153.00 838.00
1943.00 840.00
1242.00 847.00
1143.00 888.00
1013.00 908.00
1384.00 908.00
1320.00 913.00
877.00 936.00
1079.00 937.00
1171.00 954.00
942.00 958.00
1321.00 962.00
1321.00 1010.00
1368.00 1017.00
1244.00 1019.00
1410.00 1057.00
1322.00 1064.00
