2369.00 51.00
1641.00 222.00
1501.00 234.00
2135.00 259.00
2235.00 268.00
1645.00 270.00
2579.00 336.00
2000.00 405.00
2152.00 415.00
1280.00 418.00
2479.00 438.00
1432.00 441.00
1797.00 487.00
2184.00 488.00
1416.00 490.00
1527.00 492.00
1714.00 567.00
1390.00 570.00
2224.00 591.00
1452.00 594.00
1669.00 613.00
1808.00 615.00
1600.00 622.00
1367.00 641.00
2159.00 649.00
1811.00 664.00
2307.00 669.00
2041.00 672.00
1673.00 673.00
2200.00 681.00
2266.00 687.00
1724.00 693.00
2377.00 712.00
2058.00 717.00
1561.00 724.00
1800.00 727.00
1313.00 730.00
1497.00 730.00
2531.00 730.00
1753.00 744.00
2287.00 748.00
1672.00 757.00
1626.00 765.00
1821.00 781.00
1714.00 792.00
1511.00 799.00
2553.00 801.00
1671.00 807.00
2504.00 808.00
2462.00 816.00
1824.00 824.00
1781.00 832.00
2406.00 832.00
1728.00 843.00
1366.00 846.00
1609.00 856.00
2472.00 863.00
1562.00 878.00
1287.00 887.00
1828.00 888.00
1484.00 894.00
2539.00 897.00
2408.00 900.00
2471.00 904.00
1330.00 915.00
1767.00 919.00
1650.00 936.00
1269.00 943.00
1505.00 950.00
1559.00 951.00
1464.00 977.00
1354.00 987.00
1614.00 991.00
2406.00 1000.00
1785.00 1001.00
1283.00 1003.00
2363.00 1003.00
1738.00 1006.00
1235.00 1041.00
2471.00 1051.00
1840.00 1059.00
2003.00 1077.00
1761.00 1078.00
1617.00 1081.00
2373.00 1087.00
1884.00 1092.00
1282.00 1107.00
1228.00 1109.00
2048.00 1113.00
2574.00 1126.00
2478.00 1135.00
1489.00 1141.00
1335.00 1154.00
1935.00 1155.00
2011.00 1155.00
2066.00 1156.00
1741.00 1164.00
2214.00 1166.00
2553.00 1167.00
1427.00 1169.00
1621.00 1180.00
2284.00 1182.00
2489.00 1190.00
2008.00 1196.00
2429.00 1197.00
1803.00 1202.00
1526.00 1203.00
1736.00 1207.00
2061.00 1207.00
2310.00 1223.00
2177.00 1227.00
1653.00 1234.00
2366.00 1244.00
1920.00 1249.00
2076.00 1252.00
2455.00 1255.00
1563.00 1271.00
1775.00 1271.00
1415.00 1278.00
2316.00 1292.00
1536.00 1312.00
1581.00 1316.00
1631.00 1316.00
1672.00 1333.00
1990.00 1336.00
1734.00 1341.00
2319.00 1351.00
2575.00 1366.00
2175.00 1398.00
2486.00 1408.00
2400.00 1411.00
1533.00 1417.00
1762.00 1433.00
2200.00 1446.00
1607.00 1471.00
2351.00 1471.00
2277.00 1474.00
1546.00 1476.00
1897.00 1482.00
1727.00 1499.00
2336.00 1528.00
1499.00 1561.00
1794.00 1561.00
1347.00 1568.00
2310.00 1569.00
1590.00 1571.00
2159.00 1575.00
2205.00 1575.00
1407.00 1581.00
1542.00 1586.00
1651.00 1590.00
2503.00 1608.00
1648.00 1632.00
1855.00 1656.00
1744.00 1663.00
2161.00 1671.00
1807.00 1674.00
1639.00 1676.00
2288.00 1695.00
1389.00 1711.00
2224.00 1711.00
1895.00 1720.00
2049.00 1722.00
2423.00 1727.00
2335.00 1732.00
1606.00 1744.00
1952.00 1750.00
2279.00 1759.00
1778.00 1771.00
2400.00 1775.00
2211.00 1777.00
2062.00 1806.00
2127.00 1814.00
1594.00 1862.00
1362.00 1881.00
