484.00 14.00
1729.00 21.00
784.00 28.00
1714.00 82.00
1671.00 92.00
663.00 119.00
592.00 127.00
970.00 141.00
1738.00 187.00
1858.00 202.00
1978.00 207.00
1468.00 228.00
712.00 254.00
1388.00 263.00
2014.00 289.00
452.00 291.00
758.00 299.00
983.00 304.00
641.00 308.00
1070.00 326.00
571.00 333.00
2000.00 375.00
211.00 383.00
1064.00 390.00
1720.00 392.00
1802.00 414.00
1167.00 415.00
1622.00 431.00
1209.00 432.00
1080.00 442.00
1261.00 455.00
500.00 506.00
1000.00 512.00
1147.00 535.00
206.00 547.00
1815.00 552.00
734.00 579.00
1328.00 597.00
1968.00 601.00
1284.00 618.00
1014.00 619.00
2210.00 693.00
494.00 696.00
288.00 702.00
1735.00 708.00
736.00 715.00
1574.00 745.00
665.00 784.00
718.00 810.00
661.00 843.00
965.00 854.00
329.00 871.00
1178.00 938.00
1229.00 982.00
1395.00 1002.00
1214.00 1058.00
213.00 1067.00
1159.00 1074.00
1347.00 1108.00
1297.00 1110.00
971.00 1114.00
216.00 1160.00
1166.00 1180.00
370.00 1213.00
159.00 1255.00
563.00 1257.00
1121.00 1277.00
1728.00 1315.00
558.00 1400.00
1100.00 1402.00
517.00 1442.00
1120.00 1444.00
1699.00 1481.00
1150.00 1490.00
1220.00 1586.00
920.00 1594.00
1156.00 1624.00
1152.00 1696.00
319.00 1783.00
1064.00 1806.00
185.00 1827.00
60.00 1865.00
887.00 2015.00
