1825.00 70.00
2043.00 76.00
1774.00 86.00
1907.00 97.00
1696.00 131.00
2056.00 172.00
1805.00 186.00
1696.00 208.00
2161.00 280.00
1952.00 285.00
1793.00 295.00
2326.00 296.00
1935.00 328.00
1638.00 340.00
1742.00 383.00
1599.00 399.00
1642.00 401.00
1776.00 425.00
2090.00 439.00
1646.00 454.00
1576.00 475.00
1950.00 481.00
2112.00 482.00
1909.00 487.00
1649.00 495.00
2530.00 506.00
1763.00 507.00
1400.00 518.00
2038.00 527.00
1923.00 542.00
2209.00 551.00
2313.00 554.00
1652.00 559.00
1986.00 567.00
2214.00 592.00
1680.00 604.00
1732.00 607.00
1624.00 624.00
1931.00 628.00
2200.00 641.00
1495.00 644.00
1752.00 651.00
1871.00 663.00
1462.00 710.00
1791.00 719.00
1911.00 727.00
2231.00 728.00
2174.00 730.00
1548.00 733.00
1483.00 756.00
1416.00 765.00
2128.00 770.00
1903.00 773.00
1549.00 778.00
1946.00 803.00
2200.00 816.00
2242.00 816.00
1551.00 821.00
2513.00 826.00
1816.00 831.00
2246.00 857.00
2191.00 868.00
2048.00 880.00
1822.00 886.00
2250.00 899.00
1684.00 931.00
2015.00 944.00
1974.00 951.00
1770.00 962.00
2408.00 964.00
1557.00 971.00
2146.00 976.00
2359.00 979.00
2552.00 983.00
1712.00 998.00
2261.00 1007.00
1797.00 1021.00
1879.00 1021.00
1979.00 1030.00
1456.00 1037.00
2054.00 1057.00
2209.00 1076.00
1817.00 1080.00
1926.00 1084.00
2116.00 1096.00
2310.00 1113.00
1727.00 1119.00
1521.00 1124.00
2503.00 1126.00
2559.00 1141.00
1988.00 1144.00
1917.00 1145.00
2377.00 1148.00
2431.00 1148.00
1767.00 1161.00
2030.00 1170.00
1561.00 1183.00
1886.00 1191.00
2022.00 1217.00
2482.00 1221.00
1681.00 1228.00
1880.00 1241.00
1839.00 1245.00
2126.00 1252.00
1729.00 1261.00
1993.00 1262.00
1616.00 1272.00
2221.00 1288.00
1949.00 1294.00
1809.00 1295.00
2350.00 1295.00
1889.00 1304.00
1711.00 1306.00
2116.00 1310.00
2000.00 1314.00
1530.00 1319.00
2289.00 1337.00
2353.00 1343.00
1786.00 1345.00
2003.00 1355.00
2175.00 1356.00
2081.00 1358.00
1931.00 1359.00
1684.00 1360.00
1832.00 1376.00
2245.00 1379.00
1524.00 1394.00
1880.00 1400.00
1565.00 1407.00
2005.00 1407.00
1685.00 1412.00
1941.00 1416.00
2085.00 1432.00
2545.00 1438.00
1616.00 1446.00
1727.00 1447.00
2009.00 1493.00
1479.00 1504.00
2080.00 1529.00
2394.00 1530.00
1990.00 1551.00
2255.00 1552.00
1618.00 1553.00
2188.00 1556.00
1494.00 1586.00
1689.00 1588.00
1991.00 1593.00
1805.00 1598.00
2366.00 1615.00
2453.00 1623.00
2551.00 1688.00
1796.00 1696.00
2195.00 1706.00
1997.00 1716.00
1951.00 1721.00
1480.00 1723.00
2432.00 1741.00
2232.00 1751.00
1823.00 1775.00
1618.00 1776.00
2449.00 1788.00
2043.00 1800.00
1968.00 1806.00
2364.00 1806.00
1660.00 1812.00
1598.00 1821.00
1521.00 1823.00
2522.00 1846.00
2063.00 1849.00
2202.00 1851.00
2159.00 1863.00
2435.00 1877.00
2387.00 1886.00
2008.00 1887.00
2110.00 1889.00
2064.00 1892.00
2563.00 1954.00
1919.00 1983.00
2038.00 1984.00
2272.00 1992.00
2496.00 2007.00
