750.00 14.00
899.00 93.00
1281.00 114.00
938.00 140.00
1013.00 144.00
651.00 151.00
1412.00 172.00
1356.00 177.00
1093.00 180.00
1304.00 186.00
1040.00 187.00
933.00 204.00
999.00 213.00
320.00 216.00
849.00 219.00
1450.00 231.00
745.00 237.00
640.00 256.00
1173.00 289.00
776.00 295.00
949.00 326.00
831.00 328.00
1172.00 335.00
629.00 342.00
414.00 368.00
507.00 371.00
720.00 376.00
1223.00 380.00
1278.00 384.00
622.00 394.00
1223.00 421.00
737.00 423.00
1271.00 427.00
128.00 429.00
856.00 448.00
255.00 456.00
1081.00 459.00
614.00 480.00
1009.00 502.00
912.00 503.00
1079.00 503.00
855.00 508.00
756.00 522.00
304.00 528.00
599.00 535.00
847.00 558.00
922.00 578.00
37.00 581.00
1364.00 595.00
1303.00 601.00
793.00 614.00
895.00 621.00
681.00 627.00
738.00 631.00
278.00 638.00
1352.00 656.00
417.00 663.00
1115.00 680.00
1074.00 682.00
939.00 695.00
1282.00 699.00
767.00 728.00
389.00 734.00
129.00 760.00
824.00 768.00
1406.00 777.00
1191.00 801.00
687.00 808.00
86.00 818.00
154.00 818.00
23.00 820.00
1586.00 842.00
1476.00 850.00
1429.00 851.00
1324.00 856.00
1159.00 864.00
1057.00 865.00
999.00 872.00
933.00 875.00
1276.00 898.00
1100.00 900.00
1328.00 901.00
1528.00 908.00
1411.00 913.00
930.00 926.00
887.00 938.00
1281.00 939.00
1473.00 966.00
1336.00 968.00
1034.00 978.00
1279.00 985.00
1233.00 1009.00
1411.00 1020.00
1032.00 1022.00
302.00 1025.00
1148.00 1042.00
1556.00 1055.00
1385.00 1062.00
1493.00 1066.00
1054.00 1071.00
1144.00 1090.00
984.00 1097.00
1357.00 1128.00
1415.00 1152.00
954.00 1160.00
824.00 1176.00
1548.00 1206.00
1294.00 1215.00
1373.00 1232.00
1419.00 1264.00
1299.00 1289.00
1547.00 1303.00
1384.00 1315.00
1340.00 1334.00
1407.00 1356.00
1130.00 1377.00
1342.00 1385.00
1392.00 1452.00
1519.00 1453.00
1278.00 1483.00
1132.00 1490.00
1008.00 1496.00
1374.00 1552.00
1278.00 1564.00
1328.00 1566.00
824.00 1616.00
1162.00 1659.00
303.00 1696.00
1076.00 1716.00
162.00 1731.00
208.00 1791.00
913.00 1799.00
527.00 1805.00
1047.00 1810.00
464.00 1830.00
784.00 1865.00
117.00 1872.00
