1296.00 187.00
370.00 199.00
281.00 209.00
521.00 268.00
416.00 298.00
1327.00 333.00
521.00 335.00
437.00 339.00
480.00 352.00
1303.00 461.00
532.00 488.00
585.00 552.00
1620.00 565.00
1506.00 576.00
928.00 588.00
1595.00 606.00
1306.00 632.00
681.00 647.00
731.00 652.00
394.00 662.00
296.00 702.00
816.00 705.00
188.00 728.00
736.00 730.00
1308.00 747.00
781.00 755.00
527.00 757.00
823.00 760.00
1579.00 774.00
581.00 816.00
177.00 825.00
1164.00 825.00
126.00 826.00
1309.00 827.00
959.00 832.00
855.00 833.00
1317.00 868.00
1557.00 878.00
915.00 896.00
511.00 902.00
552.00 903.00
454.00 911.00
1421.00 921.00
1048.00 922.00
957.00 941.00
508.00 963.00
735.00 973.00
1318.00 977.00
694.00 1076.00
317.00 1081.00
755.00 1097.00
1133.00 1102.00
697.00 1267.00
15.00 1377.00
216.00 1379.00
77.00 1391.00
202.00 1425.00
24.00 1430.00
129.00 1559.00
265.00 1573.00
305.00 1624.00
248.00 1647.00
350.00 1656.00
246.00 1702.00
398.00 1710.00
36.00 1730.00
170.00 1741.00
343.00 1745.00
262.00 1789.00
32.00 1796.00
527.00 1797.00
653.00 1805.00
363.00 1843.00
648.00 1861.00
320.00 1933.00
