2161.00 22.00
1191.00 27.00
2212.00 30.00
2450.00 127.00
2391.00 191.00
2250.00 235.00
2347.00 237.00
2479.00 241.00
2424.00 247.00
2476.00 288.00
847.00 304.00
2190.00 305.00
2493.00 336.00
869.00 350.00
2320.00 354.00
1949.00 366.00
2271.00 368.00
2375.00 368.00
2211.00 407.00
2495.00 408.00
2279.00 420.00
2091.00 449.00
2170.00 451.00
2214.00 463.00
1223.00 466.00
1264.00 467.00
856.00 471.00
2511.00 500.00
2552.00 500.00
941.00 503.00
2456.00 503.00
1247.00 514.00
2435.00 553.00
1823.00 567.00
1255.00 569.00
1484.00 576.00
1875.00 577.00
1775.00 599.00
2369.00 601.00
947.00 612.00
2556.00 614.00
2311.00 642.00
1449.00 643.00
815.00 655.00
1491.00 666.00
1404.00 667.00
2018.00 669.00
1164.00 670.00
1116.00 671.00
1967.00 687.00
1775.00 692.00
2340.00 701.00
1270.00 702.00
2575.00 702.00
865.00 709.00
2083.00 710.00
2386.00 719.00
2432.00 724.00
1077.00 742.00
1772.00 749.00
1468.00 750.00
1717.00 751.00
1407.00 754.00
910.00 756.00
2327.00 764.00
861.00 768.00
1533.00 772.00
1033.00 784.00
1726.00 792.00
1681.00 795.00
1274.00 799.00
1984.00 801.00
2061.00 802.00
1442.00 803.00
1616.00 813.00
2334.00 821.00
871.00 837.00
960.00 844.00
1721.00 848.00
2559.00 864.00
2500.00 868.00
1289.00 870.00
2406.00 898.00
1961.00 920.00
2339.00 932.00
854.00 934.00
1539.00 945.00
2404.00 949.00
1402.00 961.00
2514.00 967.00
898.00 978.00
2192.00 982.00
1470.00 993.00
1985.00 997.00
2519.00 1008.00
964.00 1009.00
1221.00 1033.00
1065.00 1035.00
1998.00 1062.00
2526.00 1063.00
1320.00 1069.00
902.00 1070.00
2470.00 1072.00
2405.00 1090.00
1409.00 1128.00
881.00 1139.00
2448.00 1140.00
2095.00 1151.00
1529.00 1152.00
1396.00 1169.00
2395.00 1169.00
2469.00 1187.00
2058.00 1202.00
2389.00 1222.00
1397.00 1239.00
1445.00 1246.00
2250.00 1284.00
1431.00 1287.00
2439.00 1331.00
2398.00 1332.00
1543.00 1337.00
2199.00 1380.00
2557.00 1417.00
1054.00 1456.00
1563.00 1481.00
2255.00 1560.00
2126.00 1606.00
1567.00 1607.00
2217.00 1622.00
900.00 1645.00
1736.00 1650.00
1801.00 1665.00
1828.00 1719.00
1523.00 1729.00
2095.00 1753.00
1655.00 1765.00
1505.00 1770.00
1464.00 1771.00
2113.00 1855.00
2147.00 1905.00
863.00 1934.00
1611.00 1937.00
1056.00 1938.00
1327.00 1941.00
2347.00 1960.00
1902.00 1997.00
