1094.00 16.00
696.00 32.00
374.00 339.00
209.00 354.00
1091.00 355.00
821.00 365.00
392.00 386.00
655.00 416.00
530.00 542.00
403.00 553.00
1106.00 554.00
890.00 560.00
180.00 563.00
1094.00 618.00
247.00 654.00
347.00 679.00
531.00 685.00
1126.00 685.00
938.00 691.00
631.00 692.00
416.00 717.00
1010.00 720.00
1215.00 723.00
1353.00 750.00
207.00 777.00
623.00 780.00
136.00 781.00
1124.00 781.00
954.00 784.00
461.00 787.00
56.00 788.00
1343.00 791.00
1405.00 799.00
896.00 800.00
1008.00 809.00
1050.00 809.00
321.00 810.00
394.00 810.00
1216.00 810.00
1265.00 811.00
223.00 828.00
176.00 832.00
1336.00 833.00
1122.00 849.00
698.00 856.00
295.00 858.00
992.00 860.00
19.00 863.00
310.00 904.00
564.00 913.00
352.00 914.00
399.00 915.00
1134.00 916.00
796.00 918.00
1379.00 942.00
517.00 951.00
455.00 964.00
871.00 968.00
1170.00 968.00
403.00 976.00
1361.00 983.00
695.00 994.00
620.00 999.00
504.00 1004.00
540.00 1051.00
472.00 1052.00
764.00 1062.00
422.00 1063.00
1217.00 1065.00
579.00 1135.00
376.00 1162.00
475.00 1296.00
233.00 1351.00
574.00 1407.00
429.00 1457.00
734.00 1509.00
571.00 1534.00
414.00 1540.00
808.00 1599.00
421.00 1610.00
891.00 1624.00
462.00 1627.00
956.00 1640.00
1041.00 1764.00
397.00 1790.00
925.00 1816.00
453.00 1829.00
882.00 1897.00
1405.00 1988.00
434.00 2018.00
