1330.00 33.00
1195.00 129.00
2379.00 220.00
2202.00 231.00
656.00 392.00
1300.00 408.00
2122.00 415.00
1628.00 430.00
2125.00 527.00
1490.00 531.00
2032.00 541.00
1947.00 554.00
1789.00 566.00
976.00 569.00
711.00 584.00
792.00 594.00
2088.00 601.00
1253.00 614.00
1698.00 628.00
1621.00 639.00
567.00 648.00
648.00 663.00
733.00 664.00
905.00 688.00
1509.00 689.00
969.00 696.00
1563.00 701.00
1297.00 747.00
1536.00 765.00
2046.00 772.00
865.00 779.00
1115.00 803.00
334.00 808.00
1188.00 816.00
1309.00 823.00
573.00 826.00
473.00 836.00
2013.00 836.00
888.00 842.00
836.00 848.00
425.00 849.00
520.00 857.00
947.00 857.00
1378.00 863.00
1130.00 864.00
1171.00 874.00
1231.00 882.00
895.00 884.00
418.00 903.00
1539.00 908.00
986.00 921.00
643.00 922.00
722.00 926.00
548.00 933.00
1914.00 945.00
1045.00 949.00
1432.00 952.00
1111.00 959.00
913.00 960.00
695.00 992.00
1434.00 996.00
409.00 1009.00
458.00 1012.00
901.00 1026.00
710.00 1041.00
763.00 1050.00
814.00 1069.00
1437.00 1085.00
753.00 1092.00
888.00 1094.00
685.00 1095.00
504.00 1163.00
547.00 1181.00
1326.00 1200.00
732.00 1203.00
875.00 1242.00
920.00 1242.00
693.00 1315.00
820.00 1331.00
775.00 1340.00
858.00 1396.00
