239.00 8.00
301.00 15.00
1439.00 15.00
1293.00 96.00
1102.00 106.00
1000.00 113.00
398.00 128.00
1543.00 136.00
1732.00 143.00
230.00 161.00
165.00 166.00
1685.00 167.00
282.00 173.00
1080.00 183.00
184.00 207.00
328.00 207.00
1734.00 234.00
233.00 251.00
993.00 260.00
293.00 275.00
250.00 304.00
1441.00 374.00
1179.00 375.00
413.00 409.00
361.00 415.00
1439.00 418.00
472.00 423.00
569.00 439.00
676.00 453.00
1448.00 463.00
1739.00 469.00
1631.00 474.00
1795.00 477.00
1331.00 482.00
453.00 493.00
411.00 507.00
764.00 513.00
1032.00 516.00
1776.00 525.00
671.00 540.00
1440.00 547.00
604.00 565.00
772.00 565.00
1756.00 569.00
1710.00 581.00
553.00 589.00
312.00 617.00
751.00 639.00
837.00 640.00
1223.00 643.00
1687.00 647.00
1275.00 648.00
1799.00 671.00
1439.00 684.00
225.00 695.00
1263.00 696.00
863.00 703.00
1679.00 703.00
1774.00 720.00
996.00 725.00
608.00 728.00
1446.00 734.00
654.00 740.00
1697.00 757.00
803.00 763.00
536.00 764.00
1648.00 767.00
954.00 776.00
1440.00 782.00
1049.00 799.00
1293.00 800.00
993.00 821.00
1636.00 821.00
564.00 824.00
645.00 827.00
933.00 836.00
869.00 853.00
1439.00 853.00
1654.00 871.00
1037.00 873.00
717.00 882.00
300.00 887.00
1766.00 890.00
375.00 896.00
1207.00 900.00
1702.00 905.00
1595.00 917.00
1531.00 920.00
1387.00 921.00
1327.00 922.00
1640.00 923.00
1771.00 935.00
1439.00 960.00
1248.00 962.00
1623.00 976.00
1488.00 979.00
1541.00 979.00
1395.00 981.00
1178.00 984.00
559.00 991.00
407.00 994.00
1436.00 1010.00
813.00 1026.00
1135.00 1026.00
1486.00 1041.00
1357.00 1043.00
690.00 1046.00
1201.00 1047.00
264.00 1064.00
1245.00 1064.00
1431.00 1065.00
1511.00 1089.00
1582.00 1105.00
1233.00 1108.00
1325.00 1119.00
115.00 1123.00
1452.00 1129.00
1375.00 1130.00
1665.00 1143.00
574.00 1145.00
1714.00 1166.00
1439.00 1170.00
1597.00 1190.00
1667.00 1191.00
850.00 1223.00
1213.00 1228.00
1668.00 1233.00
1718.00 1248.00
1153.00 1280.00
1669.00 1284.00
568.00 1296.00
1461.00 1297.00
1743.00 1311.00
702.00 1326.00
1225.00 1334.00
352.00 1355.00
1688.00 1355.00
432.00 1372.00
1190.00 1378.00
1636.00 1381.00
306.00 1414.00
20.00 1417.00
220.00 1425.00
415.00 1429.00
760.00 1450.00
860.00 1452.00
1691.00 1458.00
582.00 1464.00
426.00 1484.00
785.00 1496.00
232.00 1513.00
612.00 1528.00
718.00 1539.00
1563.00 1560.00
445.00 1567.00
1638.00 1587.00
986.00 1600.00
197.00 1608.00
784.00 1615.00
461.00 1623.00
150.00 1625.00
902.00 1630.00
617.00 1646.00
776.00 1656.00
551.00 1664.00
418.00 1686.00
283.00 1687.00
459.00 1690.00
761.00 1705.00
856.00 1705.00
944.00 1705.00
511.00 1727.00
1809.00 1727.00
1144.00 1763.00
221.00 1770.00
1185.00 1807.00
546.00 1810.00
674.00 1816.00
1478.00 1816.00
1600.00 1816.00
1548.00 1817.00
1122.00 1818.00
792.00 1822.00
1843.00 1841.00
1013.00 1878.00
608.00 1894.00
1271.00 1895.00
542.00 1905.00
748.00 1912.00
658.00 1933.00
836.00 1954.00
878.00 1954.00
461.00 1960.00
768.00 1968.00
1231.00 1984.00
722.00 2000.00
872.00 2003.00
790.00 2026.00
