2488.00 27.00
2275.00 58.00
1786.00 91.00
2277.00 131.00
1791.00 141.00
1220.00 149.00
1411.00 164.00
2218.00 180.00
2043.00 193.00
1674.00 218.00
1593.00 220.00
1799.00 229.00
2170.00 231.00
1860.00 241.00
1952.00 259.00
1154.00 263.00
1867.00 304.00
2295.00 322.00
1081.00 339.00
1811.00 359.00
1421.00 369.00
1873.00 369.00
1342.00 387.00
2064.00 402.00
2021.00 431.00
1807.00 433.00
1759.00 464.00
1669.00 469.00
2069.00 469.00
2168.00 487.00
1435.00 534.00
2129.00 538.00
2278.00 546.00
1960.00 552.00
2172.00 596.00
2461.00 600.00
1700.00 637.00
2366.00 643.00
1323.00 653.00
2120.00 663.00
2470.00 664.00
1476.00 667.00
1706.00 729.00
2103.00 771.00
1713.00 873.00
2314.00 875.00
2123.00 1008.00
2194.00 1024.00
2443.00 1042.00
2335.00 1084.00
2558.00 1151.00
1792.00 1157.00
2141.00 1182.00
2565.00 1216.00
2088.00 1241.00
2534.00 1398.00
1814.00 1401.00
1855.00 1435.00
2165.00 1450.00
2362.00 1573.00
2167.00 1575.00
2251.00 1577.00
1940.00 1602.00
2376.00 1633.00
2030.00 1641.00
2567.00 1642.00
1923.00 1651.00
2522.00 1699.00
2096.00 1711.00
1896.00 1731.00
