1296.00 229.00
456.00 339.00
1076.00 365.00
456.00 392.00
499.00 396.00
644.00 460.00
855.00 557.00
1682.00 564.00
911.00 570.00
1139.00 573.00
967.00 585.00
1735.00 597.00
494.00 600.00
1351.00 607.00
1296.00 616.00
367.00 629.00
1060.00 652.00
418.00 667.00
363.00 670.00
865.00 675.00
483.00 680.00
1628.00 703.00
1180.00 708.00
1223.00 711.00
1112.00 716.00
475.00 723.00
639.00 724.00
801.00 725.00
1732.00 739.00
1794.00 740.00
1302.00 744.00
886.00 753.00
1111.00 760.00
1868.00 793.00
1535.00 796.00
1589.00 798.00
1160.00 803.00
1395.00 803.00
1210.00 804.00
872.00 807.00
744.00 813.00
321.00 825.00
373.00 827.00
1731.00 828.00
955.00 838.00
484.00 843.00
1358.00 847.00
600.00 853.00
1802.00 859.00
1632.00 868.00
1512.00 869.00
1924.00 869.00
1014.00 870.00
1558.00 871.00
1311.00 872.00
1183.00 874.00
1743.00 874.00
1232.00 875.00
827.00 882.00
1695.00 882.00
342.00 885.00
455.00 891.00
404.00 893.00
679.00 898.00
496.00 903.00
622.00 905.00
1352.00 907.00
739.00 909.00
967.00 912.00
545.00 916.00
1538.00 927.00
1248.00 930.00
890.00 935.00
395.00 942.00
1647.00 948.00
802.00 951.00
1051.00 953.00
1439.00 955.00
544.00 959.00
1871.00 961.00
1173.00 964.00
306.00 969.00
1606.00 971.00
867.00 985.00
1279.00 988.00
1558.00 991.00
1021.00 998.00
571.00 1000.00
1107.00 1001.00
1431.00 1001.00
443.00 1007.00
486.00 1007.00
1177.00 1007.00
616.00 1013.00
1236.00 1013.00
530.00 1014.00
402.00 1016.00
874.00 1026.00
1547.00 1037.00
1438.00 1047.00
1119.00 1061.00
1597.00 1066.00
637.00 1080.00
524.00 1113.00
752.00 1149.00
1155.00 1152.00
1092.00 1155.00
1504.00 1179.00
1752.00 1187.00
582.00 1199.00
637.00 1204.00
486.00 1227.00
1904.00 1247.00
1311.00 1262.00
1113.00 1273.00
1736.00 1293.00
1904.00 1306.00
401.00 1324.00
1780.00 1328.00
646.00 1329.00
862.00 1359.00
770.00 1363.00
1604.00 1384.00
610.00 1397.00
561.00 1406.00
830.00 1424.00
716.00 1432.00
352.00 1433.00
1800.00 1440.00
1911.00 1467.00
491.00 1482.00
816.00 1484.00
1059.00 1485.00
858.00 1501.00
437.00 1514.00
1786.00 1529.00
1507.00 1542.00
658.00 1556.00
1245.00 1566.00
1287.00 1566.00
897.00 1601.00
1504.00 1606.00
756.00 1616.00
550.00 1646.00
631.00 1649.00
810.00 1658.00
1444.00 1668.00
633.00 1696.00
592.00 1712.00
546.00 1723.00
655.00 1739.00
855.00 1757.00
531.00 1790.00
447.00 1813.00
1604.00 1818.00
594.00 1833.00
918.00 1858.00
511.00 1863.00
877.00 1865.00
637.00 1928.00
761.00 1961.00
