1248.00 44.00
2142.00 80.00
1205.00 88.00
1601.00 96.00
1539.00 99.00
692.00 105.00
640.00 111.00
2258.00 118.00
1941.00 119.00
2203.00 120.00
1258.00 133.00
734.00 149.00
384.00 167.00
682.00 170.00
1370.00 327.00
881.00 328.00
1446.00 335.00
536.00 375.00
1280.00 402.00
2403.00 405.00
1502.00 407.00
1344.00 421.00
1547.00 421.00
802.00 482.00
2179.00 502.00
1569.00 512.00
1024.00 517.00
680.00 532.00
1611.00 534.00
1678.00 534.00
971.00 545.00
899.00 548.00
2126.00 550.00
726.00 582.00
1998.00 585.00
927.00 589.00
1852.00 601.00
1502.00 603.00
778.00 608.00
1046.00 616.00
901.00 640.00
1688.00 651.00
2143.00 652.00
1824.00 653.00
1493.00 655.00
1163.00 657.00
472.00 658.00
1219.00 660.00
1061.00 663.00
966.00 679.00
525.00 682.00
816.00 683.00
1362.00 712.00
1085.00 727.00
1687.00 727.00
568.00 733.00
1772.00 736.00
1191.00 737.00
1617.00 738.00
963.00 739.00
1481.00 740.00
1319.00 748.00
1872.00 750.00
1559.00 753.00
459.00 768.00
1429.00 775.00
1037.00 798.00
884.00 801.00
811.00 804.00
1728.00 806.00
1473.00 809.00
1679.00 809.00
1217.00 814.00
1432.00 825.00
1369.00 827.00
1320.00 828.00
1081.00 830.00
927.00 832.00
710.00 833.00
525.00 844.00
838.00 853.00
2190.00 862.00
880.00 865.00
1770.00 867.00
1834.00 867.00
1270.00 875.00
1200.00 881.00
632.00 883.00
559.00 887.00
698.00 907.00
1675.00 907.00
1469.00 911.00
1334.00 912.00
1511.00 924.00
512.00 929.00
1078.00 935.00
553.00 946.00
1578.00 948.00
1209.00 959.00
1160.00 961.00
1342.00 961.00
712.00 968.00
1622.00 975.00
875.00 978.00
477.00 994.00
1256.00 996.00
1879.00 1005.00
980.00 1019.00
1797.00 1019.00
1937.00 1021.00
1732.00 1024.00
1585.00 1025.00
1435.00 1027.00
1353.00 1029.00
1265.00 1053.00
1308.00 1053.00
1361.00 1075.00
2112.00 1084.00
1787.00 1088.00
1918.00 1143.00
1736.00 1157.00
1249.00 1254.00
1993.00 1276.00
1349.00 1308.00
308.00 1310.00
2003.00 1328.00
1334.00 1351.00
1247.00 1358.00
1264.00 1405.00
2022.00 1451.00
1265.00 1453.00
1335.00 1466.00
1352.00 1532.00
241.00 1547.00
1233.00 1560.00
1295.00 1569.00
1851.00 1570.00
1950.00 1576.00
1191.00 1825.00
1350.00 1825.00
1775.00 1856.00
2047.00 1867.00
1454.00 1902.00
1605.00 1985.00
1485.00 1987.00
