215.00 517.00
902.00 525.00
303.00 538.00
185.00 560.00
542.00 576.00
583.00 586.00
246.00 597.00
32.00 606.00
102.00 615.00
1178.00 652.00
950.00 705.00
1055.00 706.00
889.00 717.00
1316.00 733.00
249.00 736.00
733.00 762.00
681.00 775.00
808.00 775.00
552.00 805.00
882.00 826.00
433.00 839.00
815.00 848.00
553.00 863.00
937.00 884.00
853.00 897.00
312.00 904.00
795.00 904.00
704.00 918.00
122.00 919.00
380.00 934.00
807.00 989.00
606.00 1052.00
368.00 1060.00
869.00 1077.00
956.00 1085.00
548.00 1121.00
1080.00 1347.00
910.00 1415.00
