352.00 323.00
200.00 341.00
1097.00 349.00
1118.00 463.00
398.00 548.00
1112.00 555.00
326.00 679.00
529.00 686.00
646.00 692.00
922.00 696.00
1372.00 706.00
1118.00 719.00
1013.00 726.00
1220.00 731.00
495.00 736.00
696.00 736.00
1361.00 757.00
219.00 769.00
447.00 778.00
133.00 781.00
622.00 784.00
1128.00 788.00
32.00 790.00
975.00 790.00
1414.00 791.00
1363.00 798.00
304.00 811.00
391.00 812.00
519.00 812.00
1220.00 819.00
1271.00 820.00
1134.00 830.00
479.00 858.00
290.00 859.00
698.00 861.00
391.00 864.00
995.00 868.00
306.00 906.00
42.00 917.00
349.00 917.00
562.00 918.00
396.00 919.00
1005.00 926.00
520.00 956.00
629.00 964.00
479.00 967.00
263.00 969.00
215.00 970.00
1016.00 1010.00
253.00 1028.00
471.00 1058.00
419.00 1069.00
201.00 1070.00
767.00 1073.00
538.00 1089.00
494.00 1105.00
1122.00 1136.00
502.00 1154.00
1349.00 1162.00
417.00 1184.00
535.00 1234.00
380.00 1236.00
276.00 1245.00
337.00 1301.00
944.00 1424.00
266.00 1462.00
545.00 1493.00
379.00 1634.00
430.00 1648.00
317.00 1775.00
312.00 1835.00
331.00 1917.00
514.00 1962.00
289.00 1988.00
