1633.00 43.00
1880.00 49.00
1954.00 123.00
1584.00 144.00
1200.00 152.00
1321.00 167.00
1012.00 169.00
1393.00 191.00
2076.00 194.00
1816.00 238.00
1768.00 244.00
1685.00 257.00
1531.00 280.00
1907.00 298.00
1994.00 314.00
2318.00 328.00
1319.00 339.00
1543.00 339.00
1630.00 341.00
1052.00 342.00
1151.00 359.00
1440.00 366.00
948.00 369.00
1614.00 387.00
1563.00 388.00
879.00 390.00
835.00 410.00
1683.00 414.00
1731.00 414.00
1922.00 417.00
1240.00 427.00
1853.00 450.00
1509.00 455.00
1556.00 458.00
1665.00 459.00
1391.00 463.00
1451.00 466.00
1808.00 469.00
1088.00 472.00
1296.00 486.00
1151.00 487.00
2104.00 493.00
2236.00 503.00
1855.00 515.00
2299.00 515.00
1504.00 517.00
1220.00 525.00
1975.00 535.00
990.00 545.00
1152.00 547.00
1074.00 558.00
1401.00 563.00
1617.00 576.00
2290.00 577.00
1290.00 591.00
2142.00 600.00
1785.00 617.00
1404.00 626.00
1838.00 631.00
2015.00 634.00
2074.00 636.00
1910.00 639.00
1286.00 645.00
1223.00 648.00
2188.00 656.00
1574.00 667.00
1645.00 668.00
1748.00 670.00
1706.00 675.00
1950.00 697.00
2023.00 712.00
941.00 722.00
1476.00 725.00
1578.00 730.00
2027.00 754.00
1512.00 786.00
996.00 793.00
2203.00 793.00
2391.00 802.00
873.00 823.00
2284.00 829.00
1739.00 832.00
2095.00 834.00
1631.00 837.00
1538.00 856.00
2210.00 856.00
2144.00 861.00
1324.00 871.00
1544.00 901.00
2023.00 951.00
1780.00 956.00
920.00 958.00
1899.00 973.00
2304.00 1026.00
2167.00 1045.00
1081.00 1060.00
2233.00 1070.00
2180.00 1125.00
2136.00 1126.00
1968.00 1168.00
1556.00 1177.00
1256.00 1197.00
1542.00 1230.00
2179.00 1262.00
1966.00 1291.00
1580.00 1427.00
1728.00 1534.00
