691.00 141.00
797.00 159.00
2289.00 203.00
830.00 223.00
1332.00 232.00
1512.00 246.00
820.00 290.00
591.00 332.00
985.00 348.00
1070.00 363.00
871.00 376.00
722.00 384.00
1571.00 384.00
976.00 400.00
1497.00 400.00
398.00 408.00
1792.00 414.00
350.00 415.00
607.00 432.00
740.00 436.00
1303.00 439.00
1664.00 447.00
1793.00 463.00
1733.00 465.00
318.00 467.00
1134.00 499.00
1360.00 512.00
2116.00 549.00
855.00 553.00
1599.00 557.00
1357.00 562.00
1474.00 568.00
1169.00 587.00
633.00 595.00
845.00 600.00
1239.00 615.00
512.00 620.00
1751.00 626.00
912.00 640.00
1320.00 648.00
1728.00 679.00
1471.00 681.00
1391.00 687.00
551.00 694.00
1025.00 695.00
1206.00 710.00
622.00 712.00
922.00 720.00
666.00 735.00
425.00 750.00
1691.00 752.00
1056.00 767.00
1113.00 767.00
1519.00 775.00
551.00 777.00
612.00 780.00
1003.00 808.00
738.00 817.00
1660.00 817.00
564.00 824.00
1457.00 830.00
1109.00 837.00
623.00 839.00
790.00 847.00
513.00 857.00
1266.00 864.00
1522.00 873.00
1319.00 874.00
1370.00 874.00
639.00 881.00
935.00 884.00
696.00 890.00
1842.00 912.00
1266.00 929.00
736.00 939.00
921.00 939.00
1446.00 949.00
840.00 967.00
1535.00 973.00
726.00 983.00
1878.00 1026.00
1186.00 1042.00
750.00 1046.00
688.00 1075.00
734.00 1093.00
805.00 1135.00
2094.00 1140.00
1184.00 1165.00
1052.00 1168.00
782.00 1178.00
1115.00 1190.00
2387.00 1203.00
1088.00 1231.00
1153.00 1231.00
2193.00 1294.00
619.00 1310.00
1074.00 1342.00
1180.00 1351.00
957.00 1366.00
2294.00 1372.00
856.00 1545.00
855.00 1625.00
784.00 1657.00
2447.00 1701.00
2260.00 1734.00
2308.00 1736.00
225.00 1784.00
