209.00 354.00
1091.00 355.00
821.00 365.00
1111.00 464.00
403.00 553.00
1106.00 554.00
891.00 560.00
1122.00 619.00
64.00 679.00
531.00 686.00
1403.00 697.00
1010.00 720.00
1215.00 723.00
531.00 728.00
450.00 776.00
136.00 781.00
623.00 781.00
1124.00 781.00
1356.00 789.00
38.00 791.00
675.00 808.00
1008.00 809.00
394.00 810.00
1216.00 810.00
1265.00 811.00
1130.00 822.00
116.00 825.00
243.00 851.00
698.00 856.00
295.00 858.00
746.00 860.00
992.00 860.00
19.00 863.00
311.00 904.00
563.00 913.00
399.00 915.00
1133.00 915.00
630.00 956.00
266.00 965.00
403.00 976.00
256.00 1024.00
422.00 1063.00
221.00 1070.00
766.00 1184.00
808.00 1228.00
395.00 1230.00
367.00 1294.00
233.00 1351.00
416.00 1457.00
373.00 1886.00
