1845.00 271.00
1728.00 279.00
1920.00 296.00
1510.00 307.00
968.00 311.00
826.00 321.00
447.00 330.00
1975.00 342.00
1437.00 343.00
1033.00 354.00
393.00 367.00
849.00 371.00
1351.00 376.00
434.00 380.00
1610.00 384.00
1133.00 420.00
1869.00 426.00
1382.00 432.00
1064.00 439.00
1922.00 439.00
1225.00 456.00
415.00 461.00
891.00 463.00
806.00 465.00
666.00 470.00
1287.00 487.00
1990.00 496.00
2061.00 513.00
1752.00 525.00
899.00 533.00
1296.00 534.00
551.00 537.00
1068.00 544.00
704.00 547.00
990.00 547.00
291.00 548.00
1153.00 552.00
638.00 553.00
1575.00 560.00
1696.00 567.00
1520.00 574.00
1849.00 577.00
1055.00 585.00
736.00 591.00
1415.00 599.00
847.00 601.00
1775.00 608.00
675.00 609.00
583.00 626.00
782.00 630.00
1503.00 632.00
1680.00 647.00
1174.00 648.00
1730.00 651.00
853.00 663.00
1392.00 663.00
1437.00 672.00
438.00 678.00
650.00 680.00
952.00 680.00
1269.00 688.00
1351.00 690.00
567.00 699.00
823.00 712.00
511.00 720.00
1747.00 720.00
1477.00 722.00
707.00 743.00
907.00 749.00
318.00 751.00
359.00 752.00
1195.00 760.00
1418.00 762.00
265.00 763.00
566.00 766.00
773.00 767.00
1135.00 774.00
1664.00 792.00
1532.00 793.00
512.00 824.00
833.00 826.00
450.00 830.00
728.00 830.00
1175.00 831.00
1315.00 834.00
1510.00 835.00
613.00 839.00
1096.00 841.00
1688.00 860.00
1032.00 871.00
824.00 875.00
1530.00 877.00
991.00 878.00
473.00 879.00
534.00 879.00
697.00 889.00
1750.00 895.00
597.00 896.00
1092.00 897.00
1475.00 902.00
1407.00 911.00
1359.00 920.00
1296.00 921.00
315.00 926.00
370.00 928.00
694.00 937.00
478.00 940.00
789.00 951.00
548.00 976.00
717.00 978.00
309.00 991.00
790.00 996.00
493.00 1000.00
1307.00 1001.00
1164.00 1005.00
1537.00 1019.00
549.00 1024.00
1107.00 1025.00
404.00 1034.00
1461.00 1034.00
1009.00 1043.00
304.00 1044.00
688.00 1044.00
769.00 1044.00
1313.00 1047.00
1184.00 1048.00
452.00 1059.00
632.00 1064.00
1640.00 1078.00
584.00 1083.00
542.00 1086.00
703.00 1096.00
896.00 1110.00
942.00 1125.00
1300.00 1132.00
699.00 1153.00
864.00 1168.00
763.00 1180.00
690.00 1199.00
839.00 1209.00
438.00 1226.00
387.00 1228.00
778.00 1254.00
1317.00 1277.00
1273.00 1338.00
745.00 1345.00
296.00 1346.00
379.00 1375.00
428.00 1382.00
594.00 1420.00
735.00 1420.00
523.00 1428.00
202.00 1438.00
328.00 1470.00
752.00 1475.00
462.00 1481.00
637.00 1505.00
579.00 1519.00
786.00 1521.00
728.00 1548.00
619.00 1581.00
239.00 1585.00
539.00 1610.00
843.00 1624.00
954.00 1642.00
344.00 1681.00
398.00 1735.00
479.00 1737.00
1323.00 1747.00
