550.00 30.00
308.00 102.00
925.00 189.00
368.00 191.00
410.00 219.00
1260.00 234.00
1350.00 248.00
978.00 320.00
1663.00 366.00
1293.00 375.00
503.00 401.00
553.00 402.00
971.00 406.00
713.00 417.00
654.00 421.00
793.00 424.00
987.00 447.00
867.00 462.00
791.00 465.00
712.00 468.00
1624.00 480.00
583.00 492.00
646.00 498.00
787.00 522.00
100.00 525.00
245.00 526.00
726.00 526.00
1708.00 529.00
1038.00 542.00
1319.00 543.00
1263.00 555.00
927.00 558.00
974.00 561.00
714.00 587.00
879.00 589.00
792.00 593.00
1303.00 601.00
194.00 610.00
141.00 625.00
250.00 628.00
901.00 638.00
855.00 644.00
1583.00 649.00
356.00 655.00
1305.00 662.00
814.00 665.00
679.00 667.00
751.00 684.00
868.00 685.00
201.00 687.00
1616.00 692.00
1042.00 707.00
1569.00 711.00
851.00 726.00
656.00 733.00
892.00 741.00
769.00 744.00
126.00 751.00
356.00 751.00
1031.00 752.00
439.00 754.00
398.00 755.00
1184.00 761.00
1546.00 761.00
1691.00 762.00
504.00 763.00
187.00 764.00
1123.00 785.00
767.00 788.00
370.00 796.00
1042.00 799.00
266.00 805.00
947.00 805.00
687.00 810.00
1187.00 810.00
57.00 816.00
866.00 817.00
1336.00 824.00
1295.00 828.00
487.00 833.00
176.00 838.00
747.00 838.00
353.00 848.00
1066.00 859.00
914.00 870.00
249.00 872.00
618.00 874.00
506.00 875.00
1519.00 875.00
1204.00 878.00
1421.00 878.00
1140.00 879.00
1694.00 879.00
100.00 882.00
568.00 885.00
294.00 889.00
169.00 892.00
974.00 894.00
1043.00 904.00
1293.00 916.00
813.00 922.00
474.00 928.00
869.00 942.00
134.00 948.00
827.00 963.00
755.00 985.00
879.00 985.00
109.00 989.00
1072.00 1061.00
836.00 1065.00
572.00 1068.00
881.00 1091.00
1006.00 1106.00
181.00 1122.00
644.00 1132.00
904.00 1132.00
113.00 1138.00
1008.00 1155.00
964.00 1159.00
1062.00 1170.00
922.00 1180.00
492.00 1207.00
678.00 1222.00
624.00 1226.00
103.00 1239.00
833.00 1250.00
1053.00 1262.00
531.00 1265.00
614.00 1287.00
982.00 1295.00
820.00 1296.00
158.00 1298.00
240.00 1299.00
290.00 1299.00
1069.00 1303.00
504.00 1311.00
939.00 1312.00
878.00 1349.00
150.00 1373.00
1033.00 1374.00
361.00 1405.00
721.00 1407.00
280.00 1409.00
499.00 1414.00
188.00 1418.00
865.00 1437.00
423.00 1469.00
911.00 1470.00
864.00 1507.00
362.00 1517.00
297.00 1537.00
1032.00 1558.00
850.00 1583.00
176.00 1584.00
1373.00 1592.00
937.00 1596.00
357.00 1607.00
584.00 1623.00
1031.00 1624.00
1078.00 1628.00
313.00 1629.00
223.00 1634.00
538.00 1640.00
679.00 1642.00
893.00 1652.00
938.00 1668.00
455.00 1673.00
583.00 1679.00
362.00 1689.00
167.00 1714.00
582.00 1720.00
1086.00 1720.00
453.00 1727.00
744.00 1727.00
1043.00 1747.00
851.00 1754.00
549.00 1776.00
1100.00 1778.00
231.00 1806.00
846.00 1809.00
663.00 1821.00
765.00 1824.00
1098.00 1826.00
1321.00 1831.00
177.00 1846.00
235.00 1847.00
626.00 1868.00
1143.00 1872.00
681.00 1873.00
578.00 1878.00
368.00 1913.00
1199.00 1920.00
610.00 1945.00
831.00 1955.00
1325.00 1962.00
476.00 1967.00
618.00 1987.00
421.00 2012.00
681.00 2016.00
1150.00 2021.00
