1848.00 29.00
1895.00 37.00
1704.00 55.00
1838.00 74.00
877.00 84.00
918.00 85.00
1926.00 89.00
1916.00 145.00
1694.00 169.00
1946.00 214.00
1782.00 241.00
1852.00 262.00
1788.00 307.00
1213.00 351.00
377.00 358.00
1810.00 359.00
1669.00 360.00
1896.00 367.00
1461.00 379.00
719.00 380.00
1718.00 404.00
1964.00 433.00
880.00 441.00
601.00 448.00
1641.00 448.00
474.00 457.00
663.00 466.00
1065.00 467.00
1794.00 478.00
997.00 485.00
1638.00 489.00
944.00 490.00
903.00 492.00
583.00 493.00
2048.00 494.00
809.00 495.00
736.00 496.00
1203.00 497.00
1443.00 505.00
646.00 508.00
1266.00 519.00
1135.00 521.00
1214.00 539.00
735.00 568.00
1757.00 578.00
978.00 582.00
922.00 584.00
1690.00 588.00
880.00 594.00
591.00 596.00
1226.00 597.00
788.00 602.00
669.00 631.00
1643.00 633.00
1696.00 635.00
944.00 636.00
1978.00 636.00
1487.00 642.00
1539.00 642.00
895.00 661.00
1058.00 674.00
1495.00 693.00
1221.00 696.00
854.00 701.00
1628.00 702.00
1773.00 735.00
705.00 744.00
1537.00 744.00
1864.00 747.00
928.00 750.00
1925.00 767.00
849.00 781.00
1592.00 792.00
786.00 798.00
1247.00 799.00
712.00 802.00
1928.00 808.00
338.00 812.00
911.00 815.00
1499.00 819.00
1441.00 830.00
1115.00 844.00
393.00 847.00
695.00 849.00
911.00 873.00
1526.00 875.00
1480.00 881.00
1241.00 882.00
1092.00 885.00
953.00 887.00
1753.00 895.00
1422.00 900.00
705.00 903.00
1029.00 908.00
544.00 928.00
1233.00 932.00
1085.00 939.00
1343.00 939.00
1464.00 939.00
664.00 940.00
888.00 941.00
1618.00 943.00
1767.00 943.00
1505.00 946.00
1153.00 948.00
467.00 949.00
1548.00 950.00
585.00 951.00
1824.00 959.00
1718.00 965.00
1371.00 989.00
917.00 1004.00
847.00 1006.00
1085.00 1007.00
1164.00 1007.00
537.00 1008.00
1744.00 1015.00
1654.00 1016.00
610.00 1020.00
1241.00 1022.00
1321.00 1043.00
1362.00 1046.00
1798.00 1049.00
1040.00 1051.00
1153.00 1054.00
746.00 1056.00
1648.00 1064.00
936.00 1085.00
1467.00 1085.00
359.00 1102.00
1553.00 1104.00
1890.00 1104.00
1625.00 1105.00
418.00 1109.00
1508.00 1115.00
1326.00 1129.00
1367.00 1129.00
488.00 1135.00
824.00 1148.00
1832.00 1158.00
1240.00 1165.00
1284.00 1165.00
1555.00 1170.00
1472.00 1175.00
1894.00 1183.00
1056.00 1198.00
1808.00 1199.00
1412.00 1208.00
1510.00 1220.00
1469.00 1221.00
1556.00 1221.00
1350.00 1222.00
380.00 1225.00
1846.00 1242.00
1741.00 1245.00
1630.00 1247.00
1256.00 1253.00
1144.00 1259.00
869.00 1266.00
1401.00 1268.00
1557.00 1271.00
967.00 1282.00
1745.00 1307.00
590.00 1313.00
1188.00 1315.00
721.00 1323.00
814.00 1326.00
1022.00 1334.00
1351.00 1363.00
1187.00 1364.00
760.00 1391.00
1636.00 1393.00
1257.00 1395.00
1415.00 1399.00
1062.00 1417.00
1471.00 1418.00
2064.00 1421.00
1595.00 1431.00
1546.00 1433.00
911.00 1444.00
1416.00 1445.00
1697.00 1448.00
1649.00 1487.00
999.00 1489.00
1705.00 1492.00
1822.00 1495.00
813.00 1510.00
2025.00 1517.00
990.00 1537.00
1882.00 1537.00
1735.00 1538.00
1776.00 1546.00
1216.00 1556.00
1518.00 1569.00
920.00 1573.00
1978.00 1574.00
744.00 1587.00
1078.00 1592.00
1353.00 1592.00
1639.00 1615.00
1312.00 1621.00
2058.00 1629.00
1598.00 1641.00
1520.00 1646.00
1132.00 1649.00
1316.00 1682.00
1194.00 1685.00
1568.00 1695.00
1794.00 1713.00
937.00 1717.00
1736.00 1717.00
1621.00 1719.00
845.00 1720.00
1569.00 1769.00
916.00 1803.00
1721.00 1806.00
706.00 1881.00
922.00 1892.00
929.00 1951.00
529.00 1952.00
1456.00 1966.00
