487.547,-403.041
488.929,-396.419
488.809,-396.56
489.135,-397.896
493.175,-409.677
489.677,-418.391
489.334,-429.114
489.22,-437.932
489.77,-449.103
500.456,-449.221
500.505,-436.811
500.493,-430.36
500.807,-421.815
492.717,-416.495
477.954,-416.55
472.711,-422.817
472.634,-433.411
472.457,-442.217
481.197,-449.686
495.99,-449.994
510.175,-452.471
506.148,-445.343
500.569,-454.654
500.804,-462.936
500.737,-477.69
504.488,-487.484
512.387,-491.076
516.129,-492.639
512.108,-487.006
512.737,-475.074
514.725,-464.733
512.113,-457.325
502.203,-452.926
509.42,-459.862
508.804,-469.598
500.941,-476.109
510.545,-477.021
511.765,-487.045
503.134,-487.356
499.369,-479.855
490.442,-479.096
481.261,-479.182
471.512,-478.77
466.72,-480.534
468.882,-487.684
476.962,-487.932
490.567,-488.052
501.12,-486.519
494.248,-479.395
492.121,-487.259
485.895,-484.806
477.155,-479.721
468.859,-487.759
466.752,-474.029
474.745,-470.785
476.628,-474.797
466.76,-475.294
462.136,-468.447
449.821,-468.08
452.906,-474.867
451.63,-484.45
452.004,-479.841
452.757,-470.065
461.768,-468.241
466.908,-460.869
466.598,-446.436
475.233,-448.157
472.069,-453.327
470.247,-461.204
484.443,-465.065
495.744,-465.597
500.501,-453.867
497.511,-443.434
484.355,-442.61
472.463,-439.461
482.52,-433.344
489.879,-430.154
488.076,-424.152
474.764,-425.442
473.576,-435.479
476.091,-448.854
480.086,-440.094
478.953,-428.744
482.104,-416.446
484.282,-415.415
472.677,-414.751
472.895,-408.235
473.201,-402.895
473.213,-396.404
473.4,-388.455
475.231,-375.517
469.171,-367.441
466.782,-377.644
466.253,-391.491
465.116,-392.942
457.717,-392.751
456.532,-387.581
452.013,-387.949
448.235,-387.861
447.322,-390.099
455.714,-387.491
460.356,-392.806
469.592,-392.461
469.347,-385.418
470.115,-376.483
475.917,-367.681
473.939,-362.042
474.692,-355.443
473.945,-349.682
464.738,-342.686
466.219,-353.215
461.622,-361.674
457.109,-359.63
445.922,-357.984
442.645,-357.604
447.524,-351.775
448.161,-350.294
443.721,-357.86
450.475,-358.173
461.888,-361.417
465.949,-368.342
466.339,-362.995
471.639,-359.361
475.008,-361.812
478.381,-360.895
476.07,-353.743
476.35,-350.467
485.7,-349.904
490.941,-349.529
492.964,-343.259
485.024,-347.423
498.47,-349.588
510.688,-349.16
512.79,-344.715
509.562,-349.438
507.206,-361.345
501.423,-367.933
489.252,-367.638
484.334,-359.59
485.454,-349.555
493.366,-355.622
484.273,-359.861
495.247,-358.724
506.971,-355.86
500.372,-353.785
500.465,-365.419
500.293,-373.459
509.896,-374.111
512.123,-379.148
506.071,-377.951
500.061,-385.216
505.572,-392.398
504.412,-384.421
500.511,-385.427
495.266,-386.48
480.475,-386.134
482.216,-386.924
491.888,-388.532
500.911,-391.079
500.829,-403.091
502.171,-411.533
514.575,-410.952
514.606,-422.49
514.694,-432.123
514.874,-420.38
515.09,-411.768
501.818,-411.208
498.616,-416.241
493.612,-406.564
487.408,-398.827
492.939,-404.374
488.931,-396.445
489.089,-397.161
493.009,-408.886
489.996,-417.666
489.519,-428.348
489.069,-437.167
489.571,-448.35
499.853,-449.708
500.375,-437.668
500.465,-430.817
500.404,-422.523
493.691,-416.699
478.955,-416.612
472.947,-422.066
472.757,-432.66
472.575,-441.22
480.217,-449.576
495.005,-449.865
509.183,-452.376
507.132,-445.459
500.577,-453.718
501.077,-461.992
500.829,-476.712
503.558,-487.186
512.494,-490.22
516.227,-492.499
512.021,-487.822
512.565,-475.891
514.003,-464.482
512.018,-458.305
503.104,-452.646
508.441,-459.822
509.734,-469.722
500.874,-475.371
509.812,-476.894
511.918,-486.376
503.6,-487.582
499.743,-480.393
491.083,-479.229
481.972,-479.322
472.226,-478.926
466.911,-480.061
468.294,-487.39
476.367,-487.883
489.558,-487.965
500.961,-487.139
495.008,-479.394
492.446,-486.86
485.87,-485.722
477.838,-479.75
469.733,-488.154
466.637,-475.023
474.01,-470.686
477.225,-473.994
466.743,-476.285
463.08,-468.665
449.886,-468.349
452.927,-473.881
451.748,-484.41
451.669,-480.33
452.666,-470.531
460.876,-468.16
466.871,-461.855
466.339,-447.094
474.686,-447.332
473.058,-453.398
469.283,-461.017
483.506,-464.667
494.931,-465.503
500.305,-454.776
498.316,-443.661
485.285,-442.961
472.538,-440.474
481.539,-433.184
489.765,-430.212
488.103,-424.277
474.834,-425.548
473.683,-435.409
476.099,-448.727
479.993,-440.181
478.833,-428.787
482.009,-416.362
484.402,-415.457
472.582,-414.836
472.782,-408.294
473.085,-402.949
473.111,-396.48
473.283,-388.506
475.117,-375.574
469.247,-367.542
466.893,-377.581
466.363,-391.427
465.175,-393.055
457.776,-392.864
456.573,-387.701
452.089,-388.051
448.328,-387.949
447.223,-390.019
455.648,-387.382
460.294,-392.695
469.516,-392.359
469.395,-385.536
470.047,-376.375
475.805,-367.742
473.916,-362.167
474.581,-355.382
474.01,-349.791
464.617,-342.726
466.331,-353.155
461.706,-361.77
457.109,-359.757
445.982,-358.096
442.522,-357.567
447.433,-351.685
448.287,-350.313
443.793,-357.755
450.46,-358.047
461.831,-361.303
466.028,-368.242
466.225,-363.053
471.584,-359.246
474.958,-361.695
478.257,-360.925
475.969,-353.82
476.227,-350.435
485.627,-349.8
490.854,-349.436
492.889,-343.361
485.1,-347.32
498.401,-349.48
510.662,-349.035
512.677,-344.772
509.633,-349.544
507.317,-361.282
501.481,-368.047
489.306,-367.753
484.226,-359.656
485.405,-349.437
493.493,-355.634
484.39,-359.812
495.169,-358.624
506.853,-355.906
500.479,-353.717
500.577,-365.358
500.4,-373.389
509.837,-373.998
512.187,-379.258
506.104,-378.074
500.162,-385.138
505.508,-392.288
504.469,-384.534
500.635,-385.396
495.32,-386.596
480.546,-386.24
482.171,-386.805
491.762,-388.548
501.028,-391.029
500.943,-403.034
502.119,-411.417
514.516,-410.84
514.722,-422.438
514.747,-432.24
514.775,-420.46
515.001,-411.86
501.914,-411.292
498.613,-416.368
493.502,-406.628
487.527,-398.78
492.885,-404.258
488.876,-396.329
489.063,-397.036
492.958,-408.769
490.039,-417.546
489.531,-428.221
489.032,-437.045
489.556,-448.224
499.74,-449.767
500.375,-437.795
500.488,-430.942
500.355,-422.641
493.818,-416.707
479.082,-416.607
472.969,-421.941
472.763,-432.533
472.577,-441.093
480.09,-449.575
494.878,-449.862
509.056,-452.377
507.26,-445.462
500.564,-453.592
501.103,-461.867
500.828,-476.584
503.437,-487.146
512.495,-490.093
516.161,-492.39
512.023,-487.95
512.555,-476.018
513.877,-464.497
512.02,-458.433
503.23,-452.627
508.314,-459.834
509.856,-469.685
500.863,-475.244
509.685,-476.896
511.922,-486.248
503.724,-487.609
499.814,-480.499
491.21,-479.233
482.099,-479.328
472.353,-478.934
466.896,-479.934
468.172,-487.352
476.24,-487.875
489.43,-487.967
500.908,-487.255
495.135,-479.384
492.459,-486.734
485.875,-485.85
477.965,-479.748
469.855,-488.192
466.636,-475.151
473.883,-470.686
477.291,-473.885
466.754,-476.412
463.206,-468.683
449.996,-468.413
452.919,-473.754
451.754,-484.283
451.623,-480.448
452.669,-470.658
460.749,-468.146
466.878,-461.982
466.311,-447.218
474.606,-447.233
473.185,-453.404
469.156,-461.005
483.384,-464.629
494.804,-465.504
500.291,-454.903
498.442,-443.679
485.408,-442.994
472.569,-440.598
481.412,-433.178
489.72,-430.885
489.012,-424.692
475.67,-425.492
473.573,-434.383
475.293,-448.052
480.228,-441.2
478.734,-429.593
481.362,-417.039
484.966,-414.55
472.855,-415.763
472.75,-409.144
473.069,-403.114
473.165,-397.438
473.194,-389.548
475.112,-376.507
470.137,-367.576
466.902,-376.536
466.358,-390.75
465.294,-393.061
458.144,-392.877
456.888,-387.784
452.358,-388.004
448.78,-387.843
447.155,-390.031
454.638,-387.415
460.161,-392.694
468.728,-392.47
470.157,-385.639
469.004,-376.361
475.73,-368.123
474.737,-362.552
474.345,-355.532
474.755,-349.866
464.627,-343.706
466.362,-352.093
462.411,-361.655
457.768,-360.228
446.781,-358.118
442.213,-357.866
446.434,-351.809
448.944,-349.49
443.726,-357.598
449.461,-357.785
460.831,-361.257
465.99,-367.979
466.224,-363.192
470.925,-359.202
474.66,-361.627
478.123,-361.256
476.085,-354.752
475.908,-350.739
484.774,-349.884
490.723,-349.469
493.171,-344.135
484.987,-347.058
497.345,-349.525
510.546,-348.996
512.656,-345.587
510.683,-349.466
507.322,-360.212
502.523,-368.079
489.941,-367.802
484.271,-360.724
484.747,-349.404
493.742,-355.258
484.635,-358.807
494.306,-359.028
506.695,-356.937
500.431,-352.66
500.577,-365.223
500.404,-372.464
508.857,-373.958
512.394,-379.289
506.934,-378.574
500.043,-384.26
504.588,-392.268
505.184,-384.574
500.85,-384.941
496.362,-386.686
481.59,-386.201
481.143,-386.631
491.352,-389.525
501.155,-389.983
500.997,-401.98
501.687,-411.343
514.218,-410.827
514.818,-421.521
515.132,-432.146
514.906,-421.316
515.033,-412.584
502.597,-411.061
499.222,-416.852
493.51,-407.651
487.883,-397.848
492.759,-404.247
488.711,-396.35
488.831,-396.504
492.547,-408.106
490.191,-416.789
489.478,-427.484
488.825,-436.671
489.513,-447.395
498.958,-449.977
500.529,-438.723
500.635,-431.383
500.238,-423.418
494.816,-416.619
480.061,-416.422
472.987,-421.122
472.671,-431.731
472.483,-440.111
479.096,-449.619
493.876,-449.945
508.066,-452.505
508.254,-445.381
500.364,-452.713
501.161,-461.082
500.707,-475.604
502.456,-486.927
512.387,-489.186
516.008,-492.41
512.169,-488.835
512.612,-476.841
513.266,-464.903
512.167,-459.39
504.143,-452.466
507.358,-460.042
510.637,-469.168
500.655,-474.319
509.147,-477.02
511.823,-485.626
504.424,-487.626
500.172,-481.163
491.835,-479.136
482.828,-479.246
473.119,-478.878
466.597,-479.585
467.556,-487.252
475.834,-487.951
488.437,-488.099
500.519,-487.682
495.893,-479.266
492.342,-486.227
485.89,-486.727
478.85,-479.61
470.894,-488.254
466.746,-476.136
472.994,-470.8
477.614,-472.994
467.022,-477.387
464.169,-468.739
450.346,-468.356
452.822,-472.793
451.644,-484.255
451.724,-480.844
452.801,-471.317
459.767,-468.137
467.037,-462.956
466.258,-448.219
473.893,-446.533
474.147,-453.346
468.169,-460.987
482.379,-464.54
494.056,-465.624
500.294,-455.896
499.046,-443.604
486.406,-443.094
473.051,-441.484
480.42,-433.256
489.797,-431.222
489.751,-425.316
476.587,-425.329
473.368,-434.095
474.511,-447.448
480.495,-442.15
478.773,-430.445
481.264,-417.831
484.827,-413.528
473.341,-416.038
472.742,-410.059
473.131,-403.653
473.262,-398.055
473.28,-390.551
475.271,-377.424
470.756,-367.522
466.807,-375.548
466.227,-389.943
465.405,-392.962
458.787,-392.789
457.099,-387.864
452.91,-387.792
449.299,-387.772
447.068,-390.111
453.652,-387.556
460.104,-392.801
468.258,-392.636
470.967,-385.629
468.237,-376.581
475.733,-368.561
475.448,-363.034
474.236,-355.735
475.386,-350.121
465.063,-344.612
466.272,-351.097
463.269,-361.495
458.249,-360.922
447.619,-358.062
442.305,-358.026
445.473,-351.768
449.453,-348.704
443.369,-357.018
448.508,-357.839
459.94,-361.31
465.884,-367.736
466.391,-363.215
470.306,-359.278
473.986,-361.537
477.906,-361.72
476.472,-355.446
475.802,-350.982
483.89,-350.079
490.69,-349.593
493.325,-344.831
484.775,-346.451
496.363,-349.703
510.424,-349.076
512.878,-346.474
511.506,-349.285
507.21,-359.215
503.497,-367.978
490.927,-367.758
484.405,-361.688
484.601,-349.697
494.031,-354.429
484.667,-358.219
493.963,-359.876
506.384,-357.832
500.473,-351.691
500.469,-365.125
500.309,-371.729
508.16,-374.142
512.779,-379.231
507.605,-378.921
499.84,-383.496
503.754,-392.343
505.807,-384.576
501.073,-384.666
497.366,-386.676
482.581,-386.069
480.173,-386.462
491.058,-390.472
501.013,-389.007
500.941,-401.031
501.12,-411.347
513.73,-410.928
514.798,-420.524
515.295,-431.71
515.159,-422.276
515.047,-413.245
503.276,-410.858
500.003,-417.189
493.62,-407.715
487.827,-397.734
492.685,-404.352
488.684,-396.475
488.738,-396.591
492.471,-408.208
490.065,-416.81
489.363,-427.538
488.726,-436.751
489.396,-447.445
499.019,-450.09
500.635,-438.651
500.745,-431.318
500.36,-423.38
494.755,-416.507
479.99,-416.316
472.868,-421.167
472.558,-431.79
472.371,-440.172
479.142,-449.738
493.935,-450.058
508.13,-452.615
508.196,-445.267
500.259,-452.785
501.04,-461.123
500.597,-475.668
502.48,-487.052
512.276,-489.247
515.97,-492.532
512.276,-488.766
512.727,-476.786
513.383,-464.955
512.276,-459.323
504.073,-452.36
507.431,-460.146
510.526,-469.104
500.551,-474.394
509.212,-477.13
511.711,-485.687
504.382,-487.505
500.262,-481.074
491.773,-479.024
482.768,-479.133
473.067,-478.762
466.52,-479.687
467.574,-487.378
475.891,-488.065
488.502,-488.208
500.627,-487.749
495.831,-479.155
492.232,-486.29
486.006,-486.673
478.785,-479.501
470.834,-488.141
466.856,-476.073
473.056,-470.911
477.489,-473.02
467.119,-477.305
464.135,-468.616
450.302,-468.236
452.708,-472.849
451.532,-484.314
451.819,-480.759
452.911,-471.253
459.816,-468.255
467.145,-462.888
466.374,-448.167
473.847,-446.652
474.09,-453.232
468.213,-461.107
482.422,-464.661
494.12,-465.734
500.411,-455.846
498.985,-443.492
486.354,-442.977
473.101,-441.367
480.48,-433.369
489.913,-431.169
489.805,-425.2
476.518,-425.222
473.29,-434.196
474.477,-447.57
480.596,-442.073
478.889,-430.392
481.379,-417.777
484.734,-413.615
473.315,-415.913
472.866,-410.03
473.246,-403.599
473.375,-397.995
473.391,-390.489
475.377,-377.354
470.703,-367.406
466.695,-375.608
466.117,-390.008
465.352,-392.846
458.728,-392.676
457.134,-387.742
452.828,-387.694
449.253,-387.653
447.09,-390.236
453.72,-387.664
460.166,-392.913
468.335,-392.737
470.919,-385.511
468.341,-376.654
475.855,-368.526
475.495,-362.916
474.348,-355.794
475.408,-349.996
465.141,-344.511
466.16,-351.158
463.201,-361.388
458.319,-360.816
447.568,-357.946
442.426,-357.986
445.515,-351.888
449.328,-348.68
443.29,-357.118
448.567,-357.952
459.995,-361.425
465.771,-367.795
466.45,-363.102
470.362,-359.392
474.014,-361.661
478.032,-361.736
476.515,-355.326
475.923,-351.022
483.963,-350.183
490.777,-349.686
493.432,-344.762
484.677,-346.532
496.437,-349.806
510.449,-349.201
512.981,-346.399
511.433,-349.181
507.099,-359.279
503.434,-367.867
490.871,-367.644
484.512,-361.619
484.728,-349.699
493.905,-354.445
484.544,-358.251
494.089,-359.857
506.509,-357.852
500.348,-351.717
500.357,-365.186
500.196,-371.789
508.241,-374.241
512.732,-379.112
507.618,-378.794
499.732,-383.565
503.809,-392.457
505.782,-384.452
500.966,-384.599
497.314,-386.559
482.517,-385.959
480.188,-386.589
491.184,-390.46
500.913,-389.086
500.827,-401.088
501.159,-411.468
513.789,-411.041
514.682,-420.577
515.169,-431.723
515.26,-422.198
515.166,-413.201
503.209,-410.749
499.961,-417.069
493.721,-408.584
488.427,-397.07
492.738,-404.466
488.826,-396.56
488.717,-396.525
492.166,-407.518
490.491,-416.248
489.399,-427.012
488.724,-436.752
489.499,-446.762
498.273,-450.062
500.697,-439.453
500.744,-431.559
500.288,-423.788
495.549,-416.47
480.793,-416.25
472.932,-420.675
472.575,-431.237
472.388,-439.368
478.366,-449.654
493.144,-450.034
507.339,-452.625
508.965,-445.324
500.206,-452.068
501.056,-460.913
500.582,-474.872
501.777,-486.81
512.303,-488.551
516.075,-492.631
512.313,-489.471
512.688,-477.409
513.218,-465.191
512.314,-460.032
504.81,-452.315
506.629,-460.231
510.988,-468.654
500.448,-473.605
508.872,-477.136
511.7,-485.19
504.803,-487.592
500.405,-481.526
492.206,-479.027
483.169,-479.14
473.569,-478.801
466.475,-479.384
467.168,-487.196
475.54,-488.06
487.716,-488.219
500.298,-487.802
496.381,-479.186
492.223,-485.825
486.066,-486.933
479.535,-479.481
471.619,-488.076
466.866,-476.867
472.317,-470.881
477.518,-472.519
467.389,-477.97
464.819,-468.834
450.838,-468.296
452.77,-472.203
451.525,-484.439
451.763,-480.692
452.917,-471.778
459.123,-468.17
467.169,-463.692
466.338,-448.955
473.349,-446.043
474.799,-453.274
467.421,-460.858
481.633,-464.526
494.175,-465.74
500.319,-456.648
499.802,-443.629
487.148,-443.039
473.73,-441.702
479.688,-433.354
489.848,-431.712
489.991,-425.862
477.272,-425.182
473.265,-434.135
473.963,-446.935
480.674,-442.88
478.863,-430.667
481.371,-418.29
484.439,-412.905
473.879,-416.04
472.595,-410.693
473.248,-403.618
473.357,-398.677
473.385,-391.281
475.415,-378.091
471.458,-367.481
466.728,-374.805
466.113,-389.241
465.772,-392.89
459.073,-392.686
457.166,-387.792
453.419,-387.599
449.388,-387.678
447.14,-390.271
452.919,-387.728
460.278,-392.918
468.366,-392.733
471.71,-385.595
467.668,-377.032
475.854,-368.778
475.849,-363.605
473.868,-356.097
475.742,-350.412
465.456,-345.24
466.177,-350.364
463.913,-361.346
458.439,-360.952
448.284,-358.015
442.389,-357.784
444.785,-351.756
449.766,-348.155
443.191,-356.721
447.786,-357.94
459.387,-361.365
465.796,-367.05
466.419,-363.02
469.842,-359.361
473.568,-361.522
478.025,-361.769
477.125,-355.595
475.965,-350.984
483.226,-350.249
490.902,-349.654
493.474,-345.562
484.533,-345.77
495.631,-349.882
510.033,-349.052
513.064,-347.13
511.96,-349.042
507.096,-358.491
504.171,-367.878
491.677,-367.692
484.56,-362.424
484.78,-349.547
493.961,-353.819
484.677,-357.766
493.954,-360.273
505.856,-358.359
500.766,-350.986
500.377,-364.615
500.223,-371.176
507.635,-374.384
512.892,-379.099
507.981,-379.032
499.761,-382.972
503.133,-392.338
506.198,-384.661
501.151,-384.493
498.124,-386.676
483.315,-385.959
479.462,-386.259
490.849,-391.196
500.687,-388.411
500.846,-400.751
501.11,-411.464
513.219,-411.015
514.734,-419.785
515.197,-431.468
515.375,-422.992
515.054,-413.886
503.921,-410.78
499.919,-417.096
493.713,-409.377
489.2,-396.768
492.87,-404.478
488.747,-396.34
492.497,-415.415
489.089,-435.502
494.656,-449.531
500.571,-433.241
499.159,-416.624
473.055,-418.603
472.631,-436.247
490.029,-449.721
511.447,-446.57
501.108,-458.457
500.612,-486.298
516.172,-492.417
512.369,-479.916
512.716,-462.822
503.522,-459.94
501.098,-470.709
511.809,-483.856
500.34,-483.209
484.458,-479.336
467.03,-478.878
474.408,-487.888
498.764,-487.686
492.257,-484.374
481.748,-479.592
466.744,-479.014
477.55,-471.276
465.459,-469.465
453.241,-470.887
451.735,-480.966
457.284,-467.769
466.163,-450.78
475.744,-452.971
479.606,-463.785
499.852,-458.758
489.014,-443.297
477.536,-433.158
489.889,-427.895
473.186,-433.526
480.554,-444.121
481.169,-419.377
474.161,-416.274
473.07,-403.739
473.188,-391.67
471.72,-367.686
466.289,-389.016
459.387,-392.869
453.586,-387.741
447.288,-390.186
460.327,-392.743
472.085,-385.773
475.683,-368.769
473.477,-356.152
465.411,-345.551
464.294,-361.487
448.289,-358.186
445.394,-351.691
443.444,-357.042
459.921,-361.25
466.21,-363.053
474.216,-361.544
476.514,-355.531
483.745,-350.033
493.27,-344.938
496.261,-349.651
512.832,-346.606
507.272,-359.402
491.029,-367.823
484.631,-349.472
484.716,-358.291
506.713,-357.091
500.527,-365.41
508.743,-374.002
507.13,-378.638
505.235,-392.335
500.613,-385.28
480.842,-386.179
491.669,-388.897
500.909,-402.726
514.547,-410.89
514.713,-432.191
515.111,-412.027
498.792,-416.426
487.48,-398.746
488.756,-396.328
492.49,-407.828
489.538,-427.505
489.506,-447.935
500.429,-437.056
500.568,-422.261
478.472,-416.594
472.704,-432.946
480.639,-449.629
509.61,-452.417
500.559,-454.033
500.79,-477.092
512.449,-490.674
512.071,-486.483
514.951,-464.821
501.852,-453.533
508.44,-469.707
510.836,-476.984
502.939,-487.388
490.563,-479.179
471.264,-478.817
469.571,-487.817
491.398,-487.967
493.665,-479.586
485.763,-483.596
467.672,-487.194
474.913,-470.707
466.585,-474.035
449.795,-467.827
451.783,-483.329
452.794,-468.112
466.49,-457.72
475.89,-451.145
473.389,-461.311
497.745,-464.584
494.346,-443.374
472.455,-436.409
489.821,-430.029
472.441,-427.312
479.14,-449.309
480.123,-426.372
482.044,-416.489
472.893,-406.521
473.005,-395.797
475.315,-372.643
466.919,-380.824
465.058,-393.009
456.096,-387.586
447.273,-389.046
457.476,-390.074
472.974,-389.996
474.647,-375.015
472.72,-358.089
469.44,-349.621
466.434,-359.375
452.809,-359.315
443.074,-353.279
443.278,-354.959
458.041,-360.251
466.302,-363.312
473.271,-361.125
478.221,-356.174
482.317,-350.081
493.331,-346.847
494.198,-349.808
512.985,-348.331
507.264,-358.05
491.887,-367.876
484.572,-349.681
484.748,-358.151
506.093,-358.005
500.534,-365.192
509.661,-374.038
506.301,-378.078
505.074,-392.329
500.69,-385.105
481.063,-386.173
491.608,-389.037
500.877,-403.545
514.34,-410.881
514.487,-432.087
514.001,-411.033
496.52,-416.351
487.738,-401.335
488.866,-396.308
493.314,-411.445
489.1,-430.922
491.318,-449.778
500.683,-434.831
501.291,-419.948
475.36,-416.622
472.577,-433.231
483.388,-449.704
511.337,-452.273
500.655,-455.898
500.554,-479.872
513.337,-492.834
512.329,-483.66
513.987,-466.416
501.047,-456.795
505.198,-469.833
511.669,-479.396
501.407,-486.369
488.675,-479.105
469.131,-478.587
471.264,-488.208
494.178,-488.005
492.201,-481.04
485.67,-480.264
466.572,-483.772
476.76,-470.737
465.727,-469.5
452.617,-468.864
451.75,-480.731
454.954,-467.613
466.362,-453.058
475.629,-452.572
477.969,-463.219
499.494,-460.664
490.067,-443.215
476.478,-433.29
490.014,-427.979
472.738,-432.971
480.684,-444.242
481.287,-419.513
474.763,-416.277
473.194,-403.662
473.34,-390.848
470.994,-367.488
466.169,-390.471
458.351,-392.712
452.282,-387.848
447.109,-390.23
460.104,-392.865
469.824,-385.424
475.974,-367.931
474.501,-355.638
464.734,-343.152
462.041,-361.529
446.328,-357.933
447.938,-351.667
443.904,-358.003
463.176,-361.527
466.429,-362.549
475.309,-361.888
475.855,-351.553
487.162,-349.844
491.038,-341.457
501.608,-349.438
512.688,-344.624
507.027,-363.343
486.748,-367.522
490.453,-349.375
488.365,-361.512
506.535,-350.595
500.376,-367.049
514.687,-375.636
500.01,-379.769
507.58,-387.071
500.362,-387.195
476.754,-384.502
498.702,-386.192
500.892,-410.72
514.906,-416.595
515.667,-425.878
505.819,-410.948
493.592,-411.677
491.429,-404.656
488.885,-396.511
491.273,-415.952
488.761,-436.739
497.989,-449.99
500.698,-431.557
495.835,-416.502
472.993,-420.453
472.436,-439.093
493.761,-450.004
508.291,-445.318
501.053,-461.3
502.354,-486.961
516.126,-492.627
512.727,-476.092
512.196,-458.609
508.138,-460.027
500.669,-475.117
511.732,-486.853
499.423,-479.816
481.496,-479.131
466.692,-480.35
477.268,-487.908
501.062,-486.13
491.795,-487.463
476.646,-479.993
466.817,-473.471
476.315,-475.366
461.538,-468.327
452.901,-475.494
452.319,-479.262
463.1,-468.339
467.222,-445.133
470.623,-453.336
485.825,-465.474
500.685,-452.434
482.228,-442.01
484.909,-433.566
485.739,-423.759
473.017,-437.807
479.187,-436.878
484.863,-414.833
472.383,-412.12
473.294,-402.624
473.868,-385.837
467.376,-368.762
466.693,-393.05
457.405,-392.405
450.597,-387.919
447.585,-388.977
462.818,-392.889
466.863,-383.502
475.983,-367.544
475.862,-354.004
466.317,-342.924
460.955,-361.726
443.165,-357.857
449.726,-348.585
445.03,-358.066
465.489,-361.461
466.663,-360.794
476.002,-361.892
476.23,-351.005
488.538,-349.902
489.468,-341.473
502.704,-349.365
512.882,-344.722
507.01,-363.55
487.005,-367.517
489.723,-349.41
487.583,-361.493
506.829,-351.535
500.385,-366.267
514.058,-374.834
502.303,-377.432
507.417,-389.704
500.199,-387.339
476.281,-386.001
494.636,-385.878
500.728,-407.425
515.126,-412.435
515.4,-430.396
511.381,-410.78
494.74,-416.263
489.985,-387.422
487.485,-386.634
487.486,-386.63
487.467,-385.702
489.401,-407.057
492.305,-415.296
501.872,-418.95
501.305,-440.889
489.642,-435.166
492.582,-423.625
500.786,-439.419
511.554,-448.865
514.605,-465.997
500.553,-452.645
512.19,-455.354
512.131,-483.66
500.263,-485.565
506.124,-477.184
504.849,-469.94
498.097,-463.104
501.136,-451.762
503.621,-460.194
499.712,-477.305
478.34,-479.558
486.214,-487.442
492.166,-486.644
485.771,-482.508
469.569,-487.751
473.969,-478.563
471.432,-470.516
477.406,-479.028
482.746,-463.663
480.945,-465.694
469.946,-470.715
451.056,-468.675
465.178,-467.342
465.789,-455.322
471.02,-445.727
474.802,-461.932
474.167,-453.196
488.361,-443.684
480.491,-442.861
476.055,-433.37
472.64,-429.506
479.169,-432.702
489.008,-439.325
484.609,-415.787
481.706,-424.481
472.041,-420.15
473.396,-414.522
457.289,-412.894
457.145,-425.403
470.716,-413.016
474.831,-398.882
466.334,-390.994
475.025,-382.203
471.77,-385.375
474.638,-373.083
483.371,-368.033
477.827,-355.925
476.212,-362.635
476.009,-374.315
466.819,-361.538
474.313,-349.599
465.536,-343.436
467.191,-350.932
484.344,-349.137
490.699,-340.746
488.851,-341.887
492.551,-349.312
500.047,-349.665
493.957,-358.621
491.571,-361.698
486.331,-368.115
500.493,-365.574
505.392,-349.44
508.586,-349.293
499.202,-368.282
507.528,-366.331
506.719,-362.15
515.186,-376.623
500.925,-375.209
500.654,-379.01
507.172,-391.802
506.964,-389.079
501.176,-406.569
500.697,-424.58
492.445,-404.226
493.831,-386.622
487.394,-387.7
487.493,-386.418
490.531,-385.245
486.847,-404.81
487.98,-415.164
499.572,-416.673
500.971,-436.859
489.084,-440.066
490.177,-423.246
500.896,-434.178
511.167,-445.478
511.836,-464.651
499.946,-456.25
511.625,-453.477
511.785,-478.026
502.71,-487.924
501.426,-476.671
502.78,-469.993
497.504,-464.841
501.704,-449.858
505.72,-460.105
500.011,-475.23
480.267,-479.902
484.26,-487.228
492.714,-487.548
485.775,-483.306
469.608,-487.964
470.898,-478.662
468.457,-470.615
477.22,-479.604
480.041,-463.927
482.605,-465.923
471.124,-471.001
451.335,-468.932
463.481,-467.343
465.824,-456.012
470.157,-444.731
475.875,-462.385
472.039,-453.157
488.609,-443.921
480.471,-442.699
476.002,-433.391
472.713,-430.044
478.997,-432.594
489.014,-439.633
484.861,-415.79
481.49,-424.452
472.029,-420.772
473.201,-416.206
458.229,-412.409
457.346,-426.289
470.515,-413.007
474.675,-398.915
466.373,-391.272
474.946,-381.608
472.015,-385.383
474.627,-373.357
483.19,-368.115
477.961,-356.096
476.159,-362.487
476.006,-374.551
466.66,-361.227
473.073,-349.488
466.349,-344.223
467.132,-353
484.073,-349.392
489.401,-341.321
488.633,-341.897
493.128,-348.916
499.643,-349.043
493.967,-359.341
491.139,-361.701
486.256,-368.384
500.552,-366.28
506.049,-349.438
510.606,-348.885
500.465,-367.478
506.942,-367.486
506.856,-360.714
514.812,-375.371
503.337,-376.396
500.973,-377.938
506.127,-392.512
506.879,-387.985
501.538,-405.512
500.698,-425.646
492.275,-404.773
493.645,-386.749
487.405,-387.483
487.368,-386.412
489.089,-385.179
488.111,-405.786
489.691,-415.394
500.332,-417.184
500.611,-438.305
489.38,-438.529
490.83,-423.675
500.283,-435.852
511.866,-446.511
511.824,-466.482
500.074,-454.643
511.684,-453.908
511.84,-479.763
501.349,-487.62
502.834,-477.066
501.164,-470.321
497.857,-466.466
501.581,-447.911
507.488,-459.918
500.134,-473.405
482.148,-479.83
482.643,-487.607
493.757,-487.654
485.943,-485.083
470.309,-487.991
469.14,-478.692
467.847,-470.808
478.064,-479.383
479.25,-464.149
483.476,-465.911
471.139,-470.878
451.406,-468.833
462.663,-467.558
465.956,-456.328
470.276,-443.795
476.074,-462.26
471.186,-453.28
488.809,-444.678
479.587,-441.415
478.233,-433.747
472.475,-432.849
478.4,-431.238
489.245,-441.489
486.209,-416.009
481.889,-424.549
472.224,-421.185
473.121,-416.447
460.095,-412.301
457.485,-427.799
467.735,-412.945
473.21,-400.505
468.808,-392.728
474.077,-377.128
477.097,-386.399
475.075,-375.757
478.125,-368.964
479.008,-358.271
476.709,-362.373
476.197,-376.999
466.804,-366.622
476.028,-350.671
466.751,-341.78
466.374,-356.961
481.195,-349.197
486.509,-341.539
486.013,-342.041
493.726,-345.907
495.259,-349.398
495.219,-358.508
490.33,-361.538
490.04,-368.446
498.604,-368.09
507.478,-353.973
515.354,-349.078
500.779,-361.004
503.547,-367.561
507.991,-362.042
510.919,-373.922
507.84,-378.862
500.892,-378.174
500.362,-392.208
506.23,-380.498
501.354,-398.116
500.734,-423.105
493.721,-411.525
490.568,-387.92
489.306,-387.261
487.359,-386.635
491.851,-387.793
484.646,-401.722
485.953,-414.943
499.698,-416.89
501.039,-434.734
489.478,-442.124
489.33,-424.005
501.018,-431.578
509.311,-446.082
511.956,-462.116
500.377,-458.46
511.006,-452.71
511.154,-475.548
504.675,-487.797
500.753,-476.765
500.405,-473.544
499.481,-468.75
500.704,-446.663
508.915,-460.11
500.049,-470.892
483.791,-479.838
481.013,-487.552
495.042,-487.427
485.964,-486.594
471.515,-487.958
467.463,-478.645
467.092,-470.845
479.902,-479.37
478.684,-464.28
484.177,-466.01
472.234,-470.831
451.488,-468.836
461.404,-467.708
465.996,-456.985
470.609,-442.695
476.225,-462.181
470.496,-453.281
488.958,-445.149
479.274,-441.388
478.329,-433.823
472.475,-432.516
478.459,-430.696
489.31,-442.155
486.432,-416.088
482.092,-424.522
472.181,-420.962
473.328,-416.38
459.841,-412.22
457.571,-427.599
468.302,-413.007
473.24,-399.816
467.691,-392.74
474.648,-377.908
476.007,-386.133
474.972,-375.547
479.127,-368.82
478.787,-357.736
477.478,-362.049
475.925,-376.816
466.569,-365.509
476.135,-351.014
466.432,-341.147
466.045,-356.86
480.533,-349.015
486.316,-341.384
485.589,-341.5
493.991,-344.042
494.399,-349.935
496.008,-358.629
491.978,-361.643
491.148,-368.327
498.354,-368.066
507.392,-355.639
514.19,-349.62
500.761,-359.414
501.993,-367.885
507.964,-362.444
510.396,-373.911
508.335,-378.822
501.049,-378.042
500.48,-392.294
506.378,-380.014
501.216,-396.595
500.68,-421.836
493.906,-413.134
491.639,-387.422
478.706,-378.596
498.005,-436.804
498.947,-436.666
499.273,-439.871
498.617,-451.243
499.5,-464.83
495.046,-476.328
483.603,-476.86
477.689,-469.021
477.787,-458.239
467.37,-454.764
465.982,-467.496
459.186,-468.871
453.238,-475.369
456.414,-469.203
471.171,-469.301
475.275,-459.348
477.573,-449.582
490.44,-449.624
498.654,-444.296
498.497,-435.745
499.299,-427.576
499.844,-414.652
498.808,-402.149
488.409,-399.41
487.934,-410.134
486.733,-423.552
486.283,-435.448
487.398,-447.965
478.93,-450.076
478.106,-449.354
476.721,-437.09
485.874,-433.239
496.097,-436.77
498.267,-428.459
486.786,-426.58
486.523,-426.793
484.573,-429.641
476.055,-429.104
467.235,-429.804
459.95,-428.63
459.426,-427.917
460.885,-425.263
464.063,-425.127
467.654,-437.131
476.265,-440.214
469.357,-446.639
466.478,-433.7
466.767,-421.321
475.785,-421.316
475.391,-419.071
475.386,-419.07
474.042,-412.344
472.675,-398.176
471.626,-388.34
460.542,-380.191
449.596,-370.749
446.695,-361.758
454.687,-361.546
464.399,-360.352
473.809,-360.767
483.604,-361.804
491.435,-362.029
498.836,-367.348
499.841,-380.931
499.079,-393.629
496.863,-398.752
495.858,-399.223
498.345,-401.789
498.539,-405.138
498.602,-415.335
492.763,-416.87
488.054,-410.234
488.029,-402.709
484.555,-396.424
486.872,-387.543
497.875,-388.475
497.01,-399.19
484.102,-396.477
473.141,-395.873
472.75,-394.281
475.295,-386.352
476.632,-375.246
469.329,-374.036
464.343,-364.456
470.758,-354.692
470.716,-345.512
464.06,-342.62
463.401,-339.057
463.442,-338.267
463.664,-334.246
463.254,-328.782
463.414,-332.321
467.282,-342.223
470.88,-349.356
471.929,-360.628
476.946,-368.611
477.209,-375.181
476.738,-384.25
471.3,-395.212
464.603,-403.388
462.733,-409.616
463.211,-415.934
464.112,-425.139
463.504,-426.146
463.06,-425.779
464.591,-423.579
468.577,-420.828
474.973,-420.803
474.173,-413.817
473.015,-400.17
468.751,-391.259
471.297,-390.262
463.381,-381.075
451.458,-372.355
442.882,-360.39
435.063,-355.283
430.355,-342.773
431.204,-336.386
432.849,-348.967
440.437,-360.494
450.653,-361.698
462.281,-361.282
476.425,-363.201
478.127,-376.167
479.182,-378.328
498.816,-436.594
499.276,-439.098
498.812,-450.291
499.573,-463.839
496.035,-476.391
484.58,-477.002
477.405,-469.691
477.914,-459.172
468.251,-454.768
466.055,-467.108
460.188,-468.983
453.445,-474.951
455.452,-469.057
470.18,-469.226
474.921,-460.289
477.197,-450.189
489.429,-449.578
498.609,-445.29
498.243,-436.447
499.134,-428.121
499.753,-415.104
498.714,-402.72
488.991,-399.337
488.158,-409.178
486.889,-422.561
486.318,-434.913
487.491,-447.51
478.971,-450.191
478.391,-449.785
476.621,-437.997
484.937,-432.921
495.223,-436.312
498.378,-429.444
487.45,-426.67
486.782,-426.701
484.67,-429.716
476.332,-429.18
467.804,-429.867
460.298,-429.063
459.313,-428.023
460.462,-425.164
464.153,-425.041
467.11,-436.331
476.49,-439.263
469.986,-446.744
466.702,-434.662
465.795,-421.517
475.623,-421.326
475.348,-419.192
475.335,-419.186
473.969,-413.274
472.715,-399.155
471.636,-389.218
461.362,-380.774
449.93,-371.698
446.518,-361.745
453.703,-361.406
464.273,-360.301
472.846,-360.614
483.541,-361.694
490.459,-361.906
498.867,-366.492
499.976,-379.947
499.333,-393.011
496.928,-398.858
495.901,-399.289
498.171,-401.057
498.605,-404.414
498.708,-415.274
493.355,-416.856
487.853,-410.81
487.94,-402.821
484.839,-397.186
485.897,-387.665
497.986,-387.989
497.756,-399.189
484.785,-396.978
473.209,-395.976
472.629,-394.316
474.482,-386.921
476.736,-375.626
470.2,-374.104
464.188,-365.435
470.653,-354.764
470.638,-345.613
464.034,-342.745
463.294,-339.126
463.328,-338.323
463.549,-334.302
463.282,-328.906
463.517,-332.246
467.26,-342.097
470.99,-349.293
471.888,-360.507
477.058,-368.551
477.323,-375.125
476.865,-384.252
471.413,-395.153
464.722,-403.432
462.839,-409.545
463.277,-415.826
464.228,-425.087
463.618,-426.202
462.933,-425.787
464.465,-423.556
468.509,-420.72
474.913,-420.691
474.062,-413.88
472.918,-400.252
468.722,-391.383
471.177,-390.219
463.362,-381.201
451.424,-372.477
442.853,-360.514
434.999,-355.393
430.262,-342.861
431.327,-336.354
432.878,-348.844
440.426,-360.367
450.59,-361.588
462.229,-361.166
476.469,-363.081
478.23,-376.093
479.12,-378.216
498.69,-436.611
499.259,-438.972
498.824,-450.164
499.566,-463.712
496.163,-476.383
484.707,-477.006
477.382,-469.816
477.945,-459.295
468.377,-454.755
466.048,-466.981
460.316,-468.985
453.446,-474.824
455.326,-469.04
470.053,-469.22
474.89,-460.413
477.145,-450.305
489.301,-449.584
498.618,-445.417
498.217,-436.572
499.121,-428.247
499.757,-415.232
498.717,-402.847
489.118,-399.325
488.19,-409.054
486.888,-422.434
486.302,-434.787
487.486,-447.382
479.098,-450.197
478.49,-449.865
476.621,-438.125
484.818,-432.878
495.105,-436.264
498.403,-429.569
487.577,-426.658
486.909,-426.69
484.79,-429.673
476.459,-429.174
467.931,-429.858
460.395,-429.145
459.322,-428.15
460.335,-425.167
464.12,-424.918
467.045,-436.222
476.506,-439.137
470.113,-446.745
466.742,-434.783
465.684,-421.58
475.523,-421.403
475.429,-419.289
475.416,-419.283
473.974,-413.401
472.734,-399.281
471.651,-389.344
461.472,-380.837
449.989,-371.811
446.471,-361.863
453.576,-361.4
464.178,-360.385
472.719,-360.606
483.414,-361.689
490.331,-361.904
498.856,-366.365
499.974,-379.819
499.365,-392.887
497.056,-398.855
496.027,-399.304
498.124,-400.939
498.598,-404.287
498.706,-415.146
493.48,-416.83
487.83,-410.935
487.977,-402.943
484.902,-397.297
485.773,-387.694
497.979,-387.862
497.881,-399.167
484.867,-397.075
473.336,-395.969
472.599,-394.44
474.381,-386.998
476.819,-375.723
470.327,-374.1
464.18,-365.562
470.763,-355.805
470.685,-345.733
464.447,-343.104
463.303,-339.263
463.306,-338.839
463.499,-335.145
463.504,-329.048
463.347,-331.516
466.269,-341.751
470.887,-348.286
471.24,-360.086
477.104,-367.487
477.366,-374.273
477.403,-383.333
471.453,-394.09
465.588,-402.885
462.792,-408.821
462.857,-415.047
464.248,-424.959
463.733,-426.12
462.871,-425.898
463.998,-424.119
468.157,-420.739
474.796,-420.697
474.032,-414.58
473.095,-401.252
468.938,-391.569
470.583,-390.603
464.189,-381.862
452.242,-373.162
443.597,-361.228
435.484,-356.215
430.466,-343.581
431.371,-335.496
432.198,-348.202
439.515,-359.842
450.444,-361.587
461.244,-361.105
475.671,-362.323
478.114,-375.039
478.992,-378.212
498.267,-436.778
499.049,-438.248
498.873,-449.312
499.404,-462.733
497.021,-475.969
485.677,-476.782
477.345,-470.715
478.304,-460.232
469.167,-454.555
465.873,-466.05
461.294,-468.88
453.221,-474.244
454.388,-469.101
469.05,-469.262
474.766,-461.39
477.007,-451
488.342,-449.745
498.741,-446.406
498.298,-437.236
499.156,-428.918
499.881,-415.69
498.845,-403.668
489.701,-399.159
488.242,-408.227
486.781,-421.46
486.172,-433.833
487.374,-447.315
479.252,-450.09
478.897,-450.037
476.738,-439.139
483.814,-432.822
494.634,-436.194
498.701,-430.513
488.093,-426.491
486.965,-426.588
484.813,-429.547
477.294,-429.128
468.466,-429.703
460.869,-429.386
459.445,-428.209
459.872,-425.298
463.933,-424.925
466.448,-435.444
476.455,-438.406
471.082,-446.631
466.913,-435.738
465.16,-422.036
475.269,-421.647
475.551,-419.259
475.548,-419.262
474.107,-414.089
472.983,-400.229
471.812,-389.692
462.384,-381.239
450.663,-372.578
446.493,-362.426
452.566,-361.465
464.2,-360.509
471.73,-360.662
482.977,-361.787
489.335,-362.006
498.675,-365.631
499.837,-378.822
499.356,-392.01
497.243,-398.718
496.101,-399.208
497.677,-400.372
498.463,-403.749
498.596,-414.936
493.922,-416.622
487.899,-411.263
488.105,-402.966
485.444,-397.999
485.007,-388.004
497.819,-387.739
498.068,-398.74
485.565,-397.782
473.429,-395.846
472.69,-394.525
473.648,-387.679
477.445,-375.983
470.968,-374.017
464.242,-366.556
470.904,-356.769
470.815,-345.752
464.653,-343.137
463.415,-339.305
463.406,-339.168
463.581,-335.705
463.792,-329.489
462.965,-330.772
465.616,-341.657
470.729,-347.307
471.039,-359.441
477.035,-366.709
477.324,-373.291
477.768,-382.487
471.393,-393.241
466.397,-402.291
462.672,-408.717
462.522,-414.726
464.146,-424.902
463.905,-425.747
462.949,-426.002
463.693,-424.742
467.386,-420.882
474.689,-420.796
474.08,-415.405
473.381,-402.2
469.066,-391.526
470.396,-390.843
465.006,-382.389
453.105,-373.673
444.386,-361.849
436.007,-356.713
430.761,-344.239
430.934,-335.103
431.416,-347.595
438.633,-359.416
450.393,-361.698
460.314,-361.253
474.711,-362.027
477.925,-374.144
478.927,-378.319
498.082,-436.915
498.858,-437.685
499.104,-448.629
499.257,-461.884
497.318,-475.446
486.497,-476.487
477.326,-471.544
478.634,-461.022
469.834,-454.366
465.708,-465.177
462.159,-468.753
452.924,-473.643
453.857,-469.518
468.194,-469.313
474.802,-462.093
477.129,-451.589
487.496,-449.901
498.814,-447.266
498.407,-437.517
499.199,-429.184
499.998,-416.319
499.003,-404.508
490.387,-398.997
488.147,-407.379
486.715,-420.569
486.046,-433.315
487.243,-446.928
479.525,-449.984
478.968,-449.942
476.856,-439.966
482.925,-432.959
493.963,-436.077
498.956,-431.332
488.309,-426.36
486.899,-426.477
485.216,-429.287
477.997,-429.103
468.795,-429.571
461.182,-429.504
459.55,-428.214
459.72,-425.417
463.939,-425.106
466.024,-434.714
476.021,-438.046
471.945,-446.524
467.017,-436.593
465.041,-422.348
475.189,-421.754
475.601,-419.147
475.596,-419.149
474.243,-414.453
473.212,-401.071
472.006,-390.394
463.198,-381.593
451.274,-373.195
446.461,-363.202
451.819,-361.536
464.116,-360.755
470.872,-360.71
482.119,-361.658
488.469,-362.1
498.503,-365.062
499.7,-377.957
499.255,-391.235
497.755,-398.247
496.185,-399.075
497.221,-400.076
498.349,-403.743
498.483,-414.468
494.437,-416.4
488.033,-411.205
488.312,-403.321
485.888,-398.556
484.685,-388.599
497.497,-387.673
498.001,-398.053
486.202,-398.357
473.884,-395.722
472.813,-394.481
473.067,-388.288
477.938,-376.378
471.562,-373.944
464.301,-367.405
471.02,-357.65
470.894,-345.653
464.681,-343.014
463.522,-339.244
463.518,-339.239
463.699,-335.644
464.005,-329.949
462.735,-330.438
465.39,-341.968
470.722,-346.423
470.916,-358.885
476.919,-366.716
477.262,-372.598
477.845,-381.819
471.429,-392.442
467.086,-401.779
462.569,-408.78
462.201,-414.348
464.027,-424.946
463.943,-425.372
463.068,-425.989
463.532,-425.214
466.714,-420.981
474.736,-420.903
474.147,-416.069
473.643,-403.023
469.437,-391.652
470.513,-390.926
465.482,-382.585
453.87,-374.14
445.024,-362.424
436.435,-356.961
430.989,-344.639
430.658,-335.265
430.733,-347.059
437.861,-359.054
450.126,-361.814
459.51,-361.424
473.831,-361.99
477.748,-373.359
479.003,-378.447
497.966,-436.921
498.803,-437.227
499.414,-448.046
499.227,-461.513
497.423,-475.034
487.318,-476.422
477.312,-471.681
478.853,-461.768
470.539,-454.28
465.66,-464.384
462.939,-468.693
452.742,-473.047
453.476,-470.011
467.403,-469.261
474.743,-462.683
477.136,-451.83
486.694,-449.941
498.753,-448.081
498.409,-437.404
499.224,-429.16
499.976,-417.134
499.092,-405.301
491.156,-398.942
488.127,-406.969
486.833,-419.754
486.051,-432.807
487.208,-446.13
480.334,-450.006
478.894,-449.862
476.851,-440.766
482.117,-432.969
493.806,-436.064
499.076,-432.12
488.836,-426.31
486.771,-426.477
485.533,-429.162
478.596,-429.172
468.969,-429.56
461.289,-429.584
459.545,-428.104
459.843,-425.411
464.09,-425.105
465.907,-433.944
475.452,-437.97
472.758,-446.523
467.001,-437.394
464.737,-422.984
475.228,-421.754
475.515,-419.048
475.524,-419.055
474.244,-414.489
473.283,-401.579
472.095,-391.092
463.876,-382.013
451.801,-373.776
446.403,-363.969
451.424,-361.612
463.539,-361.091
470.095,-360.756
481.89,-361.593
487.668,-362.082
498.399,-364.322
499.691,-377.158
499.258,-390.439
498.089,-397.958
496.079,-399.097
496.866,-399.743
498.349,-403.741
498.475,-414.248
494.963,-416.284
488.097,-411.522
488.439,-403.797
486.225,-399.128
484.471,-388.945
497.104,-387.572
497.963,-397.621
486.685,-398.927
474.206,-395.697
472.843,-394.368
472.741,-388.919
478.09,-376.856
471.98,-373.976
464.253,-368.153
471.027,-358.474
470.842,-345.537
464.822,-343.136
463.515,-339.113
463.517,-339.118
463.685,-335.518
464.001,-330.267
462.69,-329.999
464.614,-342.2
470.877,-345.654
470.901,-358.414
476.925,-366.502
477.262,-372.562
477.801,-381.244
471.603,-391.695
467.795,-401.385
462.565,-408.804
462.092,-414.045
464.018,-425.009
463.969,-425.313
463.13,-425.876
463.34,-425.54
466.219,-421.033
474.823,-420.912
474.206,-416.725
473.787,-403.808
470.014,-392.189
470.626,-390.853
466.125,-383.036
454.517,-374.584
445.472,-363.087
436.75,-357.181
431.168,-345.259
430.486,-335.439
430.297,-346.352
437.209,-358.629
449.954,-361.815
458.784,-361.467
473.051,-361.946
477.695,-372.796
474.397,-386.885
478.6,-376.484
478.466,-376.333
478.584,-376.305
478.568,-375.992
477.983,-365.179
473.576,-360.953
470.641,-349.489
465.613,-343.816
463.645,-332.595
463.391,-331.953
463.704,-335.955
463.672,-341.389
471.002,-345.634
470.801,-359.618
467.816,-360.552
460.253,-361.233
447.985,-361.532
446.14,-361.195
434.184,-354.497
428.607,-342.902
431.567,-340.408
430.689,-337.617
432.725,-350.467
440.332,-360.344
447.749,-367.839
457.752,-376.757
467.633,-385.717
478.21,-380.61
478.312,-369.767
486.148,-362.216
498.499,-363.602
499.865,-378.209
495.117,-386.951
484.443,-392.519
488.331,-404.961
492.858,-416.866
498.552,-406.6
489.377,-398.927
476.413,-404.695
474.6,-395.815
484.037,-399.211
476.401,-404.228
466.697,-401.77
463.042,-405.94
464.939,-419.203
477.143,-420.081
488.327,-417.718
497.096,-417.159
499.551,-408.872
498.525,-405.84
499.313,-419.317
498.804,-425.565
498.795,-433.326
499.239,-442.811
499.268,-449.747
489.404,-449.857
480.105,-449.842
477.174,-455.532
474.872,-467.483
477.137,-472.884
485.029,-476.645
497.616,-474.215
497.867,-464.619
499.218,-454.339
487.522,-450.075
477.89,-450.48
474.587,-464.645
465.001,-469.026
455.757,-468.506
454.097,-468.682
454.345,-468.638
462.574,-468.64
466.118,-460.77
466.282,-448.255
466.615,-446.33
476.901,-443.264
468.39,-437.857
471.879,-446.179
476.825,-436.834
476.036,-422.97
463.594,-423.794
465.604,-434.097
465.424,-431.197
463.765,-427.575
465.537,-421.803
475.504,-418.528
474.456,-416.316
473.58,-406.376
472.029,-397.552
476.417,-384.211
477.077,-378.483
478.492,-376.562
478.662,-376.332
478.461,-376.367
478.223,-368.52
477.097,-363.364
470.704,-355.033
469.175,-343.946
463.257,-338.197
463.552,-329.578
463.816,-335.703
463.812,-338.035
469.018,-342.635
470.891,-354.215
467.884,-360.662
464.051,-361.095
451.383,-361.875
446.277,-361.329
437.614,-358.811
430.091,-346.381
431.747,-342.751
431.652,-336.282
431.308,-345.093
437.307,-358.324
445.658,-363.865
453.125,-373.606
463.948,-381.617
476.161,-385.123
477.987,-372.69
480.576,-362.021
494.687,-361.547
499.726,-372.652
500.143,-385.338
486.058,-387.803
484.891,-400.888
488.611,-414.159
498.301,-412.21
494.934,-399.326
481.94,-403.923
472.628,-398.482
482.215,-395.724
481.367,-403.778
469.22,-401.783
466.224,-402.14
463.007,-414.787
472.115,-420.357
483.423,-418.268
496.545,-417.091
498.935,-413.96
499.539,-407.035
499.279,-414.52
498.933,-422.95
498.988,-428.186
499.105,-439.369
499.713,-448.954
493.883,-450.077
484.243,-449.938
477.542,-451.064
474.386,-463.823
476.672,-471.808
480.884,-475.36
494.17,-476.509
497.979,-468.523
498.906,-459.217
493.14,-450.206
481.589,-450.293
475.929,-459.191
469.925,-469.282
458.231,-469.093
455.276,-468.551
454.201,-468.521
457.236,-468.722
466.162,-465.647
465.934,-452.772
466.267,-446.338
474.625,-445.812
473.924,-438.206
466.991,-445.136
476.477,-440.609
477.007,-428.378
468.048,-420.748
466.491,-430.876
466.84,-434.55
463.786,-428.004
463.878,-425.651
472.987,-420.65
475.26,-418.282
473.511,-410.269
473.268,-402.001
472.802,-388.504
478.307,-379.237
478.493,-376.692
478.7,-376.376
478.451,-376.484
478.371,-373.792
477.889,-365.371
471.227,-359.586
470.494,-346.003
463.912,-342.683
463.837,-330.11
463.624,-332.724
463.817,-335.767
465.122,-343.842
470.917,-349.072
470.374,-361.014
467.734,-360.668
457.087,-361.502
446.388,-361.352
442.961,-360.835
432.915,-351.219
430.461,-340.661
431.774,-337.186
430.833,-339.444
434.332,-353.555
442.399,-361.065
449.175,-369.505
460.65,-378.772
470.997,-386.501
478.048,-377.143
478.245,-366.276
489.665,-362.012
499.123,-367.015
500.147,-381.703
491.607,-387.162
484.253,-395.843
488.482,-408.451
496.311,-416.883
498.172,-403.148
486.291,-400.251
473.519,-403.83
478.113,-395.545
484.118,-401.878
474.122,-403.662
466.718,-401.885
462.626,-409.386
466.812,-420.814
480.576,-419.758
491.799,-417.443
497.524,-417.01
499.45,-408.416
498.48,-408.9
499.406,-419.394
498.913,-425.565
498.953,-436.164
499.479,-444.258
497.881,-449.784
487.311,-449.943
478.932,-449.983
476.566,-458.984
475.138,-468.579
479.194,-474.573
488.53,-476.696
497.993,-471.052
498.628,-461.92
498.22,-451.432
484.08,-450.278
476.82,-453.58
473.849,-468.063
463.886,-469.12
455.62,-468.533
453.923,-468.571
455.345,-468.651
465.071,-468.383
465.644,-457.261
466.204,-447.585
469.824,-446.242
477.068,-440.018
467.612,-440.26
475.165,-445.461
476.89,-433.994
473.646,-420.838
462.578,-427.035
465.967,-435.921
464.012,-428.234
463.705,-427.111
468.159,-420.662
475.404,-418.665
473.721,-413.081
473.458,-405.95
471.746,-394.088
477.695,-381.689
476.96,-378.459
478.64,-376.569
478.501,-376.54
478.557,-376.552
478.125,-366.439
475.279,-361.462
470.662,-351.511
466.777,-343.823
463.488,-334.69
463.334,-331.319
463.709,-335.7
463.685,-339.621
470.36,-343.636
470.8,-357.744
468.079,-360.566
461.751,-361.19
449.821,-361.699
446.467,-361.252
435.168,-356.367
428.959,-344.649
431.609,-341.994
430.572,-337.387
431.884,-348.532
438.933,-359.726
446.881,-366.401
455.913,-375.636
466.018,-384.349
477.937,-382.696
478.164,-371.863
484.064,-362.101
496.869,-362.208
499.783,-376.138
497.141,-386.603
484.516,-390.433
487.6,-403.1
490.809,-416.418
498.274,-408.694
491.469,-398.852
478.469,-404.616
472.845,-396.089
484.074,-397.127
478.484,-403.98
466.998,-401.625
463.526,-403.893
463.93,-417.765
475.544,-420.536
486.232,-417.908
496.829,-417.179
499.404,-410.69
499.287,-405.436
499.596,-417.774
498.802,-424.627
498.656,-431.243
499.088,-440.798
499.694,-449.803
490.425,-449.871
481.194,-449.828
477.467,-453.522
474.686,-466.303
476.602,-471.894
482.979,-476.196
496.786,-475.23
497.985,-466.314
499.226,-456.346
489.623,-450.04
479.064,-450.211
475.087,-462.57
466.741,-469.08
455.694,-469.355
454.186,-468.68
454.082,-468.631
460.464,-468.725
466.25,-462.756
466.205,-449.854
466.289,-446.389
476.193,-445.018
470.468,-437.895
469.809,-446.425
476.797,-437.35
476.15,-425.036
464.994,-422.232
465.81,-433.111
465.805,-432.18
463.921,-428.03
464.75,-423.284
475.2,-419.96
474.681,-416.843
473.596,-407.318
472.527,-399.098
475.14,-385.852
476.91,-377.914
478.71,-376.674
478.441,-376.493
478.673,-376.502
478.593,-370.319
478.025,-364.695
470.877,-356.616
470.391,-343.778
463.535,-340.167
463.622,-329.36
463.627,-334.079
463.592,-336.43
467.994,-343.739
470.729,-352.755
468.47,-360.498
465.584,-360.578
453.367,-361.628
446.429,-361.133
439.531,-359.362
431.437,-347.866
431.507,-341.378
431.654,-335.79
430.89,-343.149
435.855,-356.948
444.505,-362.668
451.532,-372.435
462.398,-380.426
474.512,-386.267
478.135,-373.485
478.746,-362.79
493.347,-361.903
499.411,-370.65
500.006,-383.94
487.897,-387.068
483.806,-399.457
488.336,-412.186
498.556,-414.184
496.831,-399.915
483.446,-402.614
473.064,-400.418
480.569,-395.771
482.606,-403.245
471.19,-402.068
466.648,-401.684
462.491,-413.085
470.193,-420.799
481.52,-418.806
495.128,-417.427
498.798,-415.606
499.706,-407.899
498.747,-412.597
498.797,-421.042
498.713,-426.673
498.784,-437.5
499.468,-447.006
494.956,-449.8
485.458,-449.72
477.994,-449.944
474.474,-461.995
475.795,-470.656
480.46,-475.423
492.217,-476.794
498.219,-470.003
499.109,-459.377
495.118,-450.07
482.433,-450.071
476.099,-457.235
471.879,-469.105
460.211,-468.854
455.616,-468.753
453.93,-468.792
456.059,-468.975
466.016,-466.996
466.05,-454.449
466.479,-446.49
473.479,-446.151
475.801,-438.214
466.789,-443.787
476.564,-442.514
477.25,-430.338
469.932,-420.224
464.865,-429.832
467.315,-434.696
464.03,-427.942
463.951,-426.792
471.007,-420.757
475.511,-418.321
473.742,-411.422
473.628,-403.754
472.388,-390.469
478.187,-380.603
478.711,-376.543
478.446,-376.302
478.685,-376.367
478.66,-375.047
478.103,-365.213
472.351,-360.228
470.745,-347.725
464.517,-343.238
463.969,-331.075
463.341,-332.339
463.596,-335.89
463.982,-343.159
470.685,-347.372
470.596,-360.185
467.896,-360.445
458.756,-361.188
446.379,-361.126
444.698,-360.864
433.671,-352.788
429.304,-341.625
431.482,-338.501
430.527,-337.775
433.394,-352.134
441.397,-360.909
447.943,-368.365
459.163,-377.825
469.277,-386.422
478.339,-378.863
478.466,-368.029
487.965,-362.361
498.883,-365.324
499.847,-380.001
493.332,-386.886
484.184,-394.178
488.22,-406.733
494.623,-417.108
498.54,-404.832
487.604,-399.168
475.006,-404.591
476.394,-395.843
483.906,-400.998
474.723,-403.618
466.516,-401.738
462.655,-407.665
465.663,-420.134
478.915,-420.148
490.095,-417.753
497.563,-417.223
499.683,-408.322
498.128,-407.21
499.171,-419.434
498.69,-425.596
498.707,-435.156
499.263,-444.354
499.301,-449.636
488.457,-449.732
479.198,-449.757
476.858,-457.283
474.802,-467.737
477.834,-474.165
486.791,-476.985
498.178,-472.647
498.428,-463.199
499.019,-452.549
485.728,-450.035
476.774,-451.841
474.059,-466.356
464.771,-468.91
455.783,-468.711
454.048,-468.795
454.504,-468.764
464.001,-468.674
466.004,-458.975
466.432,-447.554
468.116,-446.571
477.173,-441.503
467.332,-438.564
473.538,-445.976
477.007,-435.697
475.135,-421.455
462.772,-425.388
465.325,-435.587
464.882,-429.546
463.871,-427.586
466.562,-421.252
475.563,-418.47
474.248,-414.704
473.678,-405.823
472.015,-395.794
477.504,-382.955
477.202,-378.404
478.698,-376.392
478.291,-368.625
470.747,-355.397
463.321,-338.679
463.772,-335.34
468.96,-342.74
467.833,-360.611
451.931,-361.839
438.164,-358.979
431.696,-342.689
431.21,-344.575
445.469,-363.561
463.57,-381.218
478.018,-372.856
494.726,-361.591
499.968,-385.619
485.281,-401.089
498.323,-411.765
481.546,-404.004
483.266,-395.923
467.323,-401.623
463.906,-417.522
486.85,-417.746
499.391,-410.09
499.673,-418.244
498.767,-431.897
499.314,-449.812
480.769,-449.899
474.846,-466.877
483.529,-476.302
497.89,-465.808
489.031,-450.104
474.57,-464.949
455.685,-468.504
454.42,-468.589
465.899,-459.486
467.662,-446.366
467.494,-438.424
476.802,-436.276
463.096,-424.918
464.905,-430.069
466.806,-420.933
474.024,-414.403
471.833,-395.347
477.033,-378.323
478.434,-376.405
478.169,-367.464
470.654,-353.132
463.42,-334.868
463.772,-335.721
470.555,-343.93
468.053,-360.627
449.633,-361.75
433.725,-353.52
431.646,-338.923
433.212,-351.351
447.826,-367.841
469.852,-386.407
478.297,-366.841
499.065,-367.36
490.964,-387.129
488.439,-408.806
498.193,-402.88
473.228,-403.567
484.032,-402.051
466.738,-401.82
467.774,-420.845
492.986,-417.417
499.518,-408.133
499.325,-419.561
498.906,-436.136
496.856,-449.814
478.976,-449.943
475.255,-469.242
489.753,-476.643
498.785,-461.068
483.326,-450.24
471.579,-469.276
455.581,-468.587
456.029,-468.804
465.938,-453.443
474.275,-445.898
466.821,-444.585
477.102,-429.1
466.254,-430.603
463.951,-428.092
473.459,-420.737
473.551,-409.078
474.137,-387.001
478.661,-376.51
478.64,-376.317
478.005,-364.876
470.241,-343.782
463.478,-329.321
463.641,-337.097
470.706,-353.828
464.345,-360.884
446.267,-361.153
430.515,-346.662
431.63,-335.997
437.07,-358.34
452.658,-373.432
475.795,-385.573
480.09,-362.348
499.527,-372.08
486.493,-387.406
488.421,-413.695
495.418,-399.291
472.846,-399.006
481.685,-403.541
466.325,-401.9
471.617,-420.6
496.381,-417.284
499.7,-407.239
498.758,-423.102
498.946,-439.582
493.499,-449.892
477.325,-451.228
476.635,-472.095
494.612,-476.659
499.089,-459.057
481.152,-450.117
469.476,-469.093
455.33,-468.728
457.641,-468.887
466.134,-452.324
474.806,-445.964
466.952,-445.546
477.055,-427.902
466.359,-431.187
463.867,-427.855
473.381,-420.851
473.679,-409.865
476.78,-385.487
478.164,-376.571
477.856,-378.053
477.947,-378.166
476.34,-362.221
446.915,-361.435
463.562,-379.59
475.725,-362.037
463.878,-378.54
478.862,-387.688
498.75,-379.174
498.221,-364.268
473.643,-361.073
444.599,-360.419
432.533,-340.075
432.414,-342.827
433.118,-338.662
425.36,-334.802
437.453,-357.798
458.64,-377.632
464.797,-374.824
473.998,-387.313
463.228,-406.523
464.41,-402.806
475.478,-419.634
463.265,-407.816
470.001,-421.369
486.335,-408.481
474.896,-412.089
496.593,-415.714
498.449,-389.538
498.902,-385.608
481.676,-395.611
479.438,-404.596
488.62,-404.943
498.101,-425.305
499.987,-452.181
497.938,-471.908
476.475,-472.705
454.929,-469.121
465.981,-455.886
468.001,-429.611
483.969,-418.057
478.809,-433.168
478.41,-449.927
498.529,-451.091
484.228,-464.77
476.566,-441.654
459.843,-429.393
465.27,-431.522
469.383,-455.289
477.976,-449.847
478.34,-432.97
486.625,-438.174
489.802,-438.257
498.771,-417.392
499.268,-388.312
496.349,-360.771
467.705,-361.959
445.453,-363.887
439.475,-361.215
433.059,-336.401
432.563,-347.178
449.284,-368.11
470.64,-386.633
477.803,-376.241
477.632,-378.071
478.097,-370.331
455.531,-361.083
457.201,-378.406
467.897,-361.075
468.037,-374.344
472.215,-388.628
499.014,-385.608
499.099,-371.611
481.293,-361.929
451.925,-360.353
432.627,-347.56
426.773,-341.544
430.183,-334.74
432.12,-335.801
433.893,-352.498
453.957,-374.167
463.357,-380.464
477.614,-384.239
463.911,-403.719
463.364,-406.348
474.228,-414.105
462.935,-410.939
464.828,-419.799
488.461,-412.084
474.65,-408.37
493.215,-416.039
498.443,-392.604
499.147,-383.251
483.443,-393.762
476.946,-405.054
488.344,-403.007
498.214,-423.185
499.968,-451.883
499.256,-471.677
478.266,-475.194
455.098,-469.561
467.025,-458.651
467.008,-430.883
483.062,-417.99
480.444,-433.201
478.155,-449.798
497.542,-450.384
485.05,-464.952
475.956,-442.763
461.088,-429.421
466.193,-432.854
470.531,-454.851
479.286,-449.42
479.002,-432.494
486.718,-438.803
488.515,-438.336
499.094,-419.461
498.706,-390.648
497.877,-362.308
469.825,-362
445.405,-362.977
440.624,-361.31
432.788,-337.634
431.948,-346.127
448.673,-367.146
469.577,-386.04
477.415,-376.397
477.649,-378.199
477.671,-373.898
459.129,-360.766
453.836,-375.254
464.902,-361.777
471.862,-374.327
471.532,-392.16
497.563,-387.707
498.655,-374.348
483.859,-361.152
454.775,-360.663
432.828,-350.396
425.008,-340.759
428.007,-335.941
432.346,-335.648
433.014,-348.827
450.679,-370.955
463.54,-384.863
477.732,-379.878
466.718,-402.226
463.534,-408.28
474.033,-408.521
464.387,-416.345
464.07,-415.271
486.196,-417.718
477.846,-403.659
485.276,-417.908
499.456,-400.754
500.728,-375.655
485.6,-388.085
472.22,-402.216
484.371,-399.471
495.996,-416.85
499.316,-442.989
500.032,-463.464
487.102,-476.092
463.372,-468.753
466.856,-465.218
466.785,-436.859
477.652,-420.643
486.336,-431.391
476.77,-445.786
489.711,-449.541
493.177,-464.97
476.501,-450.894
465.969,-434.52
461.926,-425.852
465.999,-450.241
475.316,-458.315
476.563,-441.325
491.49,-435.683
487.679,-444.662
499.545,-429.575
499.008,-399.614
499.657,-371.127
478.922,-361.077
453.298,-360.976
447.512,-366.854
432.466,-347.688
425.083,-340.274
442.108,-360.135
461.846,-381.512
477.767,-376.606
477.859,-378.168
478.707,-379.862
467.321,-360.906
448.466,-369.201
464.412,-370.597
477.8,-370.31
465.44,-387.316
487.735,-387.787
500.453,-376.608
492.763,-360.414
463.589,-360.591
435.069,-357.999
427.74,-335.701
424.54,-340.991
432.778,-344.065
427.392,-342.044
445.821,-363.434
465.279,-382.032
474.612,-373.827
470.418,-395.739
463.717,-414.022
471.975,-401.92
470.038,-421.131
463.876,-409.77
478.72,-419.527
483.869,-406.76
477.611,-419.606
499.844,-408.872
497.856,-379.451
492.335,-387.756
474.255,-396.126
483.518,-403.292
488.496,-414.545
499.247,-435.239
500.175,-455.805
494.874,-476.615
470.75,-469.44
463.46,-468.651
466.681,-446.909
474.803,-430.046
486.956,-423.648
476.556,-435.152
481.011,-449.482
499.193,-459.548
477.728,-460.675
473.232,-437.315
456.889,-425.205
465.753,-440.451
476.949,-456.441
479.229,-449.19
486.548,-433.701
487.974,-447.061
495.043,-437.682
498.88,-411.194
499.17,-381.462
489.374,-361.274
460.703,-361.284
446.77,-365.787
433.37,-357.38
429.309,-335.544
433.575,-354.293
452.396,-374.951