506.00 335.00
445.00 337.00
589.00 399.00
1022.00 424.00
678.00 425.00
1064.00 425.00
547.00 448.00
264.00 455.00
885.00 464.00
1168.00 475.00
623.00 495.00
908.00 505.00
384.00 520.00
1464.00 525.00
1182.00 538.00
1033.00 539.00
1081.00 543.00
336.00 550.00
858.00 555.00
1403.00 556.00
21.00 557.00
1519.00 561.00
1463.00 576.00
903.00 579.00
1214.00 581.00
295.00 599.00
1560.00 599.00
1353.00 605.00
733.00 625.00
781.00 639.00
1568.00 640.00
1292.00 648.00
1209.00 654.00
1407.00 656.00
1353.00 658.00
383.00 669.00
782.00 684.00
118.00 686.00
1470.00 687.00
1014.00 689.00
182.00 693.00
1368.00 700.00
1410.00 710.00
1210.00 718.00
375.00 731.00
176.00 735.00
1252.00 763.00
560.00 767.00
1206.00 768.00
67.00 785.00
1475.00 801.00
448.00 802.00
884.00 806.00
1320.00 807.00
1566.00 815.00
1423.00 829.00
86.00 848.00
1365.00 850.00
180.00 852.00
904.00 873.00
1353.00 893.00
131.00 901.00
1186.00 922.00
179.00 923.00
57.00 926.00
1052.00 935.00
1118.00 942.00
1200.00 966.00
965.00 967.00
70.00 969.00
204.00 971.00
1009.00 971.00
1367.00 972.00
1140.00 989.00
666.00 990.00
367.00 994.00
897.00 1011.00
1302.00 1032.00
889.00 1062.00
312.00 1068.00
1246.00 1080.00
1146.00 1091.00
132.00 1098.00
178.00 1112.00
312.00 1119.00
85.00 1175.00
1493.00 1180.00
1411.00 1226.00
755.00 1312.00
60.00 1519.00
