1941.00 22.00
1278.00 26.00
2137.00 62.00
1941.00 111.00
2075.00 144.00
2186.00 173.00
1721.00 204.00
1665.00 222.00
1486.00 241.00
1913.00 256.00
1960.00 266.00
1631.00 278.00
1839.00 297.00
1796.00 315.00
1377.00 321.00
1902.00 329.00
1708.00 331.00
1849.00 342.00
1796.00 394.00
1145.00 402.00
1632.00 415.00
1221.00 425.00
1394.00 426.00
1569.00 432.00
1798.00 438.00
2173.00 448.00
1519.00 457.00
1741.00 458.00
1583.00 476.00
1799.00 485.00
1475.00 486.00
2159.00 489.00
1630.00 492.00
1531.00 504.00
1195.00 517.00
1256.00 521.00
1855.00 527.00
1669.00 535.00
1600.00 536.00
1554.00 573.00
1215.00 579.00
1322.00 587.00
1649.00 594.00
1434.00 595.00
1263.00 600.00
1696.00 611.00
2327.00 615.00
1560.00 620.00
1920.00 637.00
1708.00 656.00
2111.00 656.00
2529.00 656.00
1608.00 685.00
1995.00 688.00
2041.00 691.00
1865.00 696.00
2465.00 696.00
2579.00 710.00
1926.00 727.00
1565.00 729.00
1982.00 729.00
1263.00 742.00
2166.00 745.00
2401.00 747.00
1833.00 754.00
1749.00 758.00
1699.00 761.00
2215.00 765.00
1215.00 777.00
1572.00 777.00
1485.00 792.00
1141.00 797.00
1291.00 804.00
1384.00 809.00
2137.00 817.00
1235.00 824.00
2001.00 831.00
1838.00 832.00
2559.00 834.00
1343.00 846.00
1511.00 855.00
1299.00 865.00
1115.00 880.00
1603.00 885.00
1710.00 891.00
2193.00 899.00
1186.00 905.00
1512.00 905.00
1300.00 907.00
1418.00 913.00
2536.00 913.00
1780.00 916.00
1085.00 925.00
1937.00 938.00
1885.00 957.00
2289.00 961.00
1487.00 969.00
1750.00 982.00
2130.00 983.00
2230.00 997.00
1811.00 1011.00
1989.00 1028.00
2054.00 1031.00
1852.00 1035.00
1946.00 1035.00
1769.00 1045.00
2257.00 1059.00
1991.00 1072.00
2198.00 1073.00
1703.00 1087.00
1658.00 1110.00
1704.00 1131.00
2228.00 1142.00
2167.00 1161.00
2271.00 1202.00
2230.00 1213.00
1642.00 1223.00
2225.00 1266.00
2476.00 1282.00
1821.00 1293.00
1178.00 1417.00
1534.00 1430.00
1717.00 1463.00
1774.00 1466.00
1178.00 1476.00
1740.00 1567.00
1682.00 1786.00
1422.00 1824.00
2016.00 1871.00
1456.00 1975.00
