855.00 9.00
1396.00 209.00
1097.00 213.00
1153.00 282.00
84.00 370.00
1314.00 443.00
1376.00 451.00
377.00 452.00
1405.00 495.00
941.00 519.00
177.00 528.00
524.00 538.00
567.00 559.00
820.00 562.00
719.00 599.00
268.00 603.00
760.00 646.00
455.00 652.00
805.00 664.00
503.00 670.00
574.00 693.00
703.00 714.00
637.00 735.00
169.00 741.00
543.00 747.00
587.00 761.00
634.00 777.00
103.00 778.00
1428.00 785.00
14.00 786.00
314.00 786.00
1282.00 796.00
1128.00 798.00
504.00 805.00
860.00 808.00
562.00 830.00
311.00 840.00
1075.00 840.00
700.00 847.00
409.00 849.00
1022.00 862.00
1182.00 863.00
608.00 867.00
1300.00 867.00
819.00 881.00
862.00 894.00
604.00 917.00
724.00 921.00
959.00 925.00
488.00 932.00
158.00 936.00
1010.00 936.00
1079.00 959.00
1344.00 962.00
500.00 976.00
560.00 987.00
1000.00 988.00
845.00 996.00
721.00 1015.00
1106.00 1015.00
941.00 1022.00
1165.00 1022.00
15.00 1035.00
776.00 1046.00
466.00 1052.00
301.00 1063.00
921.00 1066.00
1006.00 1082.00
409.00 1097.00
463.00 1103.00
342.00 1128.00
501.00 1148.00
105.00 1157.00
386.00 1177.00
584.00 1177.00
939.00 1180.00
146.00 1188.00
834.00 1379.00
407.00 1400.00
454.00 1407.00
548.00 1459.00
661.00 1465.00
615.00 1500.00
920.00 1537.00
1247.00 1645.00
461.00 1693.00
626.00 1717.00
