410.00 37.00
1672.00 103.00
511.00 116.00
1319.00 120.00
1040.00 123.00
641.00 151.00
1383.00 171.00
1500.00 175.00
1043.00 176.00
1336.00 217.00
1770.00 223.00
1042.00 236.00
1505.00 251.00
916.00 307.00
1448.00 362.00
1399.00 381.00
264.00 411.00
1575.00 411.00
1193.00 423.00
289.00 481.00
500.00 487.00
1191.00 490.00
1466.00 508.00
280.00 530.00
495.00 530.00
1566.00 530.00
1367.00 544.00
1612.00 545.00
1655.00 557.00
321.00 560.00
911.00 578.00
1174.00 599.00
1658.00 611.00
494.00 619.00
1529.00 635.00
447.00 647.00
1487.00 648.00
1584.00 649.00
1288.00 666.00
1955.00 686.00
1690.00 691.00
2016.00 717.00
1550.00 775.00
1712.00 776.00
1499.00 782.00
664.00 794.00
1852.00 810.00
1450.00 825.00
1509.00 833.00
655.00 869.00
1487.00 878.00
1395.00 879.00
1862.00 889.00
1324.00 897.00
1026.00 964.00
1623.00 1079.00
2042.00 1150.00
1331.00 1151.00
1687.00 1172.00
1728.00 1215.00
2056.00 1231.00
1035.00 1314.00
1701.00 1350.00
1408.00 1420.00
1531.00 1424.00
2026.00 1433.00
2008.00 1479.00
1731.00 1550.00
