915.00 15.00
623.00 16.00
1019.00 33.00
1305.00 56.00
620.00 57.00
1176.00 68.00
905.00 102.00
909.00 143.00
577.00 159.00
679.00 160.00
969.00 168.00
1343.00 190.00
1110.00 191.00
1397.00 194.00
1194.00 197.00
590.00 244.00
921.00 336.00
708.00 395.00
991.00 406.00
512.00 417.00
1367.00 417.00
672.00 445.00
908.00 451.00
639.00 496.00
723.00 496.00
1079.00 521.00
951.00 559.00
1016.00 582.00
698.00 594.00
951.00 600.00
992.00 623.00
653.00 664.00
512.00 672.00
987.00 678.00
255.00 690.00
302.00 789.00
371.00 794.00
915.00 801.00
414.00 871.00
855.00 914.00
223.00 931.00
99.00 985.00
361.00 997.00
402.00 1006.00
200.00 1033.00
131.00 1034.00
350.00 1084.00
397.00 1097.00
438.00 1110.00
128.00 1118.00
210.00 1151.00
349.00 1257.00
482.00 1370.00
314.00 1396.00
399.00 1478.00
887.00 1613.00
407.00 1629.00
380.00 1767.00
