1592.00 51.00
1591.00 169.00
1553.00 286.00
1158.00 359.00
1116.00 360.00
1663.00 360.00
1580.00 381.00
1495.00 383.00
1231.00 414.00
789.00 437.00
927.00 441.00
1185.00 472.00
792.00 521.00
1502.00 545.00
1221.00 560.00
1182.00 609.00
927.00 636.00
66.00 651.00
1106.00 656.00
975.00 695.00
724.00 718.00
1104.00 719.00
934.00 759.00
752.00 783.00
694.00 785.00
979.00 793.00
1212.00 805.00
1093.00 821.00
1147.00 852.00
1248.00 852.00
853.00 864.00
951.00 875.00
786.00 880.00
474.00 886.00
1013.00 892.00
1451.00 933.00
1275.00 937.00
1615.00 940.00
1524.00 950.00
1372.00 952.00
1046.00 960.00
879.00 964.00
808.00 966.00
1195.00 1003.00
938.00 1008.00
1071.00 1015.00
1393.00 1021.00
1343.00 1037.00
687.00 1044.00
690.00 1091.00
1287.00 1111.00
1559.00 1136.00
1175.00 1162.00
1223.00 1162.00
890.00 1177.00
971.00 1179.00
1061.00 1183.00
1114.00 1188.00
1012.00 1191.00
1030.00 1243.00
1207.00 1260.00
1108.00 1272.00
1150.00 1275.00
1208.00 1301.00
999.00 1306.00
970.00 1349.00
919.00 1387.00
1288.00 1453.00
1042.00 1460.00
737.00 1485.00
930.00 1520.00
1064.00 1524.00
1172.00 1545.00
929.00 1561.00
1173.00 1602.00
1097.00 1672.00
1246.00 1673.00
976.00 1707.00
1302.00 1760.00
