2114.00 390.00
1241.00 391.00
1096.00 407.00
442.00 412.00
2071.00 419.00
492.00 420.00
1358.00 429.00
1246.00 460.00
1311.00 460.00
1522.00 460.00
1184.00 461.00
1480.00 461.00
1565.00 461.00
1096.00 462.00
1141.00 462.00
1053.00 463.00
1668.00 466.00
1831.00 474.00
1934.00 501.00
1888.00 505.00
2019.00 505.00
1640.00 518.00
1248.00 523.00
948.00 524.00
989.00 526.00
1071.00 526.00
1463.00 537.00
1030.00 539.00
1117.00 552.00
1538.00 552.00
1779.00 560.00
1900.00 568.00
1738.00 577.00
1226.00 593.00
1615.00 593.00
1090.00 595.00
1878.00 610.00
2037.00 611.00
1350.00 622.00
1308.00 624.00
2119.00 648.00
765.00 652.00
1974.00 656.00
808.00 663.00
1176.00 664.00
436.00 670.00
582.00 679.00
1239.00 681.00
1307.00 681.00
1356.00 683.00
1048.00 684.00
983.00 685.00
1415.00 685.00
1531.00 686.00
1700.00 689.00
808.00 708.00
713.00 711.00
1789.00 722.00
1941.00 731.00
2095.00 733.00
1696.00 742.00
1744.00 757.00
672.00 763.00
345.00 767.00
497.00 784.00
444.00 786.00
389.00 794.00
1888.00 795.00
2056.00 797.00
767.00 798.00
1845.00 799.00
2116.00 800.00
1001.00 818.00
1789.00 838.00
938.00 841.00
1437.00 842.00
1489.00 843.00
1586.00 843.00
1356.00 844.00
1629.00 844.00
839.00 846.00
890.00 846.00
1166.00 846.00
738.00 847.00
789.00 847.00
639.00 848.00
688.00 848.00
1049.00 856.00
368.00 857.00
552.00 857.00
1095.00 858.00
1920.00 862.00
1830.00 868.00
481.00 879.00
1426.00 888.00
1871.00 893.00
2146.00 897.00
638.00 898.00
557.00 911.00
2050.00 912.00
1825.00 913.00
360.00 920.00
615.00 943.00
1811.00 957.00
2027.00 968.00
706.00 975.00
1683.00 975.00
1735.00 975.00
1976.00 975.00
391.00 978.00
471.00 983.00
799.00 983.00
2134.00 987.00
565.00 997.00
1852.00 1000.00
1600.00 1007.00
2012.00 1021.00
1697.00 1024.00
1948.00 1044.00
1589.00 1053.00
2186.00 1062.00
1809.00 1065.00
1885.00 1065.00
1703.00 1081.00
1938.00 1086.00
491.00 1099.00
2044.00 1103.00
2113.00 1118.00
540.00 1125.00
389.00 1138.00
1989.00 1142.00
1636.00 1144.00
1905.00 1154.00
1792.00 1159.00
1861.00 1162.00
631.00 1180.00
1981.00 1186.00
1611.00 1205.00
1794.00 1208.00
630.00 1238.00
1754.00 1249.00
861.00 1298.00
630.00 1313.00
766.00 1319.00
583.00 1330.00
621.00 1422.00
1864.00 1476.00
618.00 1491.00
434.00 1493.00
809.00 1532.00
616.00 1534.00
1229.00 1556.00
463.00 1597.00
1172.00 1608.00
427.00 1638.00
486.00 1640.00
536.00 1642.00
612.00 1644.00
1592.00 1652.00
1520.00 1654.00
1192.00 1656.00
1126.00 1686.00
1325.00 1688.00
905.00 1701.00
1375.00 1726.00
1136.00 1727.00
1785.00 1750.00
608.00 1755.00
1655.00 1769.00
