508.00 152.00
1375.00 239.00
1327.00 255.00
1880.00 302.00
1351.00 327.00
1223.00 328.00
1576.00 336.00
318.00 349.00
2281.00 357.00
1903.00 367.00
2000.00 369.00
1362.00 384.00
1736.00 391.00
1946.00 396.00
2353.00 396.00
2288.00 400.00
2085.00 407.00
366.00 409.00
620.00 430.00
1295.00 440.00
1175.00 455.00
311.00 457.00
1624.00 464.00
1727.00 472.00
568.00 476.00
1104.00 480.00
1896.00 486.00
1460.00 493.00
1266.00 495.00
2131.00 502.00
1783.00 504.00
2201.00 513.00
733.00 528.00
1591.00 528.00
1928.00 528.00
1459.00 546.00
2097.00 551.00
1280.00 553.00
1048.00 563.00
1657.00 586.00
1803.00 591.00
614.00 605.00
1757.00 615.00
767.00 616.00
248.00 622.00
1989.00 622.00
544.00 629.00
1239.00 655.00
237.00 680.00
543.00 694.00
2045.00 694.00
736.00 695.00
781.00 707.00
1795.00 714.00
1551.00 734.00
1881.00 742.00
1754.00 751.00
1490.00 759.00
1259.00 762.00
818.00 766.00
1082.00 787.00
773.00 793.00
1335.00 799.00
723.00 801.00
814.00 815.00
2218.00 816.00
1789.00 819.00
1273.00 825.00
1887.00 825.00
1563.00 829.00
2000.00 840.00
770.00 843.00
528.00 847.00
1655.00 853.00
1942.00 864.00
718.00 882.00
767.00 889.00
526.00 891.00
2254.00 901.00
1439.00 903.00
429.00 904.00
1792.00 904.00
1103.00 910.00
1541.00 919.00
916.00 921.00
1003.00 928.00
856.00 944.00
1343.00 949.00
2021.00 955.00
2234.00 958.00
793.00 963.00
1191.00 963.00
1417.00 966.00
740.00 969.00
1883.00 969.00
1565.00 972.00
1732.00 974.00
1287.00 976.00
1660.00 982.00
1461.00 983.00
892.00 991.00
1974.00 991.00
1276.00 1028.00
1706.00 1034.00
816.00 1035.00
889.00 1047.00
255.00 1049.00
1888.00 1055.00
331.00 1057.00
1519.00 1067.00
758.00 1069.00
520.00 1077.00
709.00 1078.00
466.00 1080.00
1175.00 1082.00
1228.00 1084.00
1284.00 1084.00
801.00 1091.00
851.00 1091.00
1529.00 1108.00
1473.00 1112.00
706.00 1119.00
1777.00 1121.00
267.00 1144.00
828.00 1146.00
1619.00 1161.00
342.00 1162.00
519.00 1173.00
1014.00 1186.00
1226.00 1198.00
1556.00 1206.00
363.00 1207.00
1276.00 1228.00
534.00 1234.00
778.00 1259.00
823.00 1272.00
1782.00 1303.00
770.00 1305.00
1655.00 1309.00
822.00 1314.00
529.00 1318.00
372.00 1345.00
427.00 1385.00
1128.00 1397.00
1302.00 1408.00
304.00 1411.00
786.00 1419.00
1032.00 1419.00
549.00 1421.00
1127.00 1444.00
383.00 1464.00
877.00 1480.00
1550.00 1513.00
390.00 1519.00
1640.00 1519.00
296.00 1538.00
712.00 1538.00
460.00 1552.00
419.00 1569.00
372.00 1577.00
781.00 1579.00
569.00 1617.00
1161.00 1625.00
408.00 1644.00
348.00 1731.00
