972.00 319.00
634.00 404.00
1471.00 449.00
1475.00 494.00
1689.00 496.00
1437.00 574.00
1480.00 603.00
1483.00 648.00
345.00 649.00
1414.00 678.00
1126.00 681.00
1455.00 709.00
1360.00 711.00
2111.00 734.00
999.00 760.00
1758.00 782.00
1688.00 789.00
1799.00 799.00
1519.00 802.00
1196.00 833.00
1052.00 840.00
1522.00 861.00
1592.00 904.00
740.00 927.00
652.00 961.00
463.00 997.00
384.00 1005.00
699.00 1046.00
853.00 1049.00
512.00 1238.00
224.00 1266.00
388.00 1298.00
1074.00 1323.00
544.00 1351.00
326.00 1366.00
608.00 1371.00
263.00 1394.00
319.00 1416.00
380.00 1431.00
808.00 1480.00
1431.00 1485.00
1824.00 1503.00
520.00 1507.00
682.00 1527.00
1717.00 1528.00
1882.00 1535.00
603.00 1578.00
1775.00 1587.00
1886.00 1593.00
1820.00 1629.00
