2127.00 157.00
2178.00 181.00
2513.00 291.00
2441.00 345.00
1937.00 367.00
2566.00 376.00
2070.00 449.00
2248.00 497.00
2138.00 519.00
2071.00 554.00
2391.00 557.00
2574.00 591.00
1544.00 597.00
2015.00 602.00
1494.00 606.00
1963.00 606.00
1899.00 639.00
1968.00 659.00
2024.00 672.00
2527.00 687.00
2186.00 695.00
1677.00 705.00
1784.00 707.00
1731.00 712.00
2021.00 713.00
2570.00 715.00
1870.00 721.00
1829.00 755.00
1889.00 768.00
2210.00 773.00
1502.00 794.00
2522.00 806.00
1677.00 807.00
1945.00 808.00
1801.00 813.00
1853.00 822.00
1376.00 853.00
1951.00 860.00
2497.00 878.00
2016.00 880.00
2230.00 882.00
1875.00 886.00
2183.00 893.00
1809.00 908.00
2136.00 911.00
2375.00 918.00
1623.00 937.00
2437.00 953.00
1688.00 971.00
2576.00 1012.00
1713.00 1030.00
1881.00 1041.00
2068.00 1091.00
2069.00 1182.00
2235.00 1280.00
1918.00 1314.00
1871.00 1361.00
1924.00 1385.00
2053.00 1438.00
1868.00 1464.00
1983.00 1472.00
2249.00 1488.00
2047.00 1511.00
1858.00 1547.00
1919.00 1586.00
2007.00 1587.00
2051.00 1591.00
2359.00 1773.00
1926.00 1884.00
2312.00 1943.00
