2184.00 210.00
2058.00 250.00
2188.00 256.00
1316.00 363.00
1447.00 371.00
2077.00 400.00
1600.00 418.00
2016.00 438.00
1495.00 440.00
2490.00 477.00
2557.00 491.00
1488.00 503.00
1968.00 511.00
2282.00 516.00
1874.00 531.00
2220.00 543.00
2567.00 550.00
1824.00 563.00
2308.00 563.00
1487.00 567.00
2444.00 594.00
1698.00 597.00
1758.00 607.00
2173.00 617.00
2319.00 626.00
2437.00 636.00
1640.00 637.00
1697.00 647.00
2011.00 650.00
1355.00 652.00
2188.00 666.00
2328.00 678.00
1643.00 681.00
2015.00 692.00
2123.00 693.00
2445.00 694.00
1957.00 724.00
2172.00 725.00
2127.00 742.00
1513.00 769.00
1280.00 771.00
2365.00 771.00
2008.00 781.00
2137.00 785.00
1357.00 797.00
1402.00 802.00
1771.00 808.00
2147.00 858.00
1444.00 862.00
1633.00 864.00
1781.00 949.00
