528.00 380.00
613.00 392.00
775.00 407.00
1332.00 455.00
449.00 463.00
592.00 480.00
527.00 487.00
374.00 498.00
280.00 503.00
1241.00 521.00
1676.00 528.00
231.00 551.00
1162.00 551.00
1226.00 576.00
92.00 587.00
1378.00 589.00
399.00 596.00
159.00 600.00
1304.00 607.00
1655.00 622.00
1596.00 636.00
1219.00 663.00
271.00 671.00
1765.00 689.00
1900.00 696.00
205.00 702.00
396.00 702.00
1521.00 702.00
1577.00 714.00
162.00 737.00
110.00 738.00
1751.00 745.00
1904.00 751.00
1649.00 755.00
216.00 776.00
295.00 777.00
432.00 785.00
144.00 800.00
240.00 817.00
293.00 822.00
365.00 829.00
412.00 834.00
1510.00 839.00
479.00 841.00
580.00 843.00
1809.00 899.00
132.00 905.00
1732.00 908.00
1790.00 945.00
1818.00 1004.00
118.00 1005.00
171.00 1009.00
419.00 1025.00
512.00 1033.00
580.00 1037.00
260.00 1058.00
431.00 1066.00
312.00 1113.00
384.00 1122.00
527.00 1131.00
120.00 1209.00
241.00 1220.00
129.00 1282.00
171.00 1323.00
116.00 1326.00
64.00 1450.00
292.00 1455.00
362.00 1513.00
92.00 1521.00
1315.00 1541.00
202.00 1545.00
342.00 1554.00
71.00 1576.00
132.00 1585.00
317.00 1600.00
77.00 1651.00
287.00 1654.00
259.00 1708.00
207.00 1711.00
