1959.00 276.00
1225.00 302.00
1830.00 338.00
1095.00 348.00
2200.00 364.00
1520.00 382.00
2274.00 386.00
656.00 400.00
697.00 407.00
2228.00 413.00
1103.00 416.00
1208.00 433.00
2282.00 443.00
1712.00 446.00
1619.00 464.00
734.00 478.00
2260.00 536.00
669.00 544.00
1752.00 552.00
552.00 559.00
1287.00 564.00
904.00 569.00
981.00 580.00
2193.00 624.00
398.00 629.00
900.00 635.00
1322.00 635.00
716.00 640.00
1694.00 642.00
1004.00 667.00
1662.00 694.00
604.00 699.00
1746.00 709.00
2323.00 718.00
1428.00 719.00
657.00 733.00
1614.00 743.00
1512.00 744.00
1969.00 749.00
2222.00 750.00
977.00 764.00
771.00 768.00
1721.00 768.00
415.00 769.00
1049.00 774.00
510.00 779.00
1132.00 786.00
591.00 796.00
1451.00 812.00
593.00 870.00
644.00 889.00
880.00 961.00
1806.00 1001.00
1097.00 1076.00
312.00 1178.00
1039.00 1210.00
875.00 1259.00
429.00 1296.00
1262.00 1343.00
1263.00 1411.00
1157.00 1430.00
744.00 1442.00
1262.00 1641.00
1116.00 1670.00
1108.00 1721.00
1009.00 1796.00
