1228.00 240.00
386.00 273.00
2098.00 287.00
1250.00 288.00
1576.00 313.00
1184.00 328.00
1264.00 331.00
1029.00 356.00
2080.00 364.00
1158.00 381.00
641.00 412.00
2148.00 419.00
2090.00 425.00
925.00 446.00
1598.00 452.00
1165.00 456.00
1206.00 462.00
1115.00 471.00
2158.00 471.00
2097.00 480.00
528.00 487.00
1895.00 494.00
1327.00 495.00
1839.00 500.00
934.00 504.00
828.00 510.00
2093.00 535.00
972.00 545.00
1028.00 568.00
1328.00 573.00
1401.00 582.00
1104.00 590.00
1473.00 592.00
2323.00 595.00
384.00 600.00
1280.00 601.00
1239.00 602.00
440.00 606.00
1577.00 606.00
503.00 612.00
1642.00 616.00
336.00 617.00
1708.00 625.00
2105.00 632.00
755.00 634.00
986.00 634.00
2407.00 639.00
1832.00 643.00
919.00 650.00
1031.00 650.00
1890.00 652.00
523.00 659.00
603.00 662.00
1972.00 664.00
2042.00 676.00
1224.00 696.00
1696.00 702.00
1016.00 703.00
583.00 704.00
779.00 716.00
846.00 722.00
1160.00 725.00
917.00 728.00
1592.00 732.00
1072.00 736.00
1766.00 737.00
2183.00 744.00
2286.00 749.00
624.00 752.00
1934.00 756.00
1344.00 768.00
939.00 777.00
1260.00 779.00
1570.00 779.00
1983.00 783.00
1523.00 785.00
711.00 791.00
1824.00 795.00
2117.00 798.00
1095.00 801.00
348.00 811.00
1773.00 819.00
1024.00 822.00
1699.00 856.00
1951.00 860.00
1072.00 865.00
909.00 870.00
2018.00 873.00
1200.00 878.00
935.00 918.00
984.00 921.00
1033.00 923.00
1200.00 924.00
433.00 956.00
697.00 956.00
1775.00 959.00
759.00 973.00
1519.00 1013.00
1133.00 1062.00
1665.00 1101.00
994.00 1160.00
1627.00 1161.00
1669.00 1179.00
1122.00 1217.00
1102.00 1266.00
1259.00 1353.00
990.00 1368.00
1260.00 1436.00
984.00 1484.00
891.00 1490.00
1085.00 1513.00
1164.00 1544.00
892.00 1550.00
1247.00 1550.00
1262.00 1597.00
1143.00 1599.00
929.00 1609.00
1271.00 1642.00
812.00 1710.00
1154.00 1729.00
1460.00 1752.00
1147.00 1771.00
936.00 1785.00
863.00 1808.00
