1908.00 21.00
2532.00 43.00
1800.00 63.00
2007.00 72.00
1916.00 94.00
2207.00 153.00
2063.00 161.00
2295.00 178.00
1173.00 187.00
2247.00 204.00
2568.00 240.00
1574.00 241.00
1994.00 263.00
2579.00 295.00
2040.00 304.00
1998.00 311.00
1458.00 333.00
1830.00 334.00
2552.00 359.00
2411.00 377.00
2081.00 384.00
2471.00 394.00
2368.00 410.00
1327.00 416.00
1600.00 440.00
1487.00 447.00
1329.00 462.00
2126.00 463.00
1533.00 471.00
2270.00 478.00
2169.00 487.00
1489.00 488.00
1925.00 488.00
1604.00 491.00
1377.00 495.00
2229.00 495.00
1973.00 511.00
1537.00 513.00
1483.00 529.00
1766.00 534.00
1376.00 545.00
1426.00 551.00
1160.00 573.00
1284.00 583.00
2350.00 592.00
1939.00 607.00
1330.00 608.00
1381.00 608.00
2044.00 609.00
1759.00 612.00
2087.00 615.00
2174.00 622.00
1321.00 659.00
1199.00 677.00
2005.00 688.00
1737.00 692.00
2563.00 695.00
1322.00 707.00
2506.00 711.00
1048.00 715.00
1191.00 738.00
1675.00 741.00
2395.00 742.00
1789.00 745.00
1560.00 750.00
2301.00 768.00
1248.00 777.00
1435.00 784.00
1517.00 784.00
2351.00 790.00
1619.00 797.00
1476.00 802.00
1055.00 810.00
1096.00 817.00
1519.00 826.00
1281.00 833.00
1696.00 837.00
1621.00 838.00
1217.00 855.00
1410.00 866.00
1129.00 867.00
1284.00 882.00
1606.00 894.00
1360.00 899.00
1656.00 914.00
2536.00 928.00
1014.00 949.00
1701.00 955.00
1527.00 980.00
1219.00 981.00
1461.00 982.00
1841.00 988.00
2327.00 1000.00
2384.00 1016.00
1299.00 1022.00
2202.00 1025.00
1340.00 1026.00
1095.00 1054.00
1659.00 1060.00
1172.00 1064.00
1342.00 1071.00
1280.00 1114.00
1093.00 1135.00
1640.00 1160.00
1275.00 1173.00
2217.00 1173.00
1579.00 1174.00
2496.00 1177.00
2303.00 1198.00
1162.00 1212.00
1614.00 1220.00
2365.00 1221.00
1866.00 1225.00
1249.00 1227.00
2464.00 1240.00
2224.00 1243.00
2289.00 1251.00
2330.00 1263.00
2375.00 1265.00
1257.00 1334.00
1451.00 1349.00
1104.00 1356.00
1314.00 1373.00
2487.00 1375.00
2017.00 1391.00
2147.00 1400.00
2349.00 1404.00
2390.00 1405.00
2563.00 1408.00
1373.00 1439.00
1219.00 1451.00
1755.00 1451.00
1578.00 1463.00
2398.00 1470.00
2160.00 1473.00
2488.00 1493.00
1436.00 1496.00
1525.00 1508.00
1269.00 1524.00
1353.00 1525.00
1706.00 1530.00
1458.00 1542.00
2480.00 1576.00
1702.00 1581.00
1946.00 1617.00
2320.00 1628.00
2072.00 1634.00
1167.00 1663.00
1240.00 1687.00
1503.00 1695.00
2134.00 1708.00
1087.00 1720.00
2367.00 1725.00
2431.00 1731.00
2519.00 1752.00
1631.00 1767.00
2135.00 1778.00
1201.00 1936.00
