2288.00 258.00
2407.00 263.00
1769.00 289.00
2028.00 299.00
1178.00 302.00
1386.00 302.00
985.00 308.00
1580.00 323.00
813.00 328.00
2287.00 345.00
2181.00 363.00
1380.00 369.00
1183.00 370.00
982.00 371.00
1583.00 372.00
1637.00 372.00
883.00 373.00
807.00 375.00
1774.00 375.00
1389.00 417.00
2208.00 419.00
2277.00 420.00
693.00 448.00
2232.00 467.00
2128.00 508.00
1392.00 510.00
1389.00 553.00
2216.00 580.00
2295.00 582.00
724.00 605.00
1400.00 605.00
2077.00 612.00
2143.00 636.00
2233.00 641.00
828.00 668.00
2050.00 668.00
773.00 671.00
728.00 673.00
967.00 677.00
870.00 686.00
2405.00 690.00
2451.00 690.00
2176.00 696.00
1745.00 699.00
795.00 713.00
1863.00 726.00
2205.00 741.00
1639.00 744.00
2583.00 778.00
1924.00 783.00
1107.00 792.00
1446.00 792.00
1883.00 801.00
2387.00 808.00
1370.00 818.00
2272.00 823.00
2030.00 829.00
1453.00 833.00
787.00 843.00
1617.00 846.00
2099.00 853.00
706.00 859.00
2458.00 861.00
2225.00 864.00
1410.00 871.00
2044.00 879.00
2572.00 895.00
991.00 897.00
1816.00 903.00
2136.00 906.00
1561.00 910.00
2223.00 924.00
1038.00 934.00
822.00 935.00
1656.00 941.00
1697.00 945.00
1903.00 959.00
2133.00 962.00
2196.00 978.00
2307.00 983.00
1869.00 1027.00
2237.00 1044.00
1582.00 1045.00
2164.00 1045.00
1723.00 1047.00
1168.00 1052.00
1121.00 1056.00
1992.00 1060.00
831.00 1066.00
2316.00 1079.00
1615.00 1087.00
1223.00 1089.00
1906.00 1092.00
1849.00 1095.00
1704.00 1096.00
2226.00 1106.00
1119.00 1109.00
1738.00 1138.00
1565.00 1142.00
1878.00 1143.00
2127.00 1148.00
2214.00 1151.00
1223.00 1180.00
830.00 1185.00
2223.00 1192.00
1801.00 1206.00
2151.00 1220.00
2232.00 1235.00
827.00 1238.00
2370.00 1238.00
1254.00 1244.00
2002.00 1249.00
1680.00 1250.00
1121.00 1296.00
2414.00 1306.00
898.00 1309.00
1216.00 1310.00
1621.00 1312.00
708.00 1327.00
2269.00 1337.00
1896.00 1345.00
1077.00 1358.00
1775.00 1376.00
1722.00 1378.00
1032.00 1380.00
1085.00 1399.00
1126.00 1409.00
1286.00 1421.00
778.00 1428.00
1650.00 1457.00
1585.00 1459.00
1331.00 1461.00
1882.00 1476.00
2151.00 1477.00
838.00 1480.00
991.00 1480.00
1936.00 1490.00
727.00 1506.00
896.00 1506.00
2435.00 1506.00
1705.00 1515.00
1560.00 1518.00
1385.00 1520.00
1239.00 1522.00
2531.00 1523.00
1139.00 1536.00
1022.00 1538.00
855.00 1560.00
911.00 1580.00
1051.00 1589.00
1191.00 1593.00
754.00 1595.00
1899.00 1599.00
1844.00 1602.00
963.00 1603.00
1101.00 1605.00
1626.00 1607.00
2159.00 1624.00
743.00 1636.00
1143.00 1637.00
889.00 1640.00
1733.00 1655.00
813.00 1667.00
1846.00 1667.00
1665.00 1673.00
997.00 1675.00
1124.00 1686.00
1783.00 1819.00
