125.00 252.00
176.00 266.00
568.00 344.00
491.00 358.00
688.00 376.00
623.00 391.00
363.00 414.00
158.00 433.00
518.00 441.00
968.00 442.00
208.00 445.00
568.00 448.00
357.00 456.00
520.00 486.00
778.00 496.00
349.00 511.00
896.00 511.00
257.00 512.00
1143.00 517.00
1287.00 535.00
1056.00 539.00
1434.00 557.00
526.00 560.00
19.00 565.00
66.00 572.00
1382.00 579.00
111.00 581.00
202.00 582.00
336.00 606.00
279.00 610.00
1300.00 613.00
431.00 615.00
655.00 615.00
607.00 616.00
1008.00 624.00
538.00 625.00
697.00 631.00
800.00 650.00
844.00 659.00
583.00 680.00
307.00 693.00
1031.00 703.00
1159.00 717.00
386.00 724.00
971.00 727.00
1095.00 730.00
623.00 746.00
506.00 753.00
206.00 754.00
787.00 758.00
272.00 764.00
1060.00 771.00
325.00 775.00
665.00 777.00
715.00 785.00
971.00 801.00
925.00 805.00
661.00 844.00
1145.00 861.00
351.00 876.00
891.00 877.00
587.00 881.00
275.00 887.00
798.00 891.00
1218.00 896.00
383.00 926.00
925.00 927.00
839.00 940.00
981.00 944.00
794.00 951.00
1115.00 987.00
646.00 1018.00
544.00 1031.00
598.00 1044.00
533.00 1076.00
1446.00 1092.00
342.00 1115.00
512.00 1149.00
435.00 1180.00
443.00 1232.00
