1563.00 34.00
2167.00 34.00
1097.00 43.00
1660.00 66.00
1437.00 94.00
1561.00 95.00
1906.00 106.00
1671.00 120.00
1418.00 164.00
1572.00 164.00
2074.00 168.00
1782.00 169.00
1105.00 182.00
788.00 184.00
2188.00 187.00
1702.00 218.00
1787.00 232.00
1577.00 233.00
2041.00 253.00
2199.00 263.00
1450.00 284.00
1581.00 308.00
2048.00 317.00
1929.00 323.00
1721.00 324.00
2097.00 353.00
2286.00 361.00
1394.00 399.00
1478.00 407.00
2105.00 416.00
2384.00 422.00
1231.00 446.00
1760.00 456.00
1808.00 487.00
1720.00 510.00
2391.00 517.00
2286.00 530.00
2127.00 590.00
2030.00 624.00
1930.00 632.00
1536.00 640.00
2258.00 681.00
1455.00 687.00
1046.00 700.00
1575.00 701.00
1374.00 736.00
1978.00 746.00
1471.00 750.00
1780.00 756.00
1555.00 762.00
2023.00 767.00
1306.00 780.00
2506.00 780.00
1265.00 784.00
1262.00 830.00
1789.00 838.00
1163.00 841.00
1723.00 844.00
2066.00 852.00
2005.00 855.00
1400.00 862.00
1291.00 897.00
1763.00 914.00
1405.00 920.00
1345.00 945.00
1111.00 1097.00
843.00 1318.00
715.00 1367.00
1126.00 1393.00
904.00 1403.00
838.00 1588.00
899.00 1648.00
