2319.00 189.00
2439.00 225.00
2349.00 241.00
2569.00 243.00
2398.00 264.00
2453.00 294.00
2410.00 336.00
2455.00 345.00
2508.00 358.00
2551.00 378.00
2467.00 399.00
2423.00 410.00
2562.00 448.00
2477.00 468.00
2434.00 482.00
2576.00 514.00
2397.00 542.00
2495.00 544.00
2445.00 558.00
2386.00 606.00
2459.00 637.00
2414.00 656.00
2560.00 711.00
2469.00 718.00
2479.00 794.00
2545.00 854.00
2494.00 879.00
2432.00 946.00
2506.00 963.00
2460.00 995.00
2470.00 1047.00
2451.00 1111.00
2529.00 1140.00
2462.00 1185.00
1496.00 1256.00
1527.00 1312.00
1878.00 1345.00
1837.00 1348.00
1795.00 1352.00
1653.00 1366.00
1575.00 1375.00
1530.00 1377.00
1479.00 1383.00
1881.00 1413.00
1779.00 1438.00
635.00 1446.00
2510.00 1449.00
1626.00 1477.00
1585.00 1487.00
1846.00 1498.00
1803.00 1515.00
1426.00 1524.00
1755.00 1535.00
1891.00 1556.00
1695.00 1558.00
1631.00 1583.00
1584.00 1604.00
1073.00 1606.00
1539.00 1621.00
1894.00 1624.00
927.00 1634.00
1734.00 1639.00
1428.00 1663.00
1626.00 1698.00
1764.00 1711.00
1534.00 1746.00
1835.00 1747.00
1180.00 1755.00
1701.00 1758.00
1484.00 1773.00
1068.00 1794.00
1767.00 1805.00
1421.00 1806.00
928.00 1847.00
