1719.00 399.00
1848.00 472.00
1448.00 499.00
2219.00 519.00
1783.00 530.00
2161.00 567.00
1655.00 607.00
2209.00 645.00
2352.00 645.00
2577.00 646.00
1552.00 648.00
1777.00 658.00
1384.00 660.00
1823.00 661.00
1568.00 692.00
1522.00 694.00
1095.00 703.00
1861.00 703.00
1801.00 704.00
1304.00 705.00
1998.00 714.00
1917.00 717.00
1023.00 719.00
1418.00 724.00
1248.00 739.00
1570.00 745.00
869.00 749.00
2519.00 757.00
2062.00 759.00
1301.00 761.00
2005.00 761.00
1412.00 765.00
2125.00 765.00
1945.00 776.00
1885.00 781.00
1185.00 788.00
2230.00 797.00
2009.00 808.00
1287.00 815.00
2361.00 816.00
1719.00 818.00
2116.00 818.00
882.00 819.00
1238.00 840.00
1873.00 846.00
2309.00 846.00
1021.00 847.00
1068.00 850.00
2015.00 853.00
1828.00 859.00
1546.00 862.00
1292.00 873.00
2170.00 876.00
1000.00 888.00
1181.00 888.00
1073.00 894.00
1935.00 903.00
1456.00 913.00
2072.00 915.00
1787.00 918.00
1885.00 921.00
2020.00 921.00
2353.00 921.00
2175.00 928.00
1018.00 930.00
1184.00 936.00
1389.00 938.00
1119.00 940.00
1230.00 940.00
2224.00 941.00
1322.00 942.00
2130.00 944.00
1538.00 952.00
2512.00 956.00
948.00 960.00
2051.00 963.00
2354.00 964.00
1975.00 966.00
2181.00 986.00
1482.00 990.00
2438.00 1005.00
1203.00 1013.00
1019.00 1015.00
2054.00 1015.00
2314.00 1021.00
1902.00 1024.00
1603.00 1030.00
1472.00 1036.00
2187.00 1040.00
2233.00 1042.00
1842.00 1044.00
1754.00 1047.00
1036.00 1060.00
1984.00 1062.00
2471.00 1062.00
1883.00 1068.00
1338.00 1069.00
2282.00 1071.00
2088.00 1074.00
2033.00 1075.00
1261.00 1080.00
2377.00 1080.00
2143.00 1089.00
1183.00 1094.00
2191.00 1095.00
1035.00 1103.00
2512.00 1107.00
2331.00 1110.00
1410.00 1111.00
1339.00 1114.00
2241.00 1120.00
1767.00 1125.00
2288.00 1135.00
1219.00 1137.00
1499.00 1139.00
2182.00 1139.00
2429.00 1142.00
2131.00 1149.00
848.00 1151.00
1646.00 1154.00
1783.00 1178.00
895.00 1181.00
993.00 1181.00
2445.00 1185.00
1188.00 1186.00
1603.00 1192.00
1696.00 1194.00
1738.00 1195.00
2105.00 1202.00
2147.00 1203.00
2188.00 1204.00
2264.00 1204.00
2310.00 1204.00
2376.00 1206.00
1650.00 1215.00
2269.00 1250.00
2328.00 1251.00
2215.00 1252.00
2333.00 1294.00
1825.00 1313.00
2241.00 1324.00
2290.00 1333.00
2369.00 1335.00
1783.00 1336.00
1740.00 1341.00
2059.00 1350.00
2422.00 1351.00
2009.00 1355.00
2206.00 1367.00
1549.00 1374.00
2275.00 1383.00
1699.00 1398.00
2398.00 1398.00
981.00 1428.00
1346.00 1444.00
2175.00 1444.00
2435.00 1446.00
1449.00 1456.00
1702.00 1458.00
1300.00 1464.00
1605.00 1466.00
1557.00 1467.00
2382.00 1471.00
1653.00 1472.00
2016.00 1472.00
2261.00 1479.00
2325.00 1479.00
2125.00 1501.00
1347.00 1513.00
1791.00 1514.00
2060.00 1514.00
1895.00 1516.00
1703.00 1519.00
2184.00 1522.00
2347.00 1522.00
1744.00 1525.00
2017.00 1528.00
1609.00 1529.00
2240.00 1540.00
1845.00 1550.00
1181.00 1559.00
1698.00 1560.00
2063.00 1564.00
1908.00 1587.00
1060.00 1597.00
1834.00 1597.00
1655.00 1618.00
1553.00 1630.00
1180.00 1631.00
1374.00 1646.00
1888.00 1649.00
