213.00 307.00
50.00 312.00
193.00 354.00
621.00 365.00
178.00 398.00
275.00 441.00
175.00 448.00
224.00 468.00
393.00 505.00
1118.00 515.00
919.00 572.00
969.00 573.00
300.00 584.00
144.00 591.00
22.00 607.00
577.00 609.00
1439.00 622.00
335.00 652.00
752.00 653.00
473.00 656.00
25.00 664.00
292.00 665.00
817.00 669.00
1154.00 681.00
333.00 701.00
447.00 719.00
1025.00 720.00
909.00 726.00
119.00 728.00
676.00 731.00
1076.00 734.00
282.00 743.00
1461.00 751.00
14.00 753.00
727.00 757.00
381.00 768.00
857.00 770.00
528.00 771.00
1108.00 779.00
909.00 780.00
1455.00 794.00
997.00 795.00
179.00 797.00
713.00 799.00
645.00 807.00
278.00 811.00
1159.00 814.00
499.00 826.00
421.00 833.00
909.00 838.00
1055.00 839.00
1344.00 856.00
856.00 857.00
1399.00 866.00
1512.00 868.00
1100.00 874.00
805.00 879.00
152.00 882.00
1238.00 887.00
1452.00 911.00
108.00 914.00
975.00 916.00
64.00 920.00
1017.00 933.00
1397.00 942.00
1176.00 975.00
140.00 981.00
792.00 981.00
1217.00 984.00
486.00 990.00
833.00 992.00
997.00 1011.00
563.00 1013.00
668.00 1024.00
1395.00 1055.00
1347.00 1057.00
47.00 1059.00
1016.00 1065.00
489.00 1083.00
968.00 1086.00
727.00 1088.00
785.00 1092.00
609.00 1097.00
88.00 1101.00
1163.00 1104.00
545.00 1112.00
469.00 1137.00
623.00 1141.00
721.00 1143.00
1157.00 1172.00
797.00 1279.00
680.00 1312.00
1269.00 1316.00
575.00 1373.00
674.00 1373.00
952.00 1380.00
839.00 1398.00
299.00 1408.00
607.00 1434.00
775.00 1442.00
679.00 1474.00
1031.00 1560.00
509.00 1569.00
670.00 1595.00
18.00 1691.00
144.00 1692.00
444.00 1694.00
742.00 1713.00
694.00 1721.00
1030.00 1727.00
139.00 1734.00
511.00 1744.00
