255.00 256.00
364.00 258.00
824.00 305.00
1080.00 325.00
984.00 328.00
1029.00 344.00
147.00 350.00
647.00 352.00
247.00 364.00
1466.00 395.00
888.00 401.00
307.00 411.00
1237.00 442.00
1045.00 446.00
132.00 456.00
854.00 459.00
1137.00 480.00
1027.00 490.00
1499.00 501.00
856.00 509.00
1087.00 522.00
1166.00 527.00
367.00 535.00
325.00 544.00
1007.00 550.00
1502.00 558.00
710.00 565.00
1117.00 572.00
726.00 613.00
1039.00 619.00
1478.00 619.00
991.00 638.00
1192.00 653.00
1302.00 669.00
1375.00 670.00
723.00 673.00
1034.00 697.00
676.00 704.00
1187.00 704.00
1548.00 706.00
499.00 709.00
1135.00 712.00
818.00 713.00
91.00 715.00
24.00 719.00
396.00 727.00
1324.00 739.00
1548.00 762.00
861.00 781.00
448.00 791.00
1448.00 794.00
946.00 796.00
255.00 800.00
654.00 803.00
1739.00 832.00
369.00 838.00
1455.00 839.00
859.00 841.00
1346.00 845.00
1533.00 848.00
969.00 849.00
1395.00 865.00
265.00 867.00
1034.00 874.00
622.00 881.00
364.00 884.00
455.00 891.00
1524.00 895.00
1153.00 901.00
1100.00 905.00
535.00 908.00
281.00 912.00
966.00 920.00
1391.00 924.00
62.00 928.00
827.00 928.00
360.00 932.00
256.00 960.00
1076.00 961.00
1656.00 962.00
1542.00 969.00
648.00 970.00
459.00 974.00
1019.00 975.00
975.00 990.00
1283.00 995.00
1378.00 999.00
1225.00 1000.00
1667.00 1003.00
311.00 1004.00
879.00 1008.00
1110.00 1008.00
1171.00 1019.00
1567.00 1036.00
813.00 1038.00
1043.00 1055.00
1254.00 1069.00
1483.00 1071.00
817.00 1086.00
876.00 1088.00
1096.00 1088.00
1535.00 1088.00
1371.00 1092.00
672.00 1099.00
980.00 1103.00
1428.00 1113.00
1592.00 1117.00
1223.00 1127.00
528.00 1133.00
1135.00 1136.00
1538.00 1139.00
595.00 1155.00
286.00 1157.00
722.00 1167.00
469.00 1172.00
655.00 1172.00
535.00 1178.00
828.00 1206.00
773.00 1208.00
720.00 1216.00
456.00 1229.00
584.00 1261.00
716.00 1269.00
766.00 1271.00
16.00 1291.00
202.00 1294.00
316.00 1300.00
386.00 1303.00
451.00 1305.00
447.00 1354.00
312.00 1355.00
383.00 1356.00
197.00 1357.00
502.00 1403.00
222.00 1418.00
600.00 1441.00
471.00 1455.00
377.00 1464.00
304.00 1471.00
261.00 1476.00
186.00 1483.00
575.00 1489.00
496.00 1501.00
620.00 1525.00
297.00 1529.00
595.00 1573.00
361.00 1576.00
252.00 1596.00
463.00 1604.00
176.00 1610.00
594.00 1618.00
1186.00 1625.00
365.00 1629.00
290.00 1647.00
249.00 1657.00
431.00 1663.00
326.00 1696.00
393.00 1713.00
241.00 1720.00
538.00 1762.00
158.00 1790.00
156.00 1844.00
