2091.00 234.00
1661.00 267.00
1323.00 304.00
810.00 369.00
988.00 371.00
1913.00 378.00
1737.00 392.00
931.00 402.00
2115.00 420.00
882.00 423.00
823.00 429.00
1018.00 443.00
616.00 476.00
1087.00 484.00
2199.00 488.00
1775.00 491.00
1405.00 517.00
687.00 530.00
1110.00 531.00
530.00 534.00
957.00 535.00
1175.00 555.00
882.00 567.00
1374.00 569.00
810.00 575.00
930.00 576.00
1031.00 581.00
651.00 589.00
702.00 595.00
1256.00 599.00
971.00 602.00
1142.00 607.00
1605.00 614.00
1203.00 627.00
1952.00 635.00
662.00 641.00
883.00 647.00
1793.00 647.00
1393.00 648.00
820.00 650.00
1156.00 673.00
615.00 676.00
1011.00 680.00
2125.00 680.00
944.00 683.00
1746.00 687.00
562.00 689.00
657.00 695.00
818.00 696.00
508.00 708.00
887.00 712.00
1273.00 720.00
933.00 731.00
988.00 735.00
2060.00 739.00
653.00 743.00
1562.00 749.00
1616.00 753.00
1029.00 760.00
1706.00 766.00
1395.00 769.00
1976.00 774.00
964.00 791.00
805.00 803.00
1306.00 805.00
1207.00 807.00
1396.00 813.00
533.00 827.00
1459.00 828.00
980.00 834.00
646.00 837.00
918.00 866.00
762.00 871.00
1174.00 877.00
1131.00 878.00
600.00 885.00
1461.00 890.00
2157.00 897.00
828.00 925.00
915.00 926.00
1105.00 933.00
1846.00 940.00
1055.00 944.00
1200.00 944.00
540.00 945.00
798.00 985.00
1286.00 990.00
1116.00 993.00
893.00 1020.00
780.00 1026.00
1425.00 1038.00
1170.00 1040.00
1320.00 1056.00
1243.00 1082.00
1052.00 1107.00
2015.00 1108.00
1144.00 1110.00
909.00 1123.00
1049.00 1148.00
1779.00 1152.00
2111.00 1154.00
1731.00 1159.00
920.00 1175.00
813.00 1176.00
1621.00 1177.00
1102.00 1186.00
667.00 1202.00
2103.00 1210.00
1035.00 1212.00
962.00 1232.00
1093.00 1236.00
1513.00 1263.00
1608.00 1296.00
1444.00 1302.00
2014.00 1303.00
1652.00 1304.00
1104.00 1305.00
979.00 1327.00
1536.00 1334.00
1472.00 1352.00
2260.00 1353.00
2349.00 1353.00
1709.00 1384.00
1816.00 1400.00
1865.00 1420.00
2120.00 1423.00
1939.00 1425.00
2339.00 1430.00
2019.00 1431.00
2393.00 1433.00
1712.00 1456.00
1819.00 1462.00
2270.00 1462.00
1289.00 1467.00
1513.00 1469.00
1886.00 1482.00
1952.00 1490.00
2125.00 1493.00
2023.00 1499.00
2273.00 1503.00
2212.00 1504.00
1645.00 1507.00
1688.00 1515.00
1325.00 1517.00
1821.00 1524.00
1462.00 1529.00
2065.00 1540.00
2128.00 1548.00
2275.00 1557.00
2218.00 1575.00
2009.00 1578.00
2356.00 1601.00
2264.00 1607.00
2081.00 1612.00
2447.00 1634.00
2167.00 1636.00
1759.00 1640.00
1826.00 1650.00
2242.00 1650.00
1477.00 1655.00
2337.00 1678.00
1464.00 1726.00
1593.00 1728.00
1832.00 1728.00
1947.00 1749.00
1797.00 1816.00
1920.00 1834.00
