2451.00 200.00
2001.00 238.00
1927.00 245.00
2336.00 250.00
2391.00 252.00
1931.00 293.00
1633.00 311.00
1583.00 345.00
1440.00 400.00
2020.00 401.00
1801.00 408.00
1722.00 412.00
2338.00 414.00
2118.00 418.00
2424.00 422.00
1944.00 426.00
1557.00 435.00
2027.00 456.00
2112.00 484.00
1824.00 494.00
2435.00 494.00
2312.00 508.00
1343.00 510.00
2215.00 513.00
2167.00 521.00
2036.00 523.00
1955.00 526.00
2356.00 550.00
2446.00 574.00
1306.00 575.00
1824.00 582.00
1369.00 588.00
2185.00 605.00
2092.00 622.00
2516.00 636.00
1367.00 644.00
1742.00 648.00
2050.00 648.00
2184.00 665.00
1239.00 670.00
2277.00 673.00
2537.00 692.00
1522.00 708.00
1879.00 735.00
2143.00 736.00
1632.00 750.00
2087.00 750.00
1479.00 753.00
2496.00 762.00
1743.00 768.00
1789.00 773.00
1435.00 777.00
2378.00 799.00
2223.00 804.00
1678.00 807.00
1724.00 810.00
1584.00 816.00
1448.00 821.00
1862.00 824.00
1407.00 826.00
1453.00 862.00
1153.00 868.00
1257.00 875.00
1803.00 912.00
2378.00 963.00
1435.00 986.00
1184.00 1024.00
1376.00 1049.00
1435.00 1062.00
1203.00 1133.00
1168.00 1183.00
1322.00 1220.00
1826.00 1303.00
2399.00 1620.00
2480.00 1658.00
