2065.00 46.00
1796.00 60.00
1806.00 102.00
1633.00 152.00
1914.00 189.00
1720.00 206.00
1806.00 254.00
2015.00 274.00
2559.00 282.00
1519.00 333.00
2527.00 343.00
2500.00 385.00
2459.00 418.00
1979.00 422.00
1925.00 445.00
2211.00 456.00
2164.00 465.00
1831.00 479.00
2373.00 503.00
2073.00 509.00
2157.00 518.00
1952.00 521.00
1861.00 527.00
2399.00 554.00
2319.00 560.00
2102.00 615.00
2168.00 628.00
2471.00 690.00
2403.00 747.00
2114.00 821.00
2310.00 844.00
2384.00 921.00
2426.00 927.00
2355.00 972.00
2242.00 983.00
2189.00 1234.00
2354.00 1554.00
2313.00 1586.00
2448.00 1748.00
