1432.00 33.00
1721.00 74.00
1481.00 77.00
1434.00 81.00
1314.00 103.00
1318.00 160.00
926.00 169.00
1663.00 199.00
1533.00 216.00
1445.00 238.00
848.00 243.00
1641.00 250.00
1510.00 263.00
1319.00 279.00
1391.00 279.00
856.00 313.00
1197.00 316.00
1294.00 326.00
1527.00 328.00
1339.00 355.00
915.00 362.00
94.00 366.00
384.00 371.00
1295.00 385.00
1359.00 401.00
1246.00 406.00
863.00 428.00
430.00 430.00
1557.00 438.00
1194.00 442.00
1246.00 456.00
1295.00 458.00
1436.00 462.00
453.00 504.00
584.00 511.00
397.00 512.00
1246.00 523.00
1139.00 527.00
1193.00 537.00
630.00 538.00
583.00 552.00
769.00 575.00
280.00 579.00
347.00 585.00
883.00 600.00
1270.00 600.00
1220.00 607.00
1377.00 609.00
1138.00 615.00
817.00 620.00
1414.00 650.00
880.00 653.00
262.00 654.00
1363.00 654.00
474.00 663.00
411.00 674.00
1270.00 694.00
1342.00 697.00
1567.00 712.00
1162.00 726.00
1626.00 734.00
405.00 738.00
1379.00 738.00
831.00 739.00
488.00 740.00
1114.00 741.00
143.00 753.00
1548.00 757.00
1742.00 767.00
335.00 783.00
1160.00 786.00
1217.00 788.00
419.00 801.00
480.00 811.00
664.00 812.00
777.00 813.00
229.00 817.00
1269.00 822.00
541.00 835.00
319.00 843.00
476.00 864.00
424.00 866.00
232.00 880.00
1159.00 881.00
128.00 899.00
614.00 903.00
1727.00 903.00
364.00 908.00
1655.00 909.00
867.00 911.00
569.00 923.00
1611.00 924.00
435.00 946.00
1364.00 947.00
1634.00 966.00
864.00 967.00
215.00 985.00
402.00 990.00
1548.00 990.00
1159.00 1006.00
1619.00 1009.00
132.00 1023.00
796.00 1026.00
1463.00 1028.00
1002.00 1039.00
555.00 1060.00
314.00 1065.00
458.00 1084.00
1295.00 1093.00
1597.00 1094.00
1639.00 1104.00
454.00 1136.00
1575.00 1136.00
246.00 1186.00
328.00 1191.00
1481.00 1195.00
78.00 1270.00
233.00 1270.00
518.00 1305.00
82.00 1312.00
132.00 1348.00
324.00 1392.00
40.00 1479.00
1223.00 1967.00
1623.00 2005.00
