1168.00 9.00
1478.00 88.00
2025.00 257.00
2142.00 279.00
1993.00 299.00
2388.00 325.00
1638.00 334.00
2315.00 359.00
1718.00 373.00
954.00 398.00
2529.00 398.00
1560.00 410.00
1104.00 417.00
1911.00 444.00
1535.00 456.00
950.00 474.00
1115.00 517.00
1370.00 526.00
1657.00 527.00
1540.00 554.00
1597.00 567.00
1621.00 610.00
2411.00 628.00
1734.00 679.00
1813.00 702.00
1557.00 741.00
1269.00 743.00
1549.00 793.00
991.00 806.00
1950.00 816.00
1870.00 836.00
1679.00 867.00
1568.00 886.00
1008.00 904.00
1827.00 905.00
1586.00 928.00
1631.00 955.00
1576.00 976.00
1812.00 998.00
1705.00 1029.00
1657.00 1049.00
1688.00 1233.00
