2143.00 17.00
1827.00 34.00
2352.00 56.00
1838.00 145.00
2087.00 174.00
1577.00 178.00
2163.00 183.00
2565.00 185.00
2435.00 209.00
2496.00 234.00
1855.00 280.00
2503.00 281.00
2368.00 327.00
1957.00 335.00
2241.00 350.00
1831.00 362.00
2322.00 382.00
2139.00 392.00
2525.00 401.00
2234.00 404.00
2358.00 426.00
1999.00 476.00
1936.00 492.00
1862.00 510.00
2426.00 514.00
2114.00 517.00
1984.00 537.00
2257.00 539.00
2068.00 550.00
1314.00 621.00
2160.00 639.00
1603.00 641.00
1911.00 761.00
1976.00 767.00
2345.00 842.00
2567.00 941.00
2539.00 1335.00
2246.00 1411.00
2106.00 1646.00
2434.00 1660.00
2228.00 1790.00
2558.00 1821.00
1844.00 1853.00
