1516.00 479.00
1344.00 574.00
1903.00 579.00
1735.00 585.00
1094.00 604.00
1546.00 610.00
1686.00 612.00
1444.00 614.00
1498.00 631.00
1392.00 641.00
821.00 664.00
1912.00 674.00
1916.00 732.00
1361.00 766.00
1278.00 777.00
1920.00 782.00
2085.00 784.00
2506.00 791.00
1098.00 808.00
1637.00 826.00
1507.00 827.00
1557.00 830.00
1733.00 831.00
1678.00 834.00
1391.00 843.00
2335.00 849.00
1334.00 859.00
1927.00 872.00
1701.00 882.00
1931.00 952.00
1703.00 962.00
2216.00 968.00
2053.00 986.00
2395.00 991.00
2288.00 1039.00
1630.00 1043.00
1340.00 1052.00
1721.00 1057.00
1399.00 1154.00
1454.00 1230.00
1524.00 1260.00
