1759.00 384.00
1716.00 405.00
1319.00 441.00
2064.00 443.00
1688.00 451.00
1647.00 468.00
2392.00 500.00
862.00 502.00
1320.00 508.00
1605.00 529.00
1398.00 535.00
2045.00 539.00
2208.00 548.00
1357.00 551.00
860.00 556.00
1490.00 570.00
1445.00 581.00
2544.00 587.00
838.00 597.00
1388.00 597.00
1321.00 599.00
2053.00 601.00
1883.00 607.00
2219.00 611.00
1834.00 618.00
2513.00 633.00
2464.00 636.00
1973.00 640.00
1364.00 649.00
834.00 652.00
2055.00 652.00
2405.00 661.00
2121.00 662.00
2166.00 670.00
2521.00 683.00
1378.00 690.00
1658.00 697.00
2318.00 711.00
2272.00 715.00
2223.00 721.00
1527.00 730.00
2103.00 730.00
1322.00 731.00
2325.00 755.00
1322.00 773.00
783.00 779.00
1562.00 794.00
1609.00 799.00
1704.00 809.00
2411.00 938.00
2522.00 951.00
2445.00 991.00
1478.00 992.00
2557.00 1043.00
2416.00 1049.00
2543.00 1086.00
1844.00 1099.00
2542.00 1564.00
