1787.00 188.00
1140.00 304.00
658.00 327.00
1190.00 354.00
1905.00 387.00
1190.00 396.00
1329.00 403.00
1349.00 469.00
1051.00 478.00
1603.00 480.00
816.00 492.00
1006.00 495.00
1729.00 500.00
1139.00 531.00
1683.00 539.00
1607.00 540.00
1733.00 557.00
660.00 586.00
1686.00 591.00
589.00 592.00
1609.00 592.00
518.00 597.00
447.00 601.00
1833.00 604.00
1754.00 606.00
229.00 608.00
1690.00 665.00
1884.00 666.00
1741.00 691.00
1567.00 693.00
472.00 696.00
856.00 707.00
814.00 709.00
2141.00 713.00
1886.00 715.00
626.00 716.00
578.00 726.00
431.00 732.00
1599.00 737.00
537.00 742.00
725.00 744.00
310.00 751.00
1952.00 792.00
727.00 796.00
441.00 808.00
637.00 812.00
1571.00 820.00
371.00 826.00
1631.00 838.00
2031.00 847.00
2142.00 861.00
444.00 864.00
815.00 867.00
560.00 874.00
1554.00 877.00
1983.00 879.00
751.00 890.00
353.00 895.00
465.00 906.00
424.00 907.00
1510.00 907.00
694.00 912.00
653.00 914.00
927.00 921.00
863.00 922.00
821.00 923.00
2040.00 945.00
435.00 948.00
1665.00 965.00
935.00 971.00
734.00 972.00
2044.00 1001.00
809.00 1009.00
634.00 1011.00
693.00 1020.00
2045.00 1048.00
506.00 1054.00
1993.00 1056.00
1941.00 1057.00
424.00 1083.00
1834.00 1121.00
1568.00 1125.00
618.00 1126.00
2109.00 1128.00
372.00 1144.00
679.00 1156.00
1743.00 1186.00
596.00 1189.00
1683.00 1189.00
474.00 1224.00
1935.00 1229.00
1695.00 1232.00
2138.00 1254.00
1730.00 1295.00
1561.00 1301.00
1782.00 1305.00
1891.00 1308.00
1898.00 1369.00
1596.00 1403.00
1541.00 1406.00
1862.00 1418.00
2178.00 1427.00
2128.00 1434.00
1552.00 1452.00
1836.00 1467.00
1747.00 1483.00
1553.00 1501.00
1623.00 1583.00
1735.00 1616.00
1927.00 1691.00
1876.00 1698.00
2047.00 1798.00
