1109.00 328.00
2079.00 328.00
790.00 343.00
952.00 351.00
1652.00 363.00
1597.00 388.00
2103.00 390.00
2207.00 392.00
1973.00 393.00
2578.00 395.00
940.00 405.00
814.00 413.00
1000.00 422.00
1897.00 432.00
1075.00 434.00
752.00 439.00
1463.00 455.00
911.00 488.00
2151.00 519.00
1311.00 520.00
2023.00 543.00
2361.00 559.00
991.00 560.00
937.00 562.00
1248.00 566.00
2126.00 569.00
1950.00 575.00
863.00 585.00
1055.00 598.00
1199.00 607.00
1279.00 607.00
2285.00 620.00
2000.00 628.00
2210.00 645.00
647.00 648.00
1031.00 649.00
2169.00 654.00
711.00 658.00
579.00 661.00
1087.00 687.00
1195.00 696.00
530.00 708.00
1275.00 708.00
576.00 716.00
1402.00 717.00
2300.00 726.00
2102.00 728.00
1471.00 754.00
937.00 760.00
1023.00 768.00
1170.00 768.00
1616.00 774.00
2088.00 777.00
532.00 806.00
1098.00 807.00
2144.00 808.00
1287.00 832.00
2310.00 833.00
2223.00 864.00
1167.00 873.00
1035.00 875.00
732.00 877.00
877.00 882.00
2008.00 888.00
1623.00 894.00
1431.00 918.00
928.00 941.00
1387.00 945.00
1230.00 958.00
1780.00 971.00
1090.00 979.00
1047.00 1005.00
1889.00 1006.00
1949.00 1010.00
1265.00 1011.00
675.00 1014.00
2007.00 1015.00
1108.00 1024.00
2112.00 1032.00
1530.00 1035.00
1177.00 1051.00
2196.00 1052.00
1003.00 1078.00
2056.00 1082.00
1729.00 1085.00
1061.00 1090.00
1138.00 1093.00
1631.00 1102.00
1946.00 1122.00
1871.00 1131.00
1731.00 1135.00
1552.00 1166.00
1693.00 1195.00
1056.00 1230.00
1848.00 1286.00
1748.00 1331.00
1966.00 1399.00
1971.00 1441.00
2061.00 1444.00
1830.00 1470.00
1544.00 1473.00
2076.00 1486.00
1320.00 1489.00
1872.00 1507.00
1827.00 1512.00
1546.00 1520.00
1735.00 1544.00
2080.00 1547.00
1920.00 1565.00
1552.00 1569.00
1962.00 1569.00
1555.00 1616.00
2079.00 1620.00
1633.00 1625.00
1678.00 1653.00
1464.00 1671.00
1583.00 1695.00
1992.00 1744.00
