1395.00 36.00
1004.00 45.00
1153.00 155.00
1016.00 186.00
1057.00 223.00
1482.00 303.00
1597.00 353.00
1790.00 409.00
984.00 435.00
1105.00 445.00
1596.00 459.00
1647.00 476.00
660.00 486.00
1213.00 488.00
905.00 492.00
1805.00 492.00
1929.00 521.00
1579.00 532.00
1201.00 537.00
1954.00 563.00
1028.00 573.00
753.00 576.00
845.00 579.00
1582.00 588.00
1811.00 610.00
632.00 621.00
1353.00 624.00
2209.00 630.00
1101.00 631.00
2102.00 636.00
1157.00 675.00
1616.00 675.00
2107.00 680.00
2166.00 682.00
1355.00 688.00
2207.00 698.00
794.00 720.00
876.00 723.00
1164.00 736.00
1591.00 738.00
2174.00 749.00
639.00 765.00
1223.00 769.00
2304.00 790.00
655.00 813.00
2182.00 831.00
2123.00 836.00
2225.00 846.00
1901.00 853.00
2032.00 855.00
1224.00 864.00
2079.00 865.00
2395.00 896.00
1043.00 913.00
2131.00 917.00
1280.00 939.00
913.00 941.00
1908.00 949.00
2425.00 959.00
1971.00 991.00
2139.00 999.00
999.00 1005.00
936.00 1038.00
1199.00 1048.00
1915.00 1049.00
620.00 1067.00
1058.00 1079.00
992.00 1087.00
2100.00 1096.00
1401.00 1101.00
1126.00 1105.00
1189.00 1118.00
2047.00 1127.00
1986.00 1141.00
2298.00 1145.00
2346.00 1149.00
1920.00 1151.00
1336.00 1155.00
616.00 1158.00
1050.00 1166.00
1097.00 1168.00
1261.00 1169.00
1149.00 1174.00
2008.00 1185.00
2218.00 1185.00
1000.00 1190.00
1520.00 1201.00
1108.00 1213.00
1255.00 1225.00
2011.00 1228.00
882.00 1237.00
1055.00 1240.00
1193.00 1244.00
1488.00 1260.00
2242.00 1261.00
2012.00 1270.00
848.00 1287.00
1381.00 1298.00
1005.00 1307.00
2060.00 1314.00
2101.00 1315.00
2231.00 1315.00
927.00 1318.00
1881.00 1331.00
2385.00 1331.00
2018.00 1336.00
2187.00 1340.00
732.00 1357.00
880.00 1364.00
1856.00 1377.00
2042.00 1379.00
2219.00 1391.00
678.00 1399.00
944.00 1406.00
809.00 1407.00
879.00 1415.00
2175.00 1431.00
1358.00 1439.00
1180.00 1447.00
2024.00 1448.00
2225.00 1450.00
951.00 1458.00
525.00 1465.00
1432.00 1476.00
877.00 1478.00
2275.00 1481.00
2366.00 1489.00
2320.00 1491.00
2004.00 1497.00
919.00 1500.00
771.00 1508.00
1185.00 1512.00
2182.00 1519.00
1061.00 1525.00
1375.00 1526.00
646.00 1529.00
520.00 1536.00
747.00 1549.00
695.00 1551.00
813.00 1554.00
1000.00 1563.00
1488.00 1586.00
848.00 1604.00
938.00 1612.00
1872.00 1621.00
1678.00 1628.00
1429.00 1633.00
1975.00 1639.00
687.00 1684.00
1180.00 1696.00
1058.00 1697.00
2128.00 1698.00
964.00 1704.00
872.00 1708.00
1563.00 1728.00
1768.00 1728.00
1115.00 1748.00
994.00 1754.00
1294.00 1757.00
1185.00 1766.00
1364.00 1775.00
1733.00 1779.00
863.00 1816.00
1401.00 1822.00
1465.00 1870.00
2058.00 1888.00
1906.00 1972.00
