2281.00 384.00
1767.00 408.00
2105.00 423.00
2267.00 440.00
1759.00 469.00
2208.00 471.00
2088.00 476.00
2000.00 507.00
2215.00 512.00
2064.00 527.00
1950.00 531.00
1062.00 538.00
880.00 547.00
1461.00 554.00
2251.00 556.00
1991.00 560.00
2179.00 560.00
1872.00 568.00
1231.00 570.00
993.00 596.00
926.00 601.00
1941.00 603.00
2231.00 606.00
2047.00 624.00
615.00 634.00
1854.00 635.00
574.00 638.00
1923.00 647.00
1471.00 650.00
2268.00 655.00
1973.00 680.00
1878.00 685.00
922.00 704.00
1495.00 708.00
2120.00 716.00
1024.00 725.00
1878.00 741.00
855.00 749.00
2034.00 756.00
1507.00 759.00
1022.00 766.00
2105.00 773.00
1831.00 783.00
1499.00 800.00
2327.00 809.00
978.00 814.00
2107.00 823.00
2004.00 832.00
1023.00 860.00
975.00 863.00
724.00 866.00
2218.00 867.00
1795.00 871.00
1919.00 872.00
1838.00 873.00
2056.00 874.00
1744.00 875.00
2010.00 898.00
2217.00 915.00
2282.00 928.00
1804.00 938.00
1079.00 943.00
1882.00 944.00
2106.00 962.00
2204.00 969.00
2286.00 969.00
1962.00 970.00
2014.00 976.00
1815.00 991.00
790.00 996.00
2107.00 1003.00
1908.00 1011.00
1960.00 1013.00
971.00 1014.00
2229.00 1027.00
2328.00 1050.00
1911.00 1053.00
2006.00 1059.00
2082.00 1059.00
2129.00 1067.00
1017.00 1090.00
2178.00 1093.00
1702.00 1098.00
1993.00 1100.00
1217.00 1103.00
2321.00 1104.00
2093.00 1108.00
1330.00 1120.00
1952.00 1123.00
1797.00 1132.00
1863.00 1145.00
1921.00 1167.00
963.00 1168.00
1323.00 1169.00
2230.00 1195.00
2019.00 1199.00
1823.00 1202.00
854.00 1215.00
1887.00 1229.00
1245.00 1256.00
965.00 1262.00
1791.00 1296.00
1364.00 1326.00
1838.00 1335.00
2025.00 1348.00
1393.00 1391.00
1983.00 1480.00
1366.00 1573.00
1831.00 1580.00
1984.00 1663.00
1923.00 1707.00
