1200.00 256.00
1314.00 279.00
1079.00 298.00
2048.00 327.00
1701.00 328.00
1424.00 341.00
1078.00 349.00
359.00 362.00
1318.00 363.00
2230.00 369.00
879.00 375.00
770.00 391.00
522.00 395.00
1320.00 404.00
946.00 409.00
1204.00 431.00
1678.00 448.00
1430.00 450.00
684.00 452.00
635.00 473.00
1630.00 473.00
899.00 495.00
1322.00 503.00
584.00 505.00
2015.00 506.00
2195.00 511.00
1205.00 525.00
1472.00 528.00
461.00 534.00
579.00 549.00
770.00 562.00
1679.00 567.00
2129.00 582.00
709.00 592.00
1464.00 599.00
1207.00 600.00
2254.00 607.00
1992.00 623.00
732.00 639.00
1075.00 640.00
475.00 649.00
1208.00 652.00
415.00 657.00
678.00 657.00
559.00 675.00
619.00 686.00
1074.00 690.00
1208.00 699.00
936.00 702.00
1991.00 708.00
761.00 711.00
1322.00 720.00
2032.00 751.00
1727.00 759.00
2162.00 777.00
839.00 794.00
1073.00 809.00
1704.00 815.00
2047.00 824.00
1828.00 829.00
1336.00 878.00
1723.00 878.00
1072.00 887.00
1838.00 892.00
1210.00 905.00
1733.00 927.00
925.00 973.00
1073.00 991.00
1819.00 1011.00
924.00 1029.00
2084.00 1043.00
1721.00 1074.00
1214.00 1094.00
1463.00 1113.00
1860.00 1115.00
1575.00 1119.00
927.00 1195.00
1216.00 1231.00
830.00 1250.00
878.00 1269.00
98.00 1323.00
1351.00 1369.00
1076.00 1378.00
926.00 1380.00
1695.00 1380.00
1220.00 1401.00
1751.00 1432.00
1078.00 1476.00
1220.00 1498.00
1352.00 1503.00
2196.00 1517.00
1081.00 1569.00
1224.00 1600.00
1080.00 1611.00
2253.00 1615.00
1707.00 1618.00
1751.00 1621.00
2202.00 1622.00
1998.00 1631.00
846.00 1656.00
2207.00 1668.00
2255.00 1668.00
563.00 1678.00
928.00 1690.00
1708.00 1717.00
759.00 1731.00
928.00 1747.00
537.00 1758.00
1079.00 1774.00
1433.00 1788.00
808.00 1851.00
