1693.00 301.00
944.00 354.00
1578.00 414.00
1254.00 492.00
1505.00 499.00
1822.00 601.00
767.00 722.00
1322.00 740.00
1520.00 755.00
1856.00 755.00
2033.00 758.00
986.00 779.00
2090.00 805.00
2001.00 808.00
1424.00 834.00
1524.00 838.00
1753.00 847.00
1803.00 863.00
2026.00 877.00
1705.00 901.00
2110.00 902.00
1291.00 905.00
1708.00 947.00
1666.00 967.00
1811.00 991.00
723.00 995.00
1873.00 1003.00
1258.00 1007.00
1213.00 1009.00
1324.00 1018.00
1051.00 1023.00
1212.00 1058.00
1503.00 1089.00
1250.00 1417.00
