1852.00 527.00
2230.00 648.00
1752.00 652.00
1695.00 705.00
1870.00 708.00
2054.00 732.00
1736.00 742.00
2305.00 753.00
1930.00 781.00
2061.00 805.00
1969.00 823.00
1885.00 840.00
2010.00 844.00
1570.00 859.00
1828.00 869.00
1709.00 915.00
1779.00 921.00
1759.00 967.00
2203.00 968.00
1880.00 969.00
1824.00 970.00
1978.00 984.00
1471.00 1057.00
1573.00 1086.00
1529.00 1118.00
2105.00 1143.00
1679.00 1154.00
1427.00 1160.00
1957.00 1174.00
2408.00 1199.00
1428.00 1201.00
1632.00 1254.00
1450.00 1264.00
1894.00 1292.00
1402.00 1302.00
1843.00 1494.00
1773.00 1588.00
