1536.00 345.00
1429.00 347.00
1358.00 348.00
1074.00 356.00
818.00 360.00
891.00 368.00
2031.00 380.00
1318.00 391.00
1359.00 392.00
1958.00 392.00
2048.00 424.00
911.00 425.00
813.00 430.00
1312.00 448.00
1941.00 466.00
1365.00 467.00
2195.00 491.00
2267.00 492.00
1276.00 512.00
1966.00 515.00
2128.00 520.00
2066.00 536.00
2282.00 536.00
788.00 538.00
1820.00 545.00
1680.00 547.00
1283.00 554.00
1067.00 560.00
1932.00 561.00
1775.00 567.00
1723.00 572.00
2264.00 583.00
2100.00 586.00
2039.00 600.00
2320.00 603.00
787.00 607.00
1767.00 623.00
1913.00 624.00
1263.00 640.00
2196.00 641.00
959.00 649.00
862.00 652.00
1845.00 655.00
2145.00 659.00
2263.00 659.00
582.00 663.00
1606.00 672.00
641.00 685.00
1798.00 688.00
1368.00 691.00
2351.00 692.00
442.00 695.00
1967.00 706.00
2164.00 707.00
2261.00 708.00
734.00 712.00
999.00 718.00
1062.00 718.00
1881.00 737.00
675.00 740.00
1327.00 744.00
2071.00 749.00
1432.00 751.00
1111.00 753.00
1807.00 758.00
1591.00 768.00
1759.00 782.00
2173.00 782.00
1871.00 791.00
1157.00 792.00
1059.00 793.00
1328.00 800.00
1427.00 824.00
877.00 827.00
1955.00 827.00
2323.00 828.00
991.00 829.00
1012.00 870.00
1056.00 874.00
1944.00 879.00
1340.00 884.00
1421.00 884.00
1250.00 885.00
1143.00 886.00
2254.00 887.00
2323.00 887.00
947.00 894.00
825.00 896.00
2028.00 898.00
1827.00 907.00
1903.00 927.00
1340.00 928.00
1422.00 929.00
2129.00 929.00
1518.00 937.00
1748.00 940.00
1184.00 941.00
1705.00 947.00
1655.00 950.00
1970.00 962.00
1477.00 963.00
2348.00 967.00
866.00 968.00
1817.00 968.00
2250.00 973.00
2298.00 974.00
2195.00 984.00
1343.00 991.00
2053.00 1012.00
946.00 1014.00
2350.00 1017.00
1731.00 1018.00
1975.00 1018.00
996.00 1022.00
2301.00 1022.00
883.00 1027.00
1616.00 1028.00
2108.00 1047.00
1803.00 1051.00
1903.00 1060.00
1051.00 1069.00
2338.00 1070.00
839.00 1071.00
1944.00 1071.00
1197.00 1073.00
901.00 1074.00
1154.00 1074.00
1756.00 1077.00
1715.00 1078.00
1670.00 1080.00
1986.00 1089.00
1307.00 1095.00
1523.00 1102.00
2346.00 1119.00
1689.00 1122.00
1742.00 1122.00
776.00 1127.00
1839.00 1137.00
1465.00 1139.00
1978.00 1149.00
1920.00 1150.00
2292.00 1153.00
938.00 1155.00
2137.00 1156.00
2027.00 1169.00
1111.00 1182.00
1588.00 1191.00
1157.00 1199.00
1455.00 1210.00
1095.00 1228.00
934.00 1239.00
1304.00 1252.00
1761.00 1265.00
1494.00 1267.00
1156.00 1278.00
2057.00 1279.00
1420.00 1286.00
1377.00 1288.00
1927.00 1294.00
2014.00 1314.00
1164.00 1325.00
1567.00 1329.00
1383.00 1330.00
1851.00 1350.00
1989.00 1360.00
1810.00 1362.00
1038.00 1406.00
1843.00 1413.00
2017.00 1428.00
905.00 1429.00
1897.00 1430.00
1617.00 1432.00
1725.00 1432.00
1098.00 1441.00
1943.00 1479.00
1902.00 1480.00
1617.00 1482.00
1185.00 1483.00
1475.00 1483.00
1110.00 1484.00
815.00 1510.00
1401.00 1510.00
1807.00 1515.00
1995.00 1520.00
1932.00 1533.00
1215.00 1534.00
1380.00 1554.00
1725.00 1565.00
1926.00 1574.00
811.00 1582.00
1885.00 1616.00
1830.00 1618.00
1029.00 1621.00
1983.00 1623.00
1385.00 1624.00
1082.00 1625.00
1888.00 1673.00
1060.00 1674.00
1824.00 1675.00
1654.00 1678.00
1296.00 1679.00
1350.00 1679.00
1398.00 1679.00
1519.00 1679.00
2054.00 1696.00
1735.00 1715.00
556.00 1736.00
807.00 1753.00
1917.00 1756.00
1830.00 1759.00
1404.00 1764.00
1186.00 1773.00
806.00 1795.00
1407.00 1823.00
