152.00 38.00
1353.00 152.00
1241.00 157.00
1050.00 160.00
53.00 210.00
1399.00 264.00
695.00 308.00
1607.00 319.00
1675.00 333.00
1561.00 335.00
463.00 434.00
1807.00 466.00
1605.00 469.00
1562.00 475.00
289.00 498.00
1397.00 508.00
984.00 536.00
650.00 539.00
234.00 555.00
172.00 571.00
887.00 576.00
271.00 623.00
836.00 630.00
228.00 655.00
1598.00 674.00
760.00 682.00
1353.00 716.00
860.00 722.00
152.00 754.00
362.00 788.00
815.00 793.00
992.00 818.00
724.00 825.00
1240.00 847.00
1414.00 857.00
1752.00 864.00
969.00 871.00
157.00 879.00
1110.00 885.00
851.00 888.00
1232.00 893.00
1525.00 902.00
237.00 928.00
1463.00 930.00
1405.00 934.00
1226.00 935.00
1689.00 935.00
992.00 941.00
14.00 948.00
1051.00 950.00
1159.00 954.00
1102.00 960.00
677.00 968.00
1370.00 975.00
1326.00 978.00
1497.00 984.00
1440.00 987.00
771.00 999.00
1724.00 1005.00
1663.00 1007.00
1330.00 1035.00
920.00 1040.00
19.00 1050.00
683.00 1053.00
541.00 1058.00
1520.00 1058.00
1075.00 1059.00
589.00 1065.00
988.00 1067.00
1479.00 1067.00
742.00 1074.00
839.00 1078.00
796.00 1096.00
1188.00 1101.00
1621.00 1110.00
989.00 1112.00
1498.00 1114.00
559.00 1117.00
874.00 1121.00
668.00 1123.00
446.00 1132.00
367.00 1140.00
220.00 1155.00
541.00 1159.00
905.00 1169.00
177.00 1196.00
150.00 1240.00
1494.00 1359.00
1550.00 1360.00
947.00 1376.00
1496.00 1433.00
671.00 1572.00
751.00 1574.00
855.00 1576.00
594.00 1595.00
847.00 1626.00
662.00 1650.00
795.00 1654.00
1263.00 1669.00
707.00 1671.00
649.00 1706.00
593.00 1713.00
1214.00 1757.00
