2236.00 207.00
2482.00 237.00
2210.00 268.00
1735.00 301.00
2187.00 324.00
2032.00 333.00
1688.00 335.00
1328.00 360.00
2176.00 372.00
1599.00 374.00
2118.00 380.00
1150.00 390.00
2227.00 411.00
2506.00 426.00
2439.00 432.00
1775.00 436.00
1891.00 439.00
2016.00 452.00
1714.00 462.00
1455.00 463.00
2399.00 474.00
2514.00 482.00
1600.00 486.00
2473.00 486.00
1178.00 503.00
1318.00 503.00
1535.00 504.00
1265.00 506.00
1720.00 520.00
2548.00 528.00
1960.00 544.00
1688.00 568.00
1750.00 580.00
1127.00 583.00
2176.00 583.00
1591.00 592.00
1489.00 600.00
1300.00 621.00
2293.00 624.00
1655.00 645.00
1432.00 646.00
1984.00 646.00
1791.00 647.00
2156.00 647.00
1887.00 648.00
2223.00 671.00
1528.00 676.00
2063.00 679.00
2545.00 688.00
1903.00 691.00
1239.00 695.00
2504.00 700.00
1384.00 702.00
2294.00 711.00
1834.00 739.00
1639.00 753.00
1554.00 755.00
1489.00 761.00
1366.00 766.00
2160.00 770.00
2365.00 770.00
2079.00 775.00
1990.00 779.00
1245.00 781.00
1928.00 782.00
1096.00 786.00
1807.00 789.00
1564.00 804.00
1500.00 808.00
2506.00 812.00
839.00 813.00
1878.00 817.00
1223.00 823.00
2041.00 827.00
1946.00 830.00
1816.00 841.00
1361.00 848.00
1671.00 849.00
1314.00 867.00
1760.00 868.00
2239.00 880.00
2554.00 880.00
2047.00 886.00
1395.00 889.00
1648.00 900.00
1700.00 904.00
1576.00 910.00
1340.00 922.00
1198.00 929.00
1858.00 936.00
2051.00 936.00
1578.00 967.00
1530.00 970.00
1766.00 982.00
1887.00 985.00
2239.00 1002.00
2040.00 1009.00
1671.00 1017.00
1489.00 1023.00
1399.00 1026.00
2100.00 1027.00
1749.00 1032.00
1848.00 1046.00
1803.00 1063.00
1551.00 1088.00
1391.00 1095.00
1866.00 1111.00
1623.00 1119.00
1806.00 1119.00
1491.00 1128.00
1542.00 1150.00
1751.00 1153.00
1595.00 1164.00
1724.00 1200.00
1282.00 1279.00
1616.00 1300.00
2037.00 1310.00
1779.00 1314.00
1403.00 1316.00
1854.00 1386.00
1916.00 1455.00
1720.00 1474.00
1700.00 1642.00
