1297.00 425.00
1125.00 443.00
1197.00 469.00
1354.00 483.00
1581.00 491.00
1123.00 493.00
1300.00 501.00
1196.00 513.00
2283.00 529.00
1121.00 540.00
1399.00 551.00
1120.00 582.00
990.00 585.00
1195.00 586.00
1894.00 594.00
1059.00 598.00
2147.00 613.00
2078.00 614.00
1944.00 619.00
1374.00 623.00
1108.00 631.00
506.00 647.00
998.00 654.00
957.00 655.00
2084.00 657.00
1544.00 659.00
1949.00 664.00
1397.00 693.00
1058.00 699.00
1100.00 704.00
905.00 710.00
997.00 725.00
1213.00 727.00
1996.00 727.00
1955.00 730.00
998.00 769.00
1236.00 772.00
1961.00 783.00
661.00 789.00
1550.00 789.00
2002.00 789.00
760.00 790.00
2282.00 794.00
942.00 798.00
897.00 800.00
1095.00 804.00
712.00 808.00
2057.00 808.00
1878.00 822.00
2191.00 826.00
1511.00 830.00
1383.00 831.00
1929.00 831.00
815.00 832.00
2358.00 837.00
927.00 843.00
1753.00 847.00
594.00 858.00
2269.00 859.00
637.00 860.00
875.00 862.00
994.00 873.00
2224.00 878.00
1382.00 881.00
1934.00 883.00
1334.00 901.00
2193.00 919.00
927.00 921.00
828.00 922.00
1039.00 931.00
1258.00 932.00
737.00 942.00
871.00 953.00
627.00 974.00
1386.00 976.00
1104.00 978.00
1162.00 979.00
1335.00 980.00
770.00 987.00
1653.00 1003.00
1849.00 1003.00
1021.00 1006.00
969.00 1014.00
1491.00 1014.00
1206.00 1048.00
783.00 1050.00
1374.00 1055.00
966.00 1071.00
694.00 1102.00
1328.00 1121.00
1279.00 1123.00
1093.00 1144.00
671.00 1149.00
1138.00 1179.00
679.00 1194.00
1797.00 1221.00
938.00 1227.00
618.00 1234.00
798.00 1250.00
1582.00 1258.00
1666.00 1270.00
667.00 1276.00
1178.00 1277.00
1801.00 1285.00
971.00 1315.00
1842.00 1318.00
1679.00 1319.00
1527.00 1355.00
969.00 1356.00
1794.00 1357.00
825.00 1365.00
1136.00 1386.00
1493.00 1399.00
685.00 1407.00
739.00 1409.00
1257.00 1412.00
1409.00 1413.00
1193.00 1416.00
783.00 1421.00
1733.00 1449.00
740.00 1452.00
1023.00 1463.00
1392.00 1463.00
1580.00 1469.00
1672.00 1469.00
2164.00 1492.00
1021.00 1505.00
961.00 1534.00
800.00 1535.00
1029.00 1557.00
1621.00 1567.00
1477.00 1568.00
1567.00 1575.00
1518.00 1576.00
1791.00 1578.00
2147.00 1582.00
659.00 1607.00
1037.00 1655.00
1230.00 1673.00
1025.00 1696.00
