1667.00 268.00
2303.00 292.00
2445.00 301.00
1795.00 308.00
2561.00 376.00
2219.00 404.00
2561.00 449.00
1484.00 466.00
1814.00 472.00
2181.00 497.00
1826.00 536.00
2214.00 538.00
1742.00 579.00
1491.00 610.00
1744.00 662.00
2232.00 673.00
1270.00 706.00
2214.00 714.00
1656.00 728.00
1574.00 732.00
1950.00 739.00
1608.00 778.00
1650.00 795.00
1139.00 812.00
1551.00 825.00
1603.00 837.00
2228.00 837.00
2169.00 839.00
2463.00 840.00
2008.00 866.00
2420.00 872.00
1179.00 897.00
1327.00 898.00
1384.00 898.00
2222.00 910.00
1159.00 939.00
2160.00 1006.00
1687.00 1020.00
1359.00 1032.00
923.00 1055.00
1703.00 1063.00
1649.00 1069.00
2365.00 1070.00
1349.00 1076.00
992.00 1081.00
2006.00 1107.00
1205.00 1111.00
1646.00 1115.00
1264.00 1116.00
2011.00 1148.00
1287.00 1170.00
2285.00 1179.00
2187.00 1189.00
1387.00 1239.00
1544.00 1414.00
2527.00 1437.00
1767.00 1439.00
2399.00 1460.00
1919.00 1484.00
1770.00 1604.00
2024.00 1660.00
1832.00 1670.00
1872.00 1711.00
2005.00 1734.00
2305.00 1736.00
2165.00 1746.00
1535.00 1817.00
