954.00 329.00
1518.00 333.00
1643.00 334.00
2338.00 383.00
886.00 390.00
578.00 413.00
626.00 422.00
1782.00 435.00
906.00 440.00
1213.00 447.00
1327.00 447.00
949.00 448.00
1558.00 448.00
993.00 449.00
2347.00 456.00
659.00 468.00
1097.00 479.00
1191.00 492.00
2092.00 509.00
2155.00 510.00
661.00 531.00
1141.00 537.00
1213.00 537.00
1449.00 538.00
1023.00 540.00
1490.00 541.00
1752.00 544.00
2075.00 558.00
1407.00 562.00
727.00 566.00
1808.00 573.00
964.00 582.00
1137.00 588.00
1335.00 588.00
1294.00 589.00
1451.00 590.00
1492.00 590.00
1571.00 590.00
1648.00 591.00
1918.00 595.00
841.00 647.00
1001.00 651.00
2013.00 652.00
1633.00 654.00
1592.00 672.00
772.00 674.00
1060.00 680.00
1700.00 680.00
730.00 685.00
2069.00 688.00
1188.00 689.00
1387.00 689.00
1938.00 692.00
2110.00 694.00
2003.00 695.00
2254.00 698.00
1535.00 703.00
1791.00 719.00
674.00 726.00
558.00 728.00
1704.00 728.00
1163.00 735.00
1036.00 736.00
1970.00 738.00
2266.00 739.00
1749.00 746.00
1538.00 758.00
1597.00 769.00
1366.00 777.00
1057.00 787.00
2209.00 790.00
730.00 813.00
627.00 817.00
1931.00 818.00
1168.00 821.00
1355.00 835.00
2078.00 847.00
1748.00 855.00
2217.00 856.00
1935.00 859.00
2127.00 860.00
782.00 863.00
570.00 867.00
711.00 885.00
1343.00 890.00
826.00 905.00
631.00 908.00
1784.00 911.00
1470.00 925.00
791.00 948.00
1899.00 951.00
630.00 956.00
1404.00 968.00
1210.00 969.00
1463.00 969.00
1773.00 971.00
748.00 974.00
992.00 974.00
1946.00 974.00
1156.00 981.00
1517.00 992.00
1858.00 1003.00
1456.00 1018.00
566.00 1037.00
691.00 1039.00
1747.00 1045.00
1225.00 1049.00
1406.00 1051.00
1181.00 1053.00
1328.00 1056.00
1795.00 1057.00
1695.00 1063.00
1864.00 1068.00
2162.00 1071.00
1499.00 1079.00
2111.00 1087.00
1554.00 1091.00
1274.00 1095.00
1196.00 1096.00
689.00 1098.00
1458.00 1101.00
561.00 1115.00
1052.00 1118.00
1352.00 1121.00
1409.00 1121.00
1547.00 1139.00
1304.00 1149.00
1146.00 1151.00
1222.00 1161.00
1346.00 1172.00
1505.00 1177.00
1302.00 1190.00
2209.00 1214.00
2172.00 1272.00
1145.00 1278.00
1216.00 1303.00
1334.00 1311.00
1283.00 1331.00
1165.00 1341.00
1498.00 1368.00
1188.00 1385.00
1642.00 1407.00
1577.00 1427.00
1399.00 1437.00
1912.00 1446.00
1491.00 1479.00
1577.00 1491.00
1215.00 1492.00
1832.00 1507.00
1934.00 1519.00
1707.00 1543.00
2121.00 1568.00
1045.00 1587.00
1653.00 1601.00
1576.00 1622.00
1494.00 1704.00
1915.00 1718.00
1311.00 1751.00
1733.00 1752.00
1997.00 1768.00
1880.00 1799.00
