286.00 207.00
854.00 256.00
403.00 310.00
85.00 325.00
953.00 327.00
292.00 344.00
1514.00 347.00
1101.00 372.00
1047.00 391.00
465.00 398.00
888.00 398.00
1537.00 406.00
1247.00 408.00
1448.00 408.00
1135.00 436.00
921.00 443.00
1872.00 445.00
458.00 455.00
997.00 456.00
1478.00 458.00
1255.00 464.00
539.00 481.00
711.00 497.00
988.00 502.00
944.00 506.00
608.00 510.00
1034.00 510.00
1320.00 512.00
108.00 515.00
1570.00 519.00
768.00 525.00
448.00 529.00
399.00 537.00
231.00 542.00
1102.00 543.00
291.00 546.00
986.00 564.00
1446.00 583.00
1211.00 584.00
1087.00 588.00
419.00 590.00
1039.00 591.00
1376.00 591.00
1264.00 615.00
1511.00 624.00
984.00 635.00
758.00 657.00
1224.00 662.00
918.00 664.00
686.00 665.00
1623.00 668.00
591.00 674.00
530.00 680.00
1801.00 681.00
43.00 682.00
1085.00 682.00
97.00 691.00
442.00 691.00
356.00 699.00
298.00 706.00
1689.00 712.00
895.00 719.00
1420.00 719.00
1084.00 723.00
246.00 728.00
416.00 732.00
1612.00 748.00
1220.00 751.00
321.00 762.00
981.00 775.00
840.00 786.00
147.00 790.00
1082.00 790.00
792.00 791.00
1540.00 793.00
687.00 796.00
1762.00 802.00
531.00 811.00
360.00 814.00
284.00 820.00
240.00 824.00
1341.00 825.00
194.00 827.00
1446.00 829.00
151.00 831.00
1519.00 840.00
1081.00 845.00
10.00 855.00
1169.00 855.00
1738.00 875.00
1563.00 878.00
1522.00 881.00
415.00 888.00
1365.00 890.00
1463.00 890.00
1080.00 892.00
1873.00 902.00
1819.00 908.00
927.00 925.00
1214.00 927.00
439.00 932.00
721.00 937.00
680.00 939.00
1117.00 940.00
1413.00 945.00
631.00 950.00
1481.00 953.00
190.00 958.00
1857.00 961.00
1674.00 978.00
432.00 983.00
1490.00 994.00
674.00 996.00
1198.00 1002.00
1419.00 1002.00
519.00 1004.00
1813.00 1004.00
1028.00 1012.00
1312.00 1016.00
775.00 1039.00
400.00 1040.00
1695.00 1053.00
671.00 1059.00
1448.00 1061.00
1398.00 1071.00
1335.00 1073.00
1559.00 1073.00
768.00 1082.00
1287.00 1083.00
996.00 1084.00
944.00 1096.00
1512.00 1096.00
1822.00 1107.00
1866.00 1107.00
1754.00 1108.00
1698.00 1112.00
1408.00 1128.00
1914.00 1129.00
1224.00 1130.00
598.00 1139.00
1288.00 1152.00
1351.00 1154.00
1823.00 1157.00
1022.00 1169.00
1198.00 1175.00
1419.00 1175.00
1913.00 1176.00
520.00 1185.00
1755.00 1187.00
1483.00 1196.00
1074.00 1197.00
1148.00 1206.00
1846.00 1210.00
1339.00 1220.00
467.00 1222.00
520.00 1228.00
1745.00 1228.00
968.00 1232.00
866.00 1233.00
729.00 1234.00
1391.00 1238.00
1023.00 1242.00
1479.00 1249.00
807.00 1254.00
1866.00 1258.00
1215.00 1262.00
1072.00 1285.00
1297.00 1305.00
726.00 1312.00
1122.00 1312.00
810.00 1318.00
970.00 1318.00
401.00 1321.00
587.00 1331.00
320.00 1339.00
1422.00 1347.00
1184.00 1355.00
969.00 1359.00
1072.00 1361.00
1874.00 1365.00
398.00 1378.00
1481.00 1381.00
657.00 1390.00
865.00 1392.00
906.00 1393.00
1261.00 1398.00
1674.00 1408.00
1072.00 1431.00
1316.00 1433.00
551.00 1439.00
1005.00 1462.00
688.00 1465.00
1880.00 1475.00
628.00 1502.00
1442.00 1503.00
724.00 1506.00
1195.00 1549.00
1617.00 1552.00
1818.00 1562.00
603.00 1576.00
967.00 1599.00
1351.00 1616.00
1801.00 1618.00
1151.00 1658.00
1255.00 1671.00
1410.00 1674.00
1818.00 1695.00
528.00 1703.00
1250.00 1727.00
1209.00 1736.00
1332.00 1751.00
1375.00 1751.00
324.00 1769.00
1165.00 1825.00
