2363.00 47.00
2059.00 64.00
1753.00 82.00
2133.00 130.00
1726.00 144.00
2553.00 144.00
2332.00 180.00
1967.00 197.00
1212.00 203.00
1691.00 222.00
2281.00 232.00
2098.00 246.00
1823.00 248.00
1219.00 272.00
895.00 294.00
1898.00 299.00
2579.00 306.00
2108.00 315.00
2194.00 321.00
1644.00 326.00
794.00 351.00
2381.00 353.00
1858.00 358.00
1479.00 374.00
2474.00 384.00
885.00 408.00
1604.00 411.00
1821.00 412.00
1402.00 415.00
2123.00 432.00
2409.00 433.00
1231.00 439.00
2319.00 440.00
2239.00 448.00
1790.00 458.00
1950.00 469.00
2379.00 489.00
2470.00 496.00
1761.00 501.00
2132.00 502.00
1272.00 509.00
1357.00 512.00
1504.00 512.00
1954.00 513.00
2297.00 517.00
1655.00 536.00
760.00 537.00
2138.00 544.00
1959.00 554.00
2273.00 558.00
1199.00 559.00
1722.00 559.00
1268.00 565.00
1533.00 566.00
2416.00 574.00
908.00 576.00
1490.00 580.00
2462.00 603.00
1354.00 618.00
1678.00 624.00
2313.00 625.00
1507.00 629.00
795.00 653.00
2264.00 655.00
2474.00 655.00
2390.00 657.00
1823.00 661.00
2208.00 666.00
1648.00 667.00
1127.00 669.00
942.00 672.00
1775.00 672.00
1734.00 684.00
1549.00 693.00
2388.00 700.00
2337.00 701.00
2249.00 709.00
987.00 719.00
1849.00 724.00
1940.00 728.00
1091.00 729.00
1680.00 730.00
2017.00 732.00
1596.00 741.00
2374.00 751.00
785.00 760.00
1321.00 763.00
938.00 766.00
2264.00 774.00
1794.00 776.00
2314.00 781.00
2495.00 786.00
1539.00 805.00
1585.00 807.00
936.00 808.00
1626.00 808.00
1684.00 809.00
1119.00 810.00
1167.00 810.00
1215.00 811.00
1393.00 820.00
1497.00 833.00
2086.00 842.00
2406.00 848.00
1301.00 849.00
1862.00 858.00
1904.00 884.00
1053.00 891.00
1540.00 893.00
1586.00 895.00
1630.00 895.00
1177.00 900.00
2032.00 903.00
776.00 904.00
1382.00 906.00
1285.00 920.00
2359.00 928.00
2257.00 931.00
1543.00 935.00
1922.00 936.00
862.00 939.00
2485.00 942.00
2536.00 946.00
773.00 951.00
1391.00 951.00
1869.00 952.00
2303.00 956.00
1003.00 967.00
1703.00 967.00
2051.00 967.00
1821.00 985.00
1406.00 999.00
945.00 1002.00
1316.00 1007.00
1703.00 1012.00
1106.00 1013.00
1171.00 1014.00
1611.00 1034.00
1474.00 1035.00
1518.00 1046.00
880.00 1050.00
1104.00 1056.00
1157.00 1057.00
1760.00 1058.00
1883.00 1065.00
2516.00 1078.00
1454.00 1097.00
1762.00 1106.00
1377.00 1110.00
887.00 1124.00
1025.00 1127.00
843.00 1136.00
1249.00 1147.00
2064.00 1153.00
1444.00 1157.00
1784.00 1165.00
1024.00 1169.00
1204.00 1170.00
840.00 1188.00
1722.00 1192.00
1507.00 1210.00
1560.00 1221.00
1056.00 1228.00
1616.00 1268.00
1890.00 1271.00
1686.00 1275.00
1761.00 1284.00
876.00 1337.00
1916.00 1344.00
933.00 1351.00
1839.00 1382.00
1099.00 1386.00
1024.00 1393.00
852.00 1399.00
1735.00 1447.00
1553.00 1461.00
1512.00 1478.00
990.00 1481.00
1631.00 1490.00
1834.00 1493.00
911.00 1509.00
2022.00 1688.00
780.00 1695.00
