2152.00 124.00
1152.00 215.00
2200.00 284.00
1938.00 311.00
1796.00 312.00
1243.00 326.00
1185.00 329.00
1875.00 336.00
918.00 344.00
2163.00 361.00
1708.00 362.00
725.00 381.00
1752.00 407.00
913.00 415.00
750.00 446.00
1345.00 456.00
1994.00 465.00
1589.00 469.00
2078.00 501.00
1676.00 503.00
1272.00 513.00
2024.00 517.00
1229.00 532.00
2174.00 533.00
894.00 545.00
2453.00 549.00
1647.00 552.00
2358.00 570.00
895.00 593.00
1586.00 598.00
2103.00 605.00
562.00 625.00
1986.00 631.00
2392.00 638.00
1148.00 648.00
797.00 650.00
2543.00 653.00
980.00 655.00
2473.00 674.00
1257.00 677.00
1299.00 677.00
1101.00 679.00
2070.00 687.00
1148.00 693.00
1592.00 693.00
758.00 699.00
647.00 705.00
1397.00 706.00
2266.00 708.00
1141.00 744.00
1189.00 750.00
2083.00 751.00
1041.00 755.00
1791.00 756.00
1866.00 763.00
1273.00 776.00
1315.00 776.00
912.00 777.00
1567.00 782.00
2105.00 792.00
808.00 798.00
1048.00 805.00
1112.00 805.00
1791.00 816.00
1189.00 820.00
2231.00 825.00
2112.00 850.00
2236.00 873.00
2183.00 878.00
1651.00 881.00
989.00 886.00
1145.00 894.00
1548.00 911.00
1099.00 914.00
1831.00 914.00
768.00 919.00
1715.00 948.00
2096.00 954.00
1825.00 960.00
2206.00 960.00
1247.00 969.00
924.00 976.00
1288.00 981.00
1398.00 981.00
1956.00 999.00
983.00 1005.00
1250.00 1023.00
1198.00 1026.00
1323.00 1030.00
1378.00 1033.00
1911.00 1053.00
2531.00 1092.00
2073.00 1098.00
1865.00 1108.00
1198.00 1111.00
1068.00 1112.00
1786.00 1114.00
1322.00 1130.00
1966.00 1139.00
1142.00 1145.00
1322.00 1175.00
1852.00 1177.00
1644.00 1208.00
1063.00 1241.00
1367.00 1254.00
994.00 1258.00
2097.00 1299.00
2162.00 1309.00
1160.00 1327.00
1159.00 1368.00
675.00 1383.00
1273.00 1385.00
1645.00 1385.00
1561.00 1430.00
1997.00 1449.00
2111.00 1452.00
2255.00 1455.00
1161.00 1464.00
2088.00 1511.00
1276.00 1512.00
1077.00 1538.00
