123.00 304.00
774.00 327.00
231.00 352.00
402.00 352.00
24.00 366.00
485.00 373.00
680.00 423.00
786.00 432.00
123.00 441.00
629.00 447.00
297.00 452.00
723.00 454.00
1362.00 488.00
1430.00 489.00
292.00 493.00
719.00 497.00
797.00 501.00
1676.00 501.00
1023.00 518.00
111.00 520.00
1364.00 532.00
81.00 600.00
274.00 627.00
433.00 628.00
514.00 628.00
1362.00 633.00
954.00 634.00
1767.00 635.00
1551.00 640.00
1248.00 642.00
1110.00 656.00
1647.00 661.00
1691.00 661.00
1595.00 662.00
658.00 663.00
89.00 669.00
249.00 671.00
509.00 672.00
745.00 672.00
1379.00 684.00
609.00 691.00
42.00 694.00
369.00 695.00
1328.00 712.00
894.00 730.00
502.00 737.00
599.00 738.00
752.00 740.00
797.00 740.00
669.00 741.00
447.00 743.00
151.00 744.00
1618.00 745.00
356.00 752.00
1659.00 761.00
1707.00 768.00
211.00 772.00
1757.00 774.00
561.00 783.00
129.00 785.00
1255.00 792.00
1421.00 796.00
1546.00 799.00
1111.00 800.00
751.00 801.00
1494.00 801.00
651.00 805.00
1214.00 807.00
1710.00 812.00
697.00 813.00
1041.00 815.00
1759.00 823.00
348.00 831.00
1509.00 848.00
930.00 863.00
1062.00 874.00
1713.00 879.00
1146.00 888.00
1103.00 889.00
752.00 893.00
800.00 893.00
1478.00 896.00
1533.00 897.00
366.00 898.00
134.00 905.00
211.00 906.00
1049.00 916.00
1775.00 926.00
1654.00 928.00
569.00 961.00
1770.00 974.00
422.00 976.00
1673.00 977.00
1197.00 986.00
41.00 987.00
1345.00 988.00
1542.00 990.00
470.00 991.00
943.00 1002.00
1246.00 1007.00
1039.00 1012.00
517.00 1014.00
372.00 1019.00
103.00 1025.00
200.00 1028.00
1255.00 1052.00
759.00 1053.00
1580.00 1056.00
832.00 1063.00
1101.00 1064.00
1197.00 1065.00
997.00 1072.00
1475.00 1076.00
1528.00 1079.00
1602.00 1108.00
1205.00 1111.00
1263.00 1113.00
1094.00 1122.00
1685.00 1133.00
1522.00 1150.00
1563.00 1157.00
1193.00 1159.00
655.00 1160.00
1815.00 1183.00
934.00 1184.00
1409.00 1185.00
439.00 1199.00
486.00 1204.00
1608.00 1214.00
771.00 1218.00
1271.00 1220.00
1462.00 1228.00
1315.00 1246.00
481.00 1256.00
734.00 1303.00
639.00 1305.00
582.00 1311.00
882.00 1329.00
1321.00 1338.00
1272.00 1339.00
802.00 1388.00
1349.00 1392.00
706.00 1429.00
464.00 1444.00
1287.00 1444.00
619.00 1448.00
576.00 1487.00
1773.00 1493.00
723.00 1502.00
286.00 1536.00
1129.00 1536.00
1369.00 1552.00
1243.00 1570.00
1121.00 1587.00
608.00 1588.00
1261.00 1620.00
359.00 1629.00
