1018.00 163.00
832.00 354.00
625.00 442.00
1104.00 466.00
1031.00 500.00
748.00 588.00
910.00 605.00
1134.00 626.00
1190.00 629.00
491.00 639.00
951.00 656.00
1053.00 663.00
300.00 686.00
734.00 737.00
904.00 789.00
1049.00 800.00
837.00 801.00
588.00 843.00
1414.00 872.00
1373.00 875.00
1271.00 887.00
751.00 904.00
1411.00 953.00
1291.00 962.00
1215.00 1027.00
1134.00 1078.00
1098.00 1158.00
824.00 1187.00
993.00 1193.00
943.00 1205.00
816.00 1240.00
780.00 1333.00
1046.00 1352.00
1110.00 1376.00
822.00 1389.00
746.00 1445.00
814.00 1461.00
811.00 1517.00
1119.00 1540.00
623.00 1563.00
1123.00 1581.00
808.00 1586.00
895.00 1595.00
