2087.00 330.00
1217.00 336.00
1717.00 359.00
1832.00 360.00
777.00 362.00
505.00 364.00
1426.00 376.00
983.00 383.00
1200.00 393.00
1249.00 397.00
1121.00 399.00
928.00 411.00
2097.00 412.00
1630.00 415.00
497.00 422.00
1904.00 426.00
1236.00 453.00
2126.00 459.00
767.00 460.00
492.00 471.00
763.00 505.00
1055.00 510.00
1600.00 512.00
1328.00 519.00
1641.00 519.00
1239.00 520.00
1544.00 543.00
1832.00 551.00
991.00 559.00
1574.00 599.00
1663.00 599.00
1279.00 604.00
1215.00 608.00
627.00 622.00
2097.00 627.00
1503.00 631.00
935.00 632.00
1712.00 638.00
2183.00 639.00
1261.00 645.00
1423.00 646.00
2031.00 651.00
1559.00 652.00
1807.00 677.00
749.00 692.00
1241.00 693.00
665.00 694.00
985.00 697.00
929.00 699.00
2195.00 701.00
1456.00 702.00
1874.00 704.00
2057.00 717.00
1688.00 727.00
462.00 730.00
717.00 745.00
1284.00 746.00
1890.00 751.00
1215.00 752.00
1786.00 758.00
1523.00 771.00
1416.00 773.00
493.00 774.00
2260.00 776.00
938.00 777.00
1938.00 780.00
1027.00 783.00
1648.00 783.00
1276.00 790.00
1691.00 796.00
687.00 803.00
2164.00 814.00
616.00 817.00
731.00 831.00
1344.00 832.00
1072.00 835.00
1031.00 836.00
953.00 837.00
1635.00 848.00
1749.00 855.00
1818.00 856.00
1386.00 857.00
1695.00 858.00
1249.00 863.00
1464.00 863.00
1517.00 871.00
798.00 875.00
898.00 886.00
757.00 888.00
619.00 892.00
457.00 894.00
578.00 894.00
1059.00 928.00
1497.00 929.00
1648.00 933.00
522.00 935.00
1929.00 963.00
1302.00 971.00
1197.00 981.00
534.00 989.00
1080.00 989.00
1723.00 990.00
488.00 1007.00
641.00 1008.00
1591.00 1012.00
1319.00 1013.00
1830.00 1026.00
1724.00 1059.00
617.00 1061.00
1119.00 1068.00
1377.00 1080.00
1651.00 1082.00
1200.00 1087.00
1256.00 1087.00
426.00 1095.00
1318.00 1105.00
1113.00 1114.00
1483.00 1115.00
978.00 1116.00
1719.00 1121.00
911.00 1124.00
1875.00 1125.00
1181.00 1132.00
1411.00 1135.00
626.00 1137.00
421.00 1150.00
1329.00 1155.00
1251.00 1157.00
1709.00 1170.00
1837.00 1180.00
1471.00 1192.00
1516.00 1192.00
599.00 1196.00
1587.00 1201.00
898.00 1213.00
1711.00 1219.00
966.00 1226.00
1760.00 1228.00
783.00 1255.00
1075.00 1255.00
835.00 1256.00
1592.00 1263.00
1655.00 1275.00
508.00 1285.00
1713.00 1289.00
556.00 1311.00
847.00 1342.00
1416.00 1345.00
1647.00 1353.00
2313.00 1400.00
857.00 1401.00
1981.00 1402.00
648.00 1420.00
1582.00 1424.00
1987.00 1454.00
1660.00 1456.00
2261.00 1474.00
955.00 1480.00
905.00 1497.00
1986.00 1506.00
855.00 1520.00
546.00 1536.00
1639.00 1536.00
1222.00 1549.00
607.00 1569.00
958.00 1576.00
1327.00 1581.00
1194.00 1599.00
1373.00 1623.00
1618.00 1631.00
955.00 1674.00
1108.00 1679.00
1150.00 1680.00
1279.00 1681.00
1342.00 1682.00
1385.00 1682.00
1605.00 1682.00
1090.00 1720.00
1284.00 1722.00
1519.00 1722.00
1341.00 1723.00
1711.00 1768.00
1781.00 1768.00
1637.00 1769.00
1201.00 1770.00
1275.00 1772.00
