1553.00 216.00
2001.00 362.00
2485.00 364.00
2033.00 448.00
1312.00 449.00
1375.00 466.00
1862.00 551.00
1735.00 661.00
1212.00 670.00
2173.00 676.00
1607.00 694.00
1534.00 703.00
1876.00 713.00
1212.00 732.00
1681.00 738.00
1829.00 751.00
2048.00 752.00
1872.00 760.00
1641.00 796.00
2107.00 806.00
1240.00 810.00
1683.00 810.00
1983.00 826.00
1124.00 834.00
1730.00 834.00
1176.00 839.00
1345.00 846.00
1461.00 857.00
1711.00 900.00
1300.00 901.00
1630.00 906.00
1501.00 914.00
1366.00 921.00
1859.00 933.00
1688.00 959.00
1739.00 984.00
1155.00 1017.00
1231.00 1018.00
1445.00 1021.00
1331.00 1028.00
1160.00 1060.00
1261.00 1110.00
1600.00 1187.00
1570.00 1245.00
1757.00 1282.00
1596.00 1313.00
1847.00 1381.00
1908.00 1414.00
2127.00 1425.00
2061.00 1434.00
1920.00 1455.00
1999.00 1464.00
2143.00 1480.00
1846.00 1517.00
2440.00 1545.00
2232.00 1608.00
2579.00 1619.00
