1768.00 341.00
1489.00 359.00
1712.00 373.00
1083.00 380.00
879.00 399.00
1814.00 407.00
1475.00 409.00
765.00 419.00
2510.00 428.00
1682.00 431.00
1928.00 437.00
2091.00 459.00
1359.00 463.00
1011.00 480.00
1959.00 491.00
1413.00 499.00
1557.00 503.00
1609.00 510.00
863.00 512.00
1835.00 512.00
1369.00 521.00
981.00 527.00
1025.00 531.00
1287.00 548.00
1790.00 551.00
1834.00 553.00
1144.00 559.00
1489.00 561.00
1547.00 576.00
823.00 599.00
1478.00 618.00
2239.00 618.00
2138.00 630.00
1128.00 631.00
1391.00 631.00
1732.00 633.00
1062.00 646.00
786.00 663.00
2420.00 667.00
2548.00 669.00
1736.00 674.00
1160.00 680.00
1420.00 693.00
1063.00 695.00
1244.00 705.00
1319.00 723.00
1571.00 729.00
975.00 736.00
1217.00 751.00
1944.00 768.00
1878.00 770.00
1305.00 775.00
1346.00 783.00
2257.00 783.00
2130.00 790.00
1810.00 791.00
1529.00 792.00
788.00 793.00
1030.00 803.00
1188.00 812.00
1234.00 815.00
1119.00 823.00
1298.00 825.00
1591.00 836.00
942.00 837.00
1542.00 842.00
823.00 845.00
2098.00 845.00
866.00 863.00
1662.00 864.00
1016.00 874.00
1142.00 874.00
1929.00 874.00
1183.00 876.00
752.00 878.00
1243.00 879.00
946.00 885.00
994.00 916.00
796.00 919.00
1400.00 919.00
745.00 920.00
1159.00 921.00
904.00 925.00
2226.00 927.00
1353.00 929.00
1778.00 944.00
1081.00 947.00
1309.00 962.00
715.00 974.00
906.00 979.00
964.00 981.00
1495.00 981.00
1873.00 995.00
1168.00 1015.00
740.00 1038.00
783.00 1039.00
981.00 1045.00
2042.00 1063.00
841.00 1070.00
781.00 1080.00
1314.00 1084.00
1458.00 1091.00
1513.00 1092.00
726.00 1093.00
976.00 1097.00
1266.00 1108.00
781.00 1127.00
833.00 1127.00
1360.00 1129.00
982.00 1203.00
1148.00 1219.00
1835.00 1324.00
2308.00 1341.00
1576.00 1374.00
2312.00 1383.00
1487.00 1386.00
2034.00 1395.00
1579.00 1468.00
855.00 1478.00
1990.00 1541.00
2031.00 1553.00
1544.00 1557.00
1468.00 1594.00
1812.00 1601.00
1734.00 1609.00
1631.00 1617.00
1808.00 1655.00
1635.00 1663.00
1881.00 1766.00
