1965.00 21.00
2290.00 196.00
2332.00 207.00
1590.00 220.00
2291.00 248.00
1388.00 298.00
2175.00 310.00
1781.00 355.00
2001.00 404.00
1949.00 432.00
1724.00 476.00
1272.00 482.00
1856.00 482.00
1813.00 505.00
1767.00 516.00
2370.00 525.00
1857.00 528.00
1591.00 541.00
1464.00 583.00
1510.00 586.00
2513.00 590.00
2203.00 592.00
1374.00 600.00
1551.00 616.00
1703.00 623.00
2082.00 641.00
2453.00 662.00
2405.00 666.00
1560.00 676.00
1755.00 676.00
2224.00 687.00
1682.00 704.00
1629.00 712.00
2346.00 727.00
2579.00 728.00
1850.00 731.00
1759.00 737.00
2421.00 751.00
1469.00 753.00
1992.00 765.00
1377.00 768.00
1646.00 774.00
2469.00 780.00
2414.00 793.00
2114.00 796.00
1764.00 809.00
1937.00 813.00
1254.00 814.00
1377.00 825.00
2251.00 841.00
2491.00 842.00
2198.00 851.00
1300.00 854.00
1432.00 856.00
1767.00 857.00
2381.00 864.00
2315.00 870.00
1378.00 881.00
2243.00 909.00
1770.00 912.00
1701.00 919.00
1544.00 923.00
2323.00 925.00
1378.00 930.00
2471.00 933.00
2022.00 937.00
1463.00 950.00
2175.00 955.00
1772.00 957.00
1422.00 964.00
2283.00 966.00
1919.00 969.00
2512.00 974.00
2377.00 997.00
2330.00 1001.00
1530.00 1010.00
1775.00 1012.00
1585.00 1015.00
2503.00 1015.00
2193.00 1072.00
2235.00 1080.00
1955.00 1105.00
2339.00 1134.00
1002.00 1135.00
2217.00 1141.00
2519.00 1157.00
1734.00 1168.00
2433.00 1199.00
1642.00 1245.00
1244.00 1280.00
2062.00 1287.00
1604.00 1288.00
1777.00 1292.00
1952.00 1294.00
2316.00 1301.00
2112.00 1306.00
2465.00 1317.00
1442.00 1337.00
2004.00 1419.00
1923.00 1421.00
1151.00 1432.00
1480.00 1460.00
2095.00 1479.00
1815.00 1488.00
2255.00 1527.00
2208.00 1552.00
1458.00 1576.00
1653.00 1584.00
1532.00 1600.00
2233.00 1627.00
1344.00 1685.00
1904.00 1692.00
2190.00 1711.00
1727.00 1722.00
1671.00 1732.00
2026.00 1749.00
1976.00 1760.00
1904.00 1776.00
1717.00 1814.00
1640.00 1828.00
1015.00 1831.00
1816.00 1839.00
1576.00 1840.00
1831.00 1897.00
1300.00 1907.00
2255.00 1938.00
2016.00 2016.00
