734.00 238.00
925.00 277.00
1731.00 279.00
2094.00 289.00
2172.00 315.00
1655.00 317.00
813.00 322.00
1747.00 359.00
2177.00 359.00
1617.00 385.00
2047.00 385.00
2183.00 402.00
1754.00 424.00
780.00 427.00
1564.00 427.00
1943.00 448.00
221.00 459.00
271.00 462.00
1515.00 467.00
504.00 473.00
2088.00 474.00
1760.00 479.00
1460.00 481.00
1881.00 483.00
625.00 493.00
1826.00 496.00
554.00 498.00
2175.00 503.00
830.00 523.00
871.00 531.00
1538.00 539.00
945.00 543.00
1993.00 544.00
587.00 553.00
162.00 563.00
1394.00 569.00
1445.00 578.00
1723.00 579.00
806.00 586.00
1106.00 589.00
1678.00 589.00
1351.00 593.00
1061.00 596.00
1539.00 597.00
1600.00 609.00
1847.00 624.00
1772.00 625.00
2109.00 631.00
1311.00 636.00
1475.00 664.00
2161.00 667.00
1143.00 674.00
311.00 677.00
1735.00 679.00
1677.00 691.00
1190.00 704.00
1469.00 705.00
1588.00 724.00
667.00 729.00
709.00 733.00
1250.00 734.00
386.00 750.00
1909.00 759.00
1128.00 779.00
1472.00 789.00
1598.00 791.00
289.00 793.00
527.00 811.00
1685.00 811.00
577.00 820.00
419.00 825.00
1326.00 869.00
1601.00 881.00
463.00 882.00
1542.00 886.00
1783.00 887.00
557.00 889.00
342.00 910.00
399.00 922.00
1493.00 924.00
538.00 931.00
620.00 934.00
457.00 935.00
1550.00 949.00
1418.00 960.00
1697.00 961.00
1329.00 967.00
621.00 984.00
520.00 986.00
1732.00 1020.00
617.00 1033.00
1932.00 1037.00
678.00 1054.00
740.00 1066.00
581.00 1096.00
693.00 1103.00
400.00 1125.00
