832.00 327.00
1343.00 370.00
1810.00 411.00
1230.00 433.00
1608.00 503.00
1210.00 531.00
1596.00 567.00
705.00 569.00
1119.00 578.00
1160.00 592.00
881.00 634.00
206.00 664.00
271.00 671.00
399.00 686.00
1602.00 689.00
1336.00 693.00
508.00 709.00
1649.00 709.00
564.00 715.00
646.00 737.00
1333.00 758.00
478.00 759.00
1005.00 760.00
1096.00 765.00
1541.00 790.00
863.00 794.00
698.00 798.00
370.00 799.00
427.00 799.00
474.00 806.00
1055.00 814.00
1231.00 816.00
785.00 833.00
844.00 844.00
1463.00 857.00
1765.00 863.00
320.00 866.00
920.00 868.00
475.00 880.00
1505.00 886.00
721.00 896.00
328.00 920.00
605.00 928.00
1502.00 947.00
702.00 950.00
386.00 972.00
1495.00 996.00
1526.00 1052.00
