1105.00 304.00
1018.00 308.00
820.00 317.00
1936.00 335.00
654.00 345.00
1600.00 351.00
1025.00 358.00
1121.00 367.00
1298.00 383.00
648.00 389.00
581.00 393.00
1832.00 409.00
2360.00 425.00
392.00 430.00
644.00 431.00
553.00 435.00
1086.00 450.00
2266.00 453.00
1519.00 458.00
953.00 469.00
1440.00 471.00
874.00 473.00
830.00 474.00
771.00 477.00
659.00 482.00
1962.00 482.00
2112.00 487.00
415.00 489.00
1272.00 500.00
1028.00 501.00
576.00 519.00
1439.00 520.00
1639.00 535.00
635.00 539.00
678.00 541.00
533.00 550.00
2280.00 551.00
928.00 564.00
1951.00 568.00
1398.00 569.00
1906.00 572.00
628.00 587.00
670.00 592.00
1614.00 623.00
1559.00 624.00
984.00 638.00
929.00 639.00
875.00 640.00
1417.00 647.00
1985.00 647.00
679.00 648.00
2126.00 649.00
624.00 651.00
1847.00 653.00
1359.00 655.00
1463.00 656.00
2274.00 656.00
2053.00 661.00
2231.00 694.00
1401.00 697.00
941.00 704.00
1503.00 711.00
1118.00 752.00
936.00 759.00
1213.00 760.00
885.00 766.00
1400.00 780.00
1970.00 781.00
2015.00 783.00
1754.00 787.00
2105.00 787.00
2160.00 787.00
2209.00 790.00
1075.00 791.00
530.00 792.00
1921.00 792.00
1154.00 794.00
736.00 799.00
1238.00 814.00
1279.00 816.00
1006.00 817.00
856.00 821.00
780.00 823.00
1712.00 824.00
1759.00 845.00
1083.00 848.00
2063.00 853.00
1935.00 854.00
2105.00 854.00
1886.00 858.00
1834.00 868.00
1983.00 882.00
1772.00 886.00
1723.00 898.00
508.00 913.00
1650.00 918.00
1876.00 918.00
1601.00 931.00
2164.00 933.00
992.00 934.00
1233.00 934.00
1947.00 935.00
1557.00 943.00
1285.00 957.00
1782.00 968.00
2198.00 974.00
1908.00 976.00
1707.00 977.00
1867.00 979.00
1504.00 981.00
1049.00 983.00
1548.00 991.00
1243.00 995.00
1336.00 1000.00
1604.00 1003.00
947.00 1008.00
1000.00 1008.00
906.00 1009.00
1172.00 1014.00
1691.00 1023.00
1088.00 1028.00
1736.00 1033.00
2239.00 1033.00
2109.00 1034.00
1923.00 1039.00
588.00 1047.00
855.00 1057.00
2174.00 1057.00
2052.00 1058.00
1862.00 1061.00
1424.00 1071.00
1626.00 1077.00
1950.00 1081.00
2262.00 1095.00
864.00 1103.00
1146.00 1105.00
1752.00 1105.00
1875.00 1105.00
996.00 1110.00
2063.00 1113.00
1345.00 1117.00
2001.00 1119.00
1813.00 1122.00
1607.00 1136.00
1102.00 1152.00
1060.00 1155.00
709.00 1161.00
995.00 1161.00
1315.00 1163.00
582.00 1164.00
1254.00 1167.00
1411.00 1169.00
1818.00 1179.00
1364.00 1193.00
2007.00 1200.00
588.00 1206.00
1884.00 1211.00
1670.00 1216.00
1405.00 1221.00
2147.00 1238.00
970.00 1239.00
1740.00 1246.00
1565.00 1258.00
1045.00 1261.00
1271.00 1297.00
994.00 1298.00
1115.00 1300.00
647.00 1305.00
1039.00 1308.00
1112.00 1356.00
2108.00 1360.00
762.00 1364.00
1179.00 1365.00
1961.00 1381.00
1607.00 1382.00
1559.00 1388.00
1462.00 1395.00
2158.00 1400.00
1124.00 1425.00
2211.00 1432.00
1626.00 1434.00
1165.00 1435.00
1224.00 1452.00
1120.00 1479.00
1589.00 1501.00
1142.00 1525.00
2055.00 1532.00
2379.00 1533.00
1061.00 1546.00
2329.00 1550.00
2121.00 1590.00
1750.00 1610.00
2356.00 1637.00
2273.00 1640.00
2438.00 1663.00
1916.00 1677.00
1682.00 1684.00
1784.00 1685.00
1472.00 1737.00
1486.00 1782.00
