1019.00 30.00
1016.00 73.00
2206.00 159.00
1920.00 165.00
2327.00 182.00
2479.00 192.00
2365.00 240.00
1862.00 272.00
1996.00 285.00
2223.00 286.00
2376.00 303.00
2242.00 343.00
1433.00 369.00
1040.00 371.00
1198.00 455.00
1534.00 472.00
1537.00 515.00
1494.00 527.00
1844.00 548.00
967.00 553.00
1886.00 554.00
1948.00 554.00
1754.00 565.00
2051.00 565.00
1375.00 567.00
2144.00 568.00
1671.00 576.00
2297.00 577.00
2381.00 582.00
2186.00 584.00
2556.00 584.00
1295.00 591.00
1429.00 607.00
1487.00 633.00
1752.00 640.00
1613.00 648.00
2307.00 654.00
1218.00 656.00
1294.00 659.00
1168.00 662.00
1394.00 684.00
976.00 686.00
1343.00 699.00
1448.00 704.00
1163.00 725.00
1218.00 725.00
1676.00 727.00
1616.00 760.00
1415.00 787.00
1977.00 792.00
2349.00 792.00
1240.00 793.00
2283.00 800.00
1523.00 823.00
1354.00 824.00
1294.00 838.00
1763.00 838.00
1665.00 841.00
2122.00 855.00
1569.00 863.00
1619.00 864.00
1792.00 883.00
1947.00 896.00
1462.00 902.00
1507.00 904.00
1345.00 918.00
1135.00 923.00
1293.00 925.00
1548.00 925.00
1643.00 926.00
2301.00 940.00
2070.00 943.00
1294.00 967.00
1384.00 975.00
2543.00 984.00
1628.00 988.00
2020.00 993.00
1673.00 994.00
2158.00 995.00
1046.00 1002.00
1883.00 1007.00
1574.00 1008.00
1151.00 1009.00
1822.00 1052.00
1876.00 1052.00
1470.00 1054.00
1151.00 1056.00
1533.00 1075.00
2016.00 1075.00
1752.00 1077.00
1596.00 1083.00
1323.00 1098.00
1661.00 1099.00
1903.00 1112.00
1805.00 1146.00
1128.00 1165.00
1672.00 1172.00
1557.00 1226.00
1148.00 1228.00
1512.00 1228.00
1457.00 1230.00
1829.00 1250.00
1239.00 1251.00
1958.00 1269.00
1069.00 1283.00
2224.00 1287.00
2125.00 1295.00
2304.00 1303.00
1338.00 1319.00
1444.00 1319.00
1506.00 1320.00
1387.00 1335.00
1959.00 1342.00
2063.00 1349.00
1323.00 1379.00
1850.00 1379.00
1457.00 1380.00
1564.00 1381.00
1189.00 1413.00
1148.00 1444.00
1228.00 1482.00
1998.00 1496.00
959.00 1497.00
2041.00 1502.00
1322.00 1515.00
2310.00 1523.00
1561.00 1536.00
1458.00 1541.00
1915.00 1547.00
1842.00 1556.00
1300.00 1645.00
1360.00 1653.00
2251.00 1683.00
1687.00 1695.00
2121.00 1704.00
1988.00 1736.00
1072.00 1738.00
2255.00 1749.00
1381.00 1907.00
1870.00 1943.00
