1040.00 13.00
895.00 18.00
466.00 21.00
536.00 23.00
714.00 34.00
1007.00 167.00
686.00 239.00
802.00 264.00
584.00 299.00
639.00 312.00
1016.00 383.00
863.00 399.00
783.00 400.00
1163.00 408.00
1100.00 433.00
770.00 465.00
933.00 472.00
838.00 485.00
1095.00 490.00
1139.00 494.00
1287.00 500.00
268.00 525.00
1287.00 560.00
69.00 561.00
964.00 570.00
208.00 571.00
723.00 582.00
479.00 587.00
330.00 599.00
382.00 607.00
425.00 613.00
1007.00 657.00
636.00 659.00
1288.00 659.00
420.00 663.00
959.00 668.00
687.00 680.00
329.00 694.00
417.00 704.00
47.00 708.00
845.00 725.00
376.00 729.00
1065.00 729.00
471.00 734.00
630.00 736.00
521.00 741.00
1239.00 762.00
1189.00 763.00
569.00 767.00
717.00 769.00
777.00 795.00
83.00 803.00
1203.00 812.00
521.00 819.00
773.00 847.00
1285.00 847.00
815.00 856.00
523.00 860.00
397.00 874.00
682.00 877.00
65.00 895.00
1151.00 898.00
726.00 906.00
583.00 921.00
800.00 923.00
507.00 927.00
944.00 927.00
678.00 933.00
392.00 934.00
436.00 934.00
752.00 948.00
131.00 958.00
842.00 966.00
364.00 979.00
711.00 979.00
487.00 985.00
252.00 992.00
972.00 992.00
1013.00 993.00
908.00 995.00
406.00 1005.00
855.00 1029.00
704.00 1030.00
770.00 1031.00
1010.00 1034.00
1058.00 1035.00
906.00 1036.00
574.00 1058.00
528.00 1063.00
1206.00 1067.00
1011.00 1080.00
604.00 1109.00
561.00 1110.00
707.00 1112.00
875.00 1119.00
561.00 1174.00
662.00 1201.00
863.00 1205.00
963.00 1224.00
494.00 1239.00
555.00 1240.00
598.00 1240.00
812.00 1262.00
492.00 1280.00
860.00 1281.00
558.00 1285.00
1009.00 1288.00
434.00 1290.00
620.00 1303.00
735.00 1354.00
694.00 1370.00
567.00 1392.00
616.00 1424.00
497.00 1445.00
563.00 1456.00
699.00 1487.00
857.00 1498.00
617.00 1506.00
527.00 1606.00
444.00 1670.00
560.00 1688.00
467.00 1737.00
400.00 1766.00
591.00 1785.00
784.00 1813.00
697.00 1886.00
