1584.00 135.00
1079.00 189.00
1396.00 296.00
1495.00 299.00
1321.00 312.00
1217.00 314.00
1447.00 318.00
1159.00 320.00
1950.00 336.00
1087.00 354.00
1674.00 357.00
1608.00 361.00
1527.00 366.00
1475.00 372.00
1337.00 410.00
1239.00 413.00
1775.00 413.00
1159.00 418.00
2132.00 421.00
2076.00 424.00
1059.00 441.00
1911.00 442.00
1671.00 460.00
1534.00 464.00
1483.00 468.00
1605.00 487.00
1282.00 506.00
1351.00 511.00
1508.00 513.00
1187.00 518.00
1988.00 520.00
2494.00 530.00
2423.00 532.00
1631.00 537.00
1293.00 547.00
1670.00 590.00
2322.00 618.00
1367.00 626.00
1318.00 628.00
2511.00 648.00
2068.00 659.00
1180.00 671.00
2143.00 673.00
1114.00 678.00
1265.00 696.00
2234.00 699.00
1785.00 709.00
1192.00 715.00
2452.00 716.00
1472.00 724.00
1119.00 736.00
1589.00 741.00
2274.00 756.00
1733.00 758.00
1335.00 760.00
2229.00 765.00
1966.00 768.00
2140.00 781.00
2097.00 789.00
1839.00 794.00
1719.00 810.00
1658.00 812.00
1589.00 852.00
1512.00 858.00
1402.00 880.00
1846.00 892.00
2025.00 896.00
1527.00 901.00
2218.00 935.00
2576.00 936.00
1201.00 948.00
1542.00 951.00
2329.00 963.00
1897.00 973.00
1451.00 985.00
1705.00 1001.00
1875.00 1014.00
2193.00 1020.00
1773.00 1026.00
1567.00 1029.00
1117.00 1056.00
1634.00 1056.00
1776.00 1071.00
1894.00 1080.00
1272.00 1083.00
2200.00 1094.00
1671.00 1099.00
1380.00 1103.00
1626.00 1114.00
1122.00 1127.00
1882.00 1140.00
2323.00 1167.00
2282.00 1168.00
1258.00 1172.00
1338.00 1172.00
1969.00 1182.00
1425.00 1187.00
1493.00 1209.00
1360.00 1222.00
1961.00 1223.00
1286.00 1224.00
1715.00 1261.00
1826.00 1265.00
1325.00 1278.00
2375.00 1291.00
2249.00 1293.00
1881.00 1312.00
1816.00 1313.00
1389.00 1315.00
1759.00 1316.00
1718.00 1329.00
1465.00 1333.00
2212.00 1345.00
2303.00 1345.00
2351.00 1345.00
2406.00 1345.00
2121.00 1347.00
2165.00 1347.00
1921.00 1389.00
2355.00 1390.00
2514.00 1392.00
1289.00 1404.00
1722.00 1416.00
1585.00 1420.00
2519.00 1439.00
1368.00 1455.00
1165.00 1461.00
1822.00 1466.00
1599.00 1474.00
2128.00 1476.00
2173.00 1477.00
2216.00 1478.00
2266.00 1479.00
1724.00 1483.00
2470.00 1485.00
1925.00 1509.00
1966.00 1510.00
2173.00 1519.00
2219.00 1521.00
2267.00 1524.00
2418.00 1532.00
2528.00 1537.00
2006.00 1554.00
2175.00 1562.00
2224.00 1568.00
2270.00 1570.00
2320.00 1573.00
1852.00 1584.00
2535.00 1588.00
1313.00 1591.00
2425.00 1600.00
1656.00 1602.00
1426.00 1608.00
1585.00 1608.00
2182.00 1610.00
2226.00 1612.00
2323.00 1619.00
2484.00 1633.00
2538.00 1637.00
2376.00 1657.00
1664.00 1663.00
1087.00 1681.00
1813.00 1712.00
1172.00 1722.00
1613.00 1725.00
1679.00 1740.00
2081.00 1749.00
1912.00 1754.00
1728.00 1760.00
1115.00 1767.00
2167.00 1797.00
1945.00 1833.00
1593.00 1898.00
1585.00 1964.00
