1685.00 8.00
2328.00 21.00
1880.00 41.00
2241.00 41.00
1161.00 70.00
2395.00 71.00
1540.00 87.00
1663.00 126.00
1607.00 134.00
2268.00 137.00
1704.00 154.00
2315.00 155.00
2546.00 160.00
1998.00 167.00
1896.00 180.00
1104.00 184.00
2236.00 193.00
2193.00 211.00
1449.00 226.00
2137.00 236.00
2525.00 255.00
1910.00 298.00
1863.00 304.00
2158.00 307.00
1620.00 321.00
2117.00 336.00
2267.00 419.00
1451.00 448.00
2142.00 450.00
1383.00 452.00
2078.00 467.00
1901.00 483.00
2319.00 502.00
2551.00 532.00
1600.00 548.00
1427.00 570.00
1770.00 588.00
1019.00 590.00
1386.00 617.00
1844.00 622.00
1571.00 644.00
1769.00 648.00
983.00 666.00
2185.00 704.00
1405.00 707.00
1782.00 714.00
1344.00 730.00
1635.00 746.00
2508.00 753.00
1744.00 755.00
2180.00 755.00
1385.00 762.00
1523.00 771.00
1225.00 778.00
1896.00 795.00
2019.00 805.00
1629.00 811.00
1126.00 816.00
1968.00 819.00
1215.00 826.00
1832.00 830.00
1081.00 832.00
980.00 840.00
1127.00 857.00
1517.00 872.00
1079.00 874.00
2564.00 893.00
1252.00 911.00
1484.00 916.00
1210.00 924.00
1320.00 931.00
1932.00 947.00
2031.00 957.00
2434.00 971.00
1525.00 991.00
2551.00 994.00
1033.00 1029.00
2553.00 1340.00
2537.00 1415.00
849.00 1493.00
2554.00 1551.00
1292.00 1570.00
2502.00 1576.00
2479.00 1636.00
1584.00 1661.00
1078.00 1663.00
1810.00 1670.00
2546.00 1682.00
1683.00 1688.00
2486.00 1719.00
2414.00 1762.00
1400.00 1910.00
