862.00 80.00
1716.00 133.00
936.00 152.00
1734.00 257.00
1663.00 263.00
954.00 273.00
715.00 325.00
1570.00 368.00
1621.00 369.00
732.00 393.00
1607.00 410.00
1142.00 424.00
942.00 434.00
1085.00 441.00
673.00 462.00
1436.00 462.00
1642.00 472.00
890.00 479.00
1638.00 521.00
1463.00 623.00
1615.00 623.00
1200.00 634.00
918.00 636.00
795.00 658.00
1355.00 694.00
1432.00 701.00
632.00 715.00
886.00 742.00
490.00 752.00
751.00 758.00
903.00 783.00
808.00 789.00
366.00 819.00
1578.00 819.00
727.00 820.00
862.00 823.00
1064.00 824.00
1213.00 833.00
941.00 834.00
1130.00 850.00
662.00 857.00
746.00 867.00
840.00 868.00
1062.00 868.00
1383.00 877.00
1271.00 878.00
429.00 880.00
1208.00 883.00
659.00 908.00
1310.00 923.00
1058.00 924.00
1250.00 927.00
349.00 928.00
1359.00 929.00
1200.00 974.00
143.00 988.00
1375.00 998.00
649.00 1065.00
1026.00 1084.00
1075.00 1094.00
966.00 1096.00
751.00 1100.00
1357.00 1126.00
712.00 1145.00
191.00 1160.00
1424.00 1160.00
912.00 1161.00
1226.00 1173.00
1432.00 1223.00
1339.00 1225.00
1226.00 1256.00
1158.00 1258.00
1479.00 1265.00
1417.00 1349.00
1464.00 1361.00
1519.00 1363.00
1647.00 1407.00
1121.00 1439.00
1749.00 1490.00
1647.00 1491.00
1551.00 1496.00
714.00 1525.00
1184.00 1531.00
100.00 1661.00
