1827.00 201.00
1884.00 324.00
2170.00 428.00
1566.00 479.00
1669.00 491.00
649.00 541.00
1922.00 563.00
1186.00 564.00
695.00 613.00
1506.00 616.00
1722.00 659.00
711.00 687.00
1078.00 732.00
780.00 736.00
834.00 739.00
1339.00 758.00
1297.00 768.00
779.00 791.00
1343.00 802.00
1959.00 842.00
766.00 845.00
2035.00 849.00
1766.00 855.00
1051.00 868.00
917.00 903.00
1010.00 906.00
807.00 914.00
863.00 919.00
728.00 943.00
1046.00 953.00
1991.00 967.00
728.00 987.00
1938.00 998.00
921.00 1000.00
777.00 1007.00
865.00 1012.00
1046.00 1019.00
778.00 1050.00
927.00 1087.00
979.00 1423.00
1560.00 1506.00
1631.00 1704.00
1747.00 1736.00
1468.00 1752.00
1635.00 1804.00
