1869.00 169.00
312.00 267.00
453.00 272.00
1022.00 287.00
1334.00 308.00
1151.00 321.00
455.00 332.00
674.00 374.00
669.00 420.00
1146.00 455.00
1243.00 472.00
647.00 477.00
1775.00 508.00
1143.00 521.00
1668.00 548.00
1492.00 590.00
1751.00 628.00
1692.00 647.00
1314.00 681.00
1571.00 704.00
1798.00 709.00
522.00 716.00
1580.00 745.00
1142.00 772.00
1829.00 781.00
1395.00 814.00
491.00 832.00
1140.00 841.00
1192.00 845.00
24.00 919.00
279.00 961.00
1138.00 972.00
340.00 977.00
897.00 994.00
1049.00 1002.00
1139.00 1022.00
1491.00 1025.00
1493.00 1086.00
1540.00 1099.00
1295.00 1118.00
