1967.00 133.00
1627.00 210.00
1186.00 284.00
1275.00 287.00
695.00 312.00
1527.00 337.00
2214.00 346.00
1422.00 377.00
1534.00 392.00
932.00 413.00
1037.00 470.00
889.00 472.00
776.00 547.00
1092.00 560.00
2273.00 604.00
934.00 612.00
1951.00 632.00
2118.00 637.00
2057.00 647.00
1075.00 651.00
1207.00 667.00
930.00 676.00
1747.00 680.00
1592.00 695.00
1532.00 698.00
2026.00 710.00
1023.00 712.00
1827.00 743.00
1868.00 751.00
1919.00 762.00
1570.00 771.00
1202.00 780.00
1374.00 826.00
1201.00 830.00
1138.00 837.00
2382.00 840.00
1393.00 896.00
1438.00 928.00
1581.00 931.00
2081.00 948.00
1654.00 988.00
1441.00 1000.00
2034.00 1073.00
1634.00 1074.00
1709.00 1087.00
1514.00 1097.00
1422.00 1143.00
2064.00 1143.00
