1878.00 19.00
868.00 57.00
2415.00 182.00
1776.00 249.00
2239.00 263.00
1545.00 298.00
2471.00 394.00
2291.00 420.00
2001.00 486.00
850.00 526.00
2082.00 571.00
1793.00 681.00
995.00 705.00
2396.00 857.00
1885.00 941.00
2480.00 1054.00
2206.00 1135.00
2402.00 1149.00
1900.00 1175.00
1483.00 1176.00
2500.00 1290.00
2384.00 1324.00
2511.00 1337.00
2328.00 1375.00
1839.00 1390.00
2282.00 1411.00
2501.00 1429.00
2362.00 1435.00
1558.00 1471.00
1420.00 1490.00
2262.00 1497.00
1839.00 1514.00
2417.00 1527.00
2162.00 1564.00
1860.00 1585.00
1758.00 1589.00
1678.00 1598.00
1602.00 1609.00
1604.00 1660.00
