1399.00 271.00
1055.00 305.00
1492.00 373.00
541.00 375.00
1369.00 441.00
414.00 455.00
1494.00 502.00
1248.00 508.00
1753.00 516.00
1172.00 536.00
1670.00 550.00
1117.00 564.00
1214.00 569.00
1310.00 578.00
1294.00 622.00
1177.00 624.00
1222.00 653.00
264.00 654.00
1069.00 670.00
622.00 680.00
1203.00 714.00
1692.00 716.00
287.00 729.00
1063.00 748.00
359.00 770.00
1152.00 798.00
1626.00 807.00
959.00 817.00
378.00 830.00
853.00 838.00
337.00 852.00
1293.00 889.00
347.00 941.00
862.00 999.00
648.00 1008.00
508.00 1016.00
570.00 1035.00
771.00 1084.00
529.00 1100.00
762.00 1130.00
308.00 1170.00
704.00 1234.00
755.00 1234.00
401.00 1253.00
1702.00 1262.00
1650.00 1266.00
1609.00 1267.00
755.00 1289.00
912.00 1324.00
612.00 1336.00
1667.00 1383.00
888.00 1436.00
1027.00 1449.00
489.00 1461.00
1661.00 1496.00
463.00 1511.00
966.00 1512.00
582.00 1544.00
998.00 1557.00
1179.00 1567.00
1119.00 1572.00
866.00 1605.00
1086.00 1618.00
998.00 1631.00
580.00 1637.00
867.00 1648.00
968.00 1677.00
863.00 1827.00
