1191.00 267.00
922.00 345.00
571.00 366.00
1860.00 380.00
1128.00 385.00
779.00 401.00
1051.00 415.00
1095.00 449.00
714.00 490.00
1267.00 504.00
976.00 545.00
719.00 550.00
612.00 592.00
559.00 612.00
751.00 616.00
1061.00 619.00
701.00 639.00
745.00 662.00
807.00 664.00
1119.00 678.00
696.00 682.00
915.00 683.00
777.00 713.00
918.00 733.00
985.00 738.00
876.00 747.00
737.00 768.00
822.00 775.00
688.00 807.00
1135.00 812.00
773.00 832.00
1468.00 832.00
1289.00 835.00
839.00 841.00
685.00 850.00
1403.00 896.00
924.00 903.00
1989.00 903.00
1157.00 906.00
1113.00 907.00
810.00 912.00
862.00 939.00
981.00 944.00
1362.00 948.00
1161.00 964.00
1064.00 969.00
1509.00 992.00
1622.00 993.00
767.00 1119.00
1113.00 1126.00
1740.00 1150.00
1168.00 1163.00
1882.00 1168.00
1424.00 1169.00
927.00 1180.00
880.00 1186.00
1438.00 1219.00
936.00 1231.00
1485.00 1233.00
1172.00 1473.00
