2192.00 324.00
490.00 347.00
1916.00 349.00
1052.00 354.00
358.00 369.00
905.00 393.00
544.00 401.00
632.00 436.00
715.00 436.00
587.00 442.00
1839.00 473.00
1764.00 492.00
1892.00 492.00
658.00 507.00
709.00 509.00
1664.00 520.00
792.00 527.00
1430.00 632.00
1562.00 636.00
1159.00 639.00
1728.00 639.00
2145.00 639.00
1907.00 643.00
420.00 666.00
1647.00 670.00
784.00 679.00
1439.00 680.00
358.00 693.00
1274.00 698.00
2104.00 698.00
1090.00 702.00
1781.00 704.00
994.00 713.00
886.00 714.00
417.00 719.00
678.00 720.00
550.00 734.00
2010.00 741.00
2304.00 747.00
813.00 750.00
1323.00 750.00
1917.00 752.00
1035.00 755.00
763.00 763.00
1168.00 768.00
716.00 773.00
969.00 775.00
637.00 802.00
1741.00 815.00
785.00 819.00
934.00 822.00
1790.00 826.00
1942.00 826.00
2032.00 829.00
1277.00 832.00
2254.00 835.00
1065.00 838.00
1634.00 838.00
2151.00 839.00
1532.00 842.00
632.00 864.00
710.00 864.00
1927.00 868.00
1586.00 871.00
806.00 872.00
1968.00 878.00
2085.00 879.00
983.00 885.00
1466.00 897.00
1100.00 899.00
1669.00 904.00
2040.00 910.00
780.00 913.00
1588.00 913.00
1282.00 923.00
1954.00 927.00
627.00 931.00
2251.00 939.00
1441.00 942.00
1590.00 956.00
838.00 957.00
1375.00 970.00
2167.00 973.00
1188.00 977.00
1639.00 983.00
626.00 984.00
1959.00 992.00
1330.00 993.00
1556.00 997.00
2131.00 1031.00
2084.00 1032.00
1672.00 1036.00
1432.00 1037.00
1384.00 1061.00
545.00 1063.00
1204.00 1073.00
769.00 1094.00
2085.00 1102.00
1506.00 1108.00
1807.00 1130.00
1201.00 1138.00
2235.00 1142.00
1759.00 1143.00
2165.00 1151.00
1431.00 1172.00
1220.00 1182.00
1810.00 1190.00
608.00 1193.00
690.00 1203.00
2161.00 1207.00
1319.00 1215.00
2109.00 1215.00
1459.00 1226.00
2293.00 1229.00
1704.00 1231.00
688.00 1250.00
2110.00 1281.00
1977.00 1282.00
2047.00 1282.00
1815.00 1285.00
1723.00 1288.00
1525.00 1293.00
1448.00 1294.00
1264.00 1296.00
1958.00 1337.00
1781.00 1340.00
1625.00 1342.00
1677.00 1342.00
1727.00 1342.00
1267.00 1343.00
1347.00 1343.00
1391.00 1343.00
1435.00 1343.00
1480.00 1343.00
2053.00 1386.00
2010.00 1388.00
1348.00 1392.00
1393.00 1392.00
1437.00 1393.00
1481.00 1393.00
1961.00 1393.00
1677.00 1394.00
1730.00 1395.00
1784.00 1395.00
2121.00 1433.00
2057.00 1439.00
1308.00 1440.00
1350.00 1440.00
1392.00 1442.00
1438.00 1443.00
1481.00 1444.00
1530.00 1444.00
1577.00 1446.00
1963.00 1447.00
748.00 1449.00
1680.00 1450.00
1733.00 1450.00
1822.00 1452.00
826.00 1455.00
2238.00 1472.00
2181.00 1479.00
1307.00 1487.00
1351.00 1489.00
1392.00 1491.00
1437.00 1493.00
1482.00 1496.00
1530.00 1498.00
1580.00 1499.00
1629.00 1500.00
1680.00 1502.00
1966.00 1503.00
1734.00 1504.00
2295.00 1511.00
1266.00 1533.00
1309.00 1536.00
1351.00 1538.00
1392.00 1541.00
1438.00 1543.00
1483.00 1546.00
1533.00 1549.00
1580.00 1552.00
1631.00 1554.00
1992.00 1554.00
1682.00 1558.00
1737.00 1559.00
1789.00 1562.00
2271.00 1564.00
2216.00 1572.00
823.00 1576.00
1350.00 1587.00
1393.00 1590.00
2127.00 1590.00
1440.00 1595.00
766.00 1596.00
2065.00 1599.00
1534.00 1602.00
1583.00 1605.00
1633.00 1608.00
1682.00 1611.00
1993.00 1611.00
2275.00 1614.00
1737.00 1615.00
1790.00 1617.00
1308.00 1633.00
1351.00 1636.00
2159.00 1636.00
1393.00 1640.00
1439.00 1644.00
1534.00 1653.00
1581.00 1656.00
2220.00 1658.00
1634.00 1660.00
1684.00 1666.00
1997.00 1666.00
1738.00 1670.00
1791.00 1674.00
1975.00 1711.00
1830.00 1717.00
1290.00 1718.00
675.00 1741.00
557.00 1760.00
1975.00 1764.00
1831.00 1768.00
608.00 1777.00
1743.00 1784.00
2001.00 1810.00
2079.00 1815.00
2293.00 1833.00
