1808.00 274.00
2009.00 368.00
2143.00 372.00
2091.00 384.00
2311.00 394.00
1962.00 409.00
1871.00 426.00
2575.00 426.00
2503.00 438.00
1779.00 458.00
2411.00 472.00
1146.00 485.00
1598.00 491.00
1921.00 499.00
1772.00 501.00
1540.00 502.00
2232.00 506.00
2190.00 510.00
2081.00 514.00
1720.00 550.00
1543.00 558.00
1776.00 559.00
2239.00 570.00
2063.00 592.00
1724.00 602.00
2175.00 608.00
2021.00 623.00
2246.00 626.00
1782.00 627.00
2126.00 642.00
1448.00 652.00
1402.00 660.00
2017.00 672.00
2255.00 689.00
2062.00 691.00
1787.00 708.00
2047.00 735.00
1839.00 749.00
1791.00 751.00
2197.00 753.00
1311.00 757.00
2268.00 775.00
2396.00 783.00
1152.00 802.00
1672.00 810.00
2205.00 815.00
1936.00 816.00
1629.00 822.00
1152.00 846.00
2274.00 852.00
2005.00 853.00
2137.00 868.00
2500.00 869.00
2448.00 874.00
1664.00 877.00
1939.00 877.00
2385.00 899.00
2214.00 903.00
1801.00 907.00
1206.00 910.00
2334.00 912.00
1842.00 919.00
1729.00 935.00
2264.00 935.00
2013.00 947.00
2068.00 952.00
1946.00 954.00
1856.00 963.00
2550.00 966.00
1559.00 973.00
1450.00 974.00
1808.00 987.00
1645.00 990.00
2169.00 991.00
2429.00 993.00
2293.00 1000.00
2482.00 1001.00
1946.00 1003.00
2379.00 1007.00
2563.00 1007.00
1686.00 1009.00
1451.00 1015.00
2092.00 1016.00
1258.00 1018.00
1991.00 1019.00
1844.00 1032.00
2318.00 1048.00
2550.00 1049.00
2385.00 1052.00
1948.00 1065.00
2143.00 1067.00
2218.00 1069.00
2023.00 1082.00
1812.00 1094.00
1452.00 1096.00
2496.00 1102.00
2078.00 1113.00
1651.00 1115.00
2392.00 1116.00
1362.00 1160.00
2356.00 1175.00
1286.00 1191.00
1817.00 1199.00
1456.00 1205.00
1579.00 1225.00
2382.00 1243.00
1543.00 1267.00
1283.00 1286.00
1843.00 1286.00
1984.00 1286.00
2293.00 1312.00
2120.00 1316.00
2010.00 1332.00
1854.00 1337.00
2299.00 1387.00
2348.00 1387.00
1352.00 1390.00
1253.00 1415.00
2008.00 1496.00
1871.00 1536.00
1951.00 1547.00
2046.00 1559.00
1992.00 1563.00
1887.00 1578.00
1616.00 1614.00
1896.00 1623.00
1806.00 1625.00
1503.00 1711.00
1148.00 1758.00
1710.00 1872.00
1560.00 1890.00
1755.00 1898.00
1696.00 1914.00
1820.00 1945.00
1878.00 1983.00
1971.00 2031.00
