1849.00 20.00
1774.00 34.00
2208.00 56.00
1850.00 83.00
1850.00 140.00
1666.00 155.00
1779.00 163.00
1714.00 174.00
1995.00 176.00
1847.00 186.00
1843.00 231.00
2054.00 272.00
1622.00 326.00
1820.00 348.00
1686.00 372.00
1799.00 409.00
1641.00 412.00
1695.00 421.00
1648.00 453.00
1976.00 471.00
2084.00 479.00
1583.00 485.00
1763.00 486.00
2349.00 493.00
2144.00 501.00
1739.00 528.00
2091.00 537.00
2242.00 541.00
2176.00 549.00
2132.00 550.00
1699.00 583.00
1928.00 583.00
2520.00 649.00
1616.00 672.00
2197.00 695.00
1748.00 726.00
1664.00 737.00
2159.00 745.00
2368.00 749.00
2230.00 755.00
2300.00 761.00
2037.00 767.00
1965.00 775.00
2415.00 778.00
2015.00 820.00
2467.00 827.00
1940.00 843.00
2095.00 844.00
2191.00 844.00
1880.00 855.00
2278.00 858.00
2144.00 862.00
1801.00 867.00
2031.00 881.00
1943.00 889.00
2102.00 895.00
2155.00 922.00
2055.00 927.00
2235.00 934.00
1888.00 946.00
1766.00 967.00
2517.00 974.00
2079.00 1003.00
2455.00 1020.00
1670.00 1046.00
2112.00 1053.00
1784.00 1056.00
2046.00 1056.00
1893.00 1061.00
2176.00 1074.00
2292.00 1086.00
1672.00 1087.00
2489.00 1093.00
1837.00 1102.00
2042.00 1103.00
2088.00 1104.00
1987.00 1112.00
2185.00 1125.00
1682.00 1141.00
2077.00 1156.00
2355.00 1185.00
1857.00 1215.00
2501.00 1229.00
1843.00 1259.00
1912.00 1266.00
1911.00 1324.00
2328.00 1354.00
2382.00 1365.00
1734.00 1369.00
2190.00 1372.00
1847.00 1373.00
1913.00 1374.00
1970.00 1374.00
1788.00 1425.00
1834.00 1453.00
2496.00 1463.00
1992.00 1488.00
1948.00 1535.00
2133.00 1542.00
1735.00 1552.00
1853.00 1559.00
2142.00 1599.00
1983.00 1617.00
1853.00 1766.00
2177.00 1828.00
2055.00 1862.00
2003.00 1876.00
