58.00 296.00
682.00 307.00
393.00 483.00
251.00 573.00
424.00 628.00
349.00 643.00
1579.00 651.00
207.00 652.00
42.00 657.00
361.00 686.00
1429.00 695.00
1030.00 726.00
15.00 732.00
1497.00 738.00
1432.00 745.00
87.00 746.00
151.00 757.00
1616.00 758.00
214.00 771.00
271.00 771.00
331.00 782.00
1167.00 786.00
1402.00 786.00
1542.00 792.00
387.00 793.00
1459.00 800.00
1593.00 820.00
192.00 826.00
1395.00 832.00
1176.00 834.00
1135.00 842.00
1509.00 849.00
476.00 861.00
837.00 866.00
1559.00 872.00
1729.00 880.00
1190.00 883.00
1432.00 885.00
18.00 892.00
1515.00 895.00
1286.00 901.00
1232.00 906.00
1437.00 940.00
1607.00 948.00
1286.00 958.00
77.00 963.00
19.00 986.00
994.00 1009.00
1192.00 1023.00
20.00 1135.00
