587.00 251.00
2144.00 259.00
488.00 263.00
418.00 278.00
1630.00 282.00
861.00 284.00
1552.00 285.00
977.00 300.00
1859.00 300.00
2080.00 300.00
479.00 318.00
1587.00 331.00
910.00 336.00
1479.00 343.00
1242.00 352.00
613.00 364.00
1747.00 369.00
473.00 374.00
1602.00 374.00
942.00 382.00
1559.00 405.00
2024.00 411.00
1144.00 415.00
1243.00 423.00
1312.00 424.00
971.00 428.00
1931.00 433.00
1980.00 434.00
620.00 438.00
553.00 439.00
1039.00 445.00
1810.00 451.00
670.00 455.00
2234.00 466.00
719.00 479.00
1152.00 480.00
2168.00 485.00
314.00 492.00
856.00 519.00
1895.00 534.00
2048.00 535.00
1464.00 544.00
482.00 552.00
284.00 565.00
1251.00 567.00
1192.00 583.00
1763.00 591.00
299.00 607.00
584.00 607.00
1443.00 610.00
1655.00 610.00
1055.00 611.00
891.00 613.00
2186.00 614.00
1824.00 615.00
2072.00 620.00
501.00 623.00
2238.00 645.00
1587.00 655.00
1067.00 658.00
2062.00 667.00
429.00 674.00
1252.00 693.00
2120.00 694.00
1651.00 697.00
1946.00 702.00
286.00 711.00
2078.00 728.00
1654.00 760.00
1742.00 761.00
1958.00 773.00
543.00 777.00
366.00 781.00
311.00 783.00
727.00 796.00
2097.00 807.00
426.00 811.00
468.00 811.00
1004.00 824.00
1878.00 825.00
552.00 826.00
602.00 827.00
1658.00 829.00
2039.00 835.00
1990.00 837.00
845.00 839.00
359.00 841.00
1487.00 842.00
1249.00 843.00
1758.00 854.00
917.00 859.00
2093.00 859.00
2162.00 859.00
1091.00 868.00
435.00 896.00
2117.00 902.00
1688.00 906.00
371.00 909.00
1801.00 910.00
739.00 911.00
662.00 921.00
1860.00 931.00
2178.00 935.00
447.00 942.00
379.00 952.00
1702.00 972.00
567.00 980.00
1862.00 983.00
659.00 990.00
386.00 1005.00
428.00 1028.00
1616.00 1037.00
1013.00 1051.00
1419.00 1056.00
2367.00 1084.00
498.00 1093.00
658.00 1119.00
1421.00 1151.00
543.00 1158.00
1374.00 1161.00
1746.00 1183.00
1431.00 1230.00
345.00 1299.00
704.00 1424.00
1771.00 1428.00
815.00 1486.00
978.00 1508.00
1479.00 1508.00
548.00 1547.00
1739.00 1551.00
642.00 1557.00
460.00 1571.00
1480.00 1585.00
1136.00 1586.00
1360.00 1660.00
833.00 1742.00
1664.00 1745.00
1578.00 1747.00
1194.00 1750.00
1312.00 1750.00
1365.00 1750.00
942.00 1806.00
1221.00 1810.00
234.00 1859.00
900.00 1864.00
490.00 1868.00
2184.00 1871.00
1698.00 1881.00
1642.00 1883.00
953.00 1884.00
1435.00 1884.00
1228.00 1886.00
