1402.00 197.00
883.00 198.00
1799.00 207.00
2334.00 232.00
815.00 237.00
746.00 270.00
1079.00 283.00
960.00 286.00
2570.00 291.00
877.00 292.00
792.00 301.00
1642.00 303.00
1321.00 312.00
2225.00 313.00
2170.00 314.00
1260.00 372.00
2458.00 379.00
884.00 389.00
1408.00 424.00
2161.00 428.00
887.00 430.00
539.00 454.00
1701.00 468.00
1542.00 489.00
1800.00 489.00
1272.00 496.00
1486.00 504.00
1439.00 506.00
1908.00 553.00
1671.00 554.00
1308.00 559.00
1421.00 564.00
1514.00 565.00
2295.00 571.00
1850.00 580.00
2444.00 595.00
443.00 598.00
1607.00 607.00
1032.00 613.00
2102.00 617.00
2051.00 621.00
1480.00 626.00
1088.00 627.00
560.00 634.00
689.00 638.00
1974.00 647.00
2166.00 665.00
2210.00 678.00
2268.00 683.00
1057.00 684.00
2353.00 684.00
1799.00 687.00
1594.00 701.00
1644.00 707.00
1234.00 715.00
1016.00 723.00
1854.00 728.00
1069.00 736.00
2206.00 736.00
1600.00 756.00
2089.00 758.00
1238.00 763.00
919.00 767.00
1186.00 769.00
2024.00 773.00
2274.00 773.00
2343.00 775.00
2407.00 781.00
964.00 797.00
2159.00 797.00
2209.00 805.00
2106.00 808.00
1846.00 811.00
830.00 827.00
2030.00 827.00
1901.00 829.00
1097.00 831.00
1166.00 836.00
1318.00 837.00
1273.00 840.00
1480.00 851.00
996.00 856.00
1807.00 861.00
779.00 870.00
2109.00 874.00
1080.00 883.00
903.00 884.00
1760.00 890.00
1938.00 897.00
2393.00 905.00
1263.00 906.00
2223.00 907.00
1808.00 908.00
1716.00 913.00
955.00 916.00
1220.00 916.00
1868.00 916.00
893.00 926.00
544.00 927.00
1147.00 929.00
2160.00 932.00
1940.00 944.00
1814.00 954.00
2025.00 965.00
1195.00 967.00
2262.00 974.00
2088.00 976.00
480.00 989.00
2151.00 991.00
1390.00 993.00
1528.00 993.00
697.00 1011.00
2196.00 1011.00
2017.00 1015.00
1575.00 1017.00
2074.00 1025.00
770.00 1026.00
946.00 1026.00
2123.00 1032.00
1949.00 1035.00
1205.00 1042.00
1347.00 1044.00
2203.00 1065.00
2315.00 1065.00
1282.00 1066.00
1050.00 1070.00
1395.00 1070.00
2262.00 1080.00
1330.00 1087.00
1146.00 1089.00
1527.00 1089.00
1466.00 1090.00
599.00 1092.00
483.00 1105.00
2177.00 1106.00
689.00 1110.00
1256.00 1110.00
1898.00 1115.00
1941.00 1122.00
1078.00 1138.00
573.00 1146.00
2180.00 1147.00
1326.00 1151.00
1180.00 1156.00
793.00 1161.00
2028.00 1161.00
1860.00 1163.00
1797.00 1173.00
2271.00 1173.00
891.00 1186.00
636.00 1213.00
1090.00 1219.00
782.00 1226.00
1458.00 1243.00
1791.00 1260.00
939.00 1317.00
887.00 1402.00
705.00 1455.00
867.00 1462.00
1056.00 1479.00
781.00 1505.00
834.00 1527.00
777.00 1659.00
822.00 1664.00
1601.00 1687.00
1383.00 1702.00
