1842.00 91.00
788.00 191.00
1331.00 217.00
1156.00 246.00
2100.00 285.00
1155.00 329.00
2101.00 332.00
2052.00 338.00
2058.00 384.00
1131.00 396.00
1689.00 398.00
2008.00 426.00
901.00 446.00
1877.00 449.00
680.00 450.00
2066.00 455.00
879.00 501.00
1152.00 509.00
956.00 513.00
1003.00 514.00
2075.00 537.00
1710.00 552.00
894.00 558.00
1392.00 562.00
1767.00 592.00
890.00 600.00
982.00 603.00
1710.00 605.00
1378.00 606.00
2086.00 618.00
664.00 634.00
1352.00 648.00
1432.00 648.00
888.00 659.00
1711.00 663.00
1865.00 663.00
1035.00 680.00
2093.00 684.00
1649.00 686.00
1815.00 707.00
2002.00 707.00
1584.00 711.00
1170.00 712.00
2147.00 715.00
1331.00 718.00
1399.00 720.00
708.00 723.00
2050.00 725.00
1516.00 737.00
927.00 738.00
1685.00 746.00
835.00 766.00
1932.00 772.00
1752.00 774.00
1195.00 785.00
2157.00 789.00
2028.00 793.00
992.00 794.00
1571.00 796.00
2109.00 832.00
2054.00 839.00
990.00 841.00
1709.00 841.00
928.00 845.00
2150.00 868.00
1102.00 869.00
1232.00 871.00
664.00 880.00
1054.00 889.00
1928.00 907.00
2117.00 916.00
1778.00 920.00
1635.00 921.00
2007.00 921.00
1194.00 927.00
1125.00 929.00
1689.00 930.00
848.00 937.00
1276.00 939.00
1013.00 944.00
1458.00 949.00
1734.00 959.00
807.00 962.00
2122.00 966.00
685.00 994.00
741.00 997.00
966.00 999.00
2067.00 999.00
911.00 1003.00
1579.00 1010.00
1968.00 1020.00
2127.00 1020.00
2016.00 1026.00
1011.00 1042.00
1785.00 1043.00
2026.00 1067.00
1894.00 1073.00
878.00 1086.00
936.00 1096.00
629.00 1100.00
2120.00 1112.00
1897.00 1114.00
1527.00 1124.00
866.00 1128.00
2079.00 1130.00
2029.00 1131.00
1568.00 1148.00
998.00 1153.00
846.00 1215.00
910.00 1271.00
1152.00 1331.00
2023.00 1360.00
2154.00 1366.00
1585.00 1386.00
1072.00 1413.00
1864.00 1413.00
2158.00 1416.00
1746.00 1425.00
1689.00 1431.00
1913.00 1437.00
1625.00 1438.00
1538.00 1440.00
1738.00 1466.00
1985.00 1511.00
2165.00 1534.00
2080.00 1549.00
2167.00 1576.00
1935.00 1583.00
1098.00 1596.00
928.00 1603.00
1040.00 1630.00
2171.00 1634.00
1752.00 1640.00
1888.00 1644.00
2228.00 1664.00
2276.00 1671.00
1539.00 1680.00
2040.00 1704.00
1544.00 1743.00
1474.00 1755.00
1591.00 1779.00
2179.00 1781.00
2087.00 1782.00
1895.00 1787.00
1136.00 1790.00
2352.00 1838.00
865.00 1840.00
2056.00 1881.00
1084.00 1884.00
1987.00 1905.00
1939.00 1907.00
1287.00 1909.00
1449.00 1910.00
1504.00 1910.00
979.00 1912.00
743.00 1936.00
1180.00 1942.00
1919.00 1954.00
1989.00 1960.00
1514.00 1968.00
2079.00 1982.00
1615.00 1986.00
1265.00 2001.00
1558.00 2007.00
2035.00 2008.00
