1865.00 160.00
1775.00 269.00
1445.00 322.00
1378.00 376.00
1727.00 376.00
2019.00 382.00
1463.00 398.00
1151.00 399.00
1889.00 411.00
1529.00 440.00
1928.00 455.00
1030.00 459.00
1971.00 479.00
1672.00 503.00
1921.00 504.00
1475.00 528.00
1248.00 533.00
1923.00 552.00
1431.00 564.00
1519.00 574.00
1215.00 583.00
1473.00 617.00
1383.00 623.00
1552.00 642.00
1503.00 658.00
2311.00 663.00
1892.00 671.00
1625.00 674.00
1469.00 699.00
1422.00 700.00
1843.00 707.00
1514.00 711.00
1682.00 721.00
2123.00 724.00
2074.00 727.00
2000.00 730.00
1926.00 733.00
1417.00 750.00
1550.00 752.00
1271.00 760.00
1987.00 779.00
1623.00 781.00
1924.00 781.00
1324.00 785.00
1169.00 787.00
1543.00 794.00
1449.00 801.00
2185.00 810.00
1125.00 820.00
1959.00 824.00
1903.00 834.00
1750.00 841.00
1793.00 841.00
1559.00 846.00
2015.00 851.00
1623.00 875.00
1793.00 887.00
1277.00 892.00
2055.00 897.00
2256.00 898.00
1907.00 910.00
1553.00 917.00
1976.00 928.00
1216.00 931.00
1121.00 936.00
1556.00 958.00
1456.00 968.00
1948.00 974.00
1661.00 983.00
1903.00 983.00
1814.00 1018.00
1728.00 1021.00
1644.00 1024.00
1444.00 1030.00
1282.00 1033.00
1523.00 1052.00
1572.00 1055.00
1856.00 1057.00
1369.00 1062.00
1786.00 1063.00
1737.00 1065.00
1174.00 1067.00
1463.00 1075.00
1629.00 1088.00
1320.00 1091.00
1848.00 1118.00
1956.00 1127.00
1785.00 1128.00
1729.00 1134.00
1317.00 1147.00
1669.00 1152.00
1611.00 1158.00
1954.00 1168.00
1461.00 1175.00
1768.00 1183.00
2081.00 1183.00
1136.00 1195.00
1668.00 1201.00
1898.00 1209.00
1480.00 1219.00
2005.00 1228.00
1712.00 1241.00
1670.00 1246.00
1996.00 1281.00
1685.00 1298.00
1729.00 1303.00
1834.00 1356.00
1947.00 1359.00
2156.00 1370.00
1747.00 1415.00
1807.00 1416.00
1740.00 1463.00
1785.00 1520.00
1512.00 1521.00
2167.00 1527.00
1708.00 1567.00
2015.00 1610.00
1664.00 1616.00
1723.00 1620.00
1575.00 1650.00
1905.00 1670.00
1392.00 1684.00
1742.00 1690.00
1537.00 1815.00
