953.00 407.00
847.00 408.00
118.00 412.00
1065.00 416.00
637.00 454.00
288.00 455.00
992.00 458.00
126.00 461.00
947.00 503.00
1005.00 504.00
188.00 528.00
1051.00 540.00
1148.00 544.00
744.00 548.00
986.00 549.00
468.00 569.00
118.00 574.00
756.00 591.00
927.00 615.00
461.00 624.00
913.00 658.00
652.00 683.00
13.00 721.00
90.00 731.00
258.00 752.00
678.00 756.00
546.00 773.00
162.00 779.00
596.00 798.00
304.00 805.00
463.00 820.00
698.00 840.00
2095.00 847.00
242.00 859.00
263.00 943.00
1287.00 1054.00
