144.00 34.00
577.00 41.00
457.00 71.00
287.00 89.00
559.00 89.00
927.00 206.00
239.00 223.00
208.00 264.00
592.00 281.00
1121.00 313.00
1007.00 324.00
1127.00 360.00
208.00 398.00
921.00 480.00
217.00 496.00
440.00 501.00
879.00 530.00
979.00 554.00
726.00 560.00
1120.00 570.00
174.00 587.00
255.00 606.00
655.00 678.00
367.00 695.00
599.00 734.00
972.00 765.00
230.00 818.00
164.00 849.00
302.00 909.00
1191.00 915.00
369.00 919.00
480.00 927.00
584.00 941.00
990.00 946.00
1077.00 959.00
406.00 1013.00
547.00 1032.00
528.00 1084.00
31.00 1098.00
80.00 1124.00
846.00 1129.00
217.00 1153.00
73.00 1193.00
594.00 1225.00
1011.00 1234.00
1069.00 1236.00
571.00 1418.00
621.00 1450.00
589.00 1738.00
552.00 1967.00
