1020.00 323.00
2081.00 361.00
1838.00 409.00
146.00 410.00
364.00 438.00
319.00 444.00
1608.00 448.00
1975.00 460.00
2045.00 460.00
828.00 481.00
1044.00 492.00
443.00 505.00
387.00 508.00
183.00 515.00
2007.00 516.00
1851.00 518.00
487.00 523.00
315.00 530.00
1650.00 544.00
1424.00 551.00
1253.00 556.00
460.00 569.00
1313.00 573.00
1839.00 573.00
290.00 584.00
1048.00 590.00
521.00 593.00
1776.00 595.00
1216.00 597.00
1421.00 606.00
2015.00 610.00
984.00 628.00
1477.00 631.00
1365.00 637.00
1259.00 639.00
1026.00 647.00
1142.00 647.00
1819.00 652.00
1539.00 656.00
1620.00 658.00
1695.00 664.00
1879.00 666.00
847.00 679.00
1045.00 695.00
1109.00 707.00
437.00 708.00
289.00 720.00
1867.00 722.00
720.00 725.00
2002.00 726.00
1317.00 737.00
1621.00 737.00
598.00 740.00
1251.00 740.00
554.00 742.00
509.00 745.00
451.00 759.00
408.00 761.00
1733.00 763.00
716.00 768.00
1503.00 768.00
1015.00 774.00
1653.00 780.00
309.00 790.00
1317.00 790.00
1251.00 792.00
772.00 793.00
191.00 796.00
525.00 805.00
656.00 807.00
145.00 808.00
953.00 808.00
594.00 810.00
1941.00 811.00
1106.00 816.00
1012.00 817.00
2005.00 824.00
1840.00 825.00
1370.00 827.00
845.00 831.00
1602.00 831.00
1318.00 832.00
1785.00 840.00
1507.00 846.00
1221.00 848.00
466.00 849.00
896.00 851.00
1871.00 868.00
1598.00 880.00
1423.00 884.00
1319.00 890.00
1753.00 890.00
1705.00 898.00
455.00 899.00
979.00 902.00
1467.00 902.00
1639.00 913.00
890.00 918.00
1543.00 930.00
1131.00 933.00
158.00 936.00
1977.00 936.00
1235.00 937.00
243.00 939.00
297.00 940.00
846.00 943.00
566.00 948.00
980.00 952.00
1906.00 957.00
891.00 959.00
778.00 961.00
506.00 962.00
374.00 967.00
1706.00 975.00
1253.00 983.00
1320.00 983.00
1525.00 983.00
1194.00 985.00
1142.00 989.00
1040.00 990.00
459.00 991.00
1458.00 994.00
1914.00 1003.00
840.00 1004.00
518.00 1008.00
355.00 1014.00
1385.00 1020.00
668.00 1026.00
597.00 1030.00
990.00 1031.00
1180.00 1032.00
1344.00 1035.00
1973.00 1038.00
1623.00 1047.00
1528.00 1048.00
1254.00 1050.00
1709.00 1054.00
1040.00 1058.00
1864.00 1062.00
385.00 1077.00
743.00 1081.00
663.00 1083.00
471.00 1095.00
1440.00 1095.00
1255.00 1096.00
525.00 1109.00
942.00 1112.00
808.00 1114.00
878.00 1123.00
661.00 1126.00
155.00 1131.00
204.00 1134.00
1064.00 1135.00
250.00 1138.00
297.00 1139.00
343.00 1141.00
387.00 1144.00
473.00 1149.00
604.00 1158.00
720.00 1163.00
830.00 1168.00
906.00 1170.00
1933.00 1177.00
1127.00 1180.00
113.00 1183.00
1191.00 1183.00
1245.00 1185.00
1348.00 1188.00
303.00 1190.00
1886.00 1192.00
713.00 1209.00
864.00 1237.00
375.00 1319.00
642.00 1328.00
874.00 1331.00
331.00 1337.00
1055.00 1344.00
1394.00 1354.00
1160.00 1357.00
266.00 1367.00
554.00 1367.00
724.00 1373.00
1259.00 1390.00
867.00 1400.00
806.00 1402.00
653.00 1406.00
1154.00 1426.00
1269.00 1431.00
1397.00 1439.00
555.00 1452.00
1064.00 1453.00
1000.00 1455.00
903.00 1457.00
219.00 1479.00
721.00 1486.00
1316.00 1490.00
1269.00 1492.00
390.00 1506.00
1054.00 1510.00
316.00 1512.00
1000.00 1516.00
903.00 1518.00
636.00 1535.00
856.00 1560.00
203.00 1566.00
635.00 1576.00
385.00 1588.00
1360.00 1588.00
1318.00 1592.00
249.00 1599.00
911.00 1606.00
1035.00 1617.00
640.00 1619.00
802.00 1620.00
183.00 1625.00
727.00 1625.00
1322.00 1633.00
1264.00 1641.00
141.00 1648.00
1094.00 1653.00
253.00 1662.00
200.00 1669.00
636.00 1669.00
383.00 1681.00
857.00 1689.00
801.00 1694.00
1402.00 1695.00
1084.00 1699.00
1125.00 1700.00
631.00 1712.00
223.00 1714.00
468.00 1716.00
309.00 1717.00
906.00 1727.00
546.00 1730.00
862.00 1735.00
380.00 1741.00
339.00 1786.00
230.00 1804.00
