2141.00 343.00
2201.00 352.00
1016.00 403.00
2400.00 420.00
1014.00 449.00
1283.00 454.00
783.00 455.00
1071.00 474.00
928.00 484.00
1012.00 509.00
1100.00 525.00
851.00 552.00
1010.00 563.00
783.00 566.00
1858.00 591.00
1083.00 608.00
1623.00 647.00
720.00 648.00
2107.00 653.00
1773.00 660.00
1862.00 671.00
931.00 672.00
1071.00 679.00
866.00 680.00
774.00 687.00
1005.00 687.00
670.00 719.00
587.00 737.00
2109.00 756.00
1052.00 761.00
705.00 769.00
1002.00 773.00
2041.00 782.00
1840.00 860.00
2133.00 911.00
1021.00 918.00
1289.00 954.00
533.00 988.00
591.00 988.00
595.00 1030.00
513.00 1032.00
954.00 1083.00
472.00 1086.00
563.00 1100.00
1955.00 1100.00
328.00 1104.00
1393.00 1105.00
1846.00 1117.00
1700.00 1131.00
1887.00 1154.00
1797.00 1163.00
836.00 1175.00
1203.00 1181.00
1538.00 1200.00
1399.00 1202.00
1596.00 1246.00
2038.00 1320.00
