1662.00 280.00
1329.00 413.00
1851.00 416.00
1214.00 417.00
1704.00 431.00
2174.00 449.00
2129.00 479.00
1858.00 498.00
2353.00 507.00
2000.00 521.00
1224.00 528.00
2088.00 539.00
1337.00 547.00
1396.00 549.00
1864.00 553.00
1440.00 585.00
2124.00 589.00
1492.00 603.00
954.00 605.00
2053.00 605.00
1272.00 607.00
1919.00 615.00
1967.00 639.00
2182.00 666.00
2223.00 672.00
1196.00 682.00
2060.00 682.00
1242.00 684.00
2341.00 715.00
1201.00 724.00
866.00 729.00
2408.00 739.00
1779.00 741.00
2067.00 745.00
931.00 767.00
1719.00 779.00
1565.00 780.00
1142.00 792.00
2334.00 794.00
1647.00 796.00
1096.00 799.00
1987.00 826.00
1626.00 838.00
1204.00 849.00
1920.00 852.00
1543.00 853.00
1094.00 854.00
1879.00 875.00
1715.00 876.00
1333.00 879.00
940.00 893.00
1042.00 895.00
1823.00 920.00
2316.00 921.00
1552.00 923.00
1916.00 938.00
1104.00 942.00
1871.00 946.00
1826.00 961.00
1606.00 965.00
1042.00 967.00
1746.00 969.00
1651.00 980.00
1867.00 990.00
1909.00 995.00
1954.00 999.00
1821.00 1006.00
753.00 1012.00
1153.00 1017.00
914.00 1019.00
1084.00 1027.00
1889.00 1045.00
1742.00 1048.00
1497.00 1052.00
1365.00 1058.00
1217.00 1076.00
1414.00 1093.00
1692.00 1108.00
1318.00 1112.00
1772.00 1115.00
873.00 1122.00
959.00 1124.00
1615.00 1161.00
1740.00 1162.00
1657.00 1168.00
1554.00 1199.00
1632.00 1211.00
1562.00 1242.00
1506.00 1318.00
1523.00 1362.00
1345.00 1405.00
1441.00 1420.00
1543.00 1421.00
1427.00 1519.00
1867.00 1554.00
2038.00 1596.00
1838.00 1612.00
1910.00 1620.00
2067.00 1657.00
