2287.00 365.00
1897.00 367.00
903.00 383.00
1721.00 426.00
2162.00 474.00
2261.00 485.00
545.00 511.00
915.00 513.00
651.00 530.00
1340.00 546.00
2115.00 550.00
2228.00 553.00
2073.00 560.00
1779.00 562.00
1409.00 563.00
1556.00 568.00
1826.00 582.00
954.00 588.00
2056.00 603.00
1785.00 610.00
1084.00 613.00
1415.00 615.00
1481.00 625.00
609.00 630.00
561.00 631.00
1235.00 644.00
1192.00 653.00
1114.00 654.00
1957.00 655.00
1416.00 663.00
1768.00 663.00
888.00 674.00
602.00 678.00
1323.00 695.00
1176.00 696.00
1503.00 699.00
2220.00 700.00
1855.00 702.00
1962.00 711.00
571.00 724.00
1564.00 727.00
647.00 735.00
748.00 735.00
2333.00 737.00
1619.00 744.00
1816.00 745.00
1867.00 756.00
1486.00 764.00
885.00 769.00
1927.00 771.00
838.00 775.00
1664.00 775.00
769.00 787.00
1743.00 791.00
2108.00 803.00
1389.00 808.00
1514.00 809.00
1623.00 809.00
1915.00 825.00
1974.00 828.00
2209.00 828.00
2385.00 838.00
1439.00 840.00
1805.00 842.00
1717.00 845.00
2063.00 848.00
2323.00 867.00
1863.00 873.00
1911.00 880.00
1451.00 881.00
2386.00 889.00
2220.00 891.00
1543.00 894.00
1981.00 894.00
1065.00 907.00
2127.00 912.00
2301.00 926.00
2057.00 928.00
1873.00 937.00
2394.00 945.00
1380.00 954.00
1933.00 957.00
2220.00 975.00
2350.00 980.00
1600.00 981.00
1882.00 984.00
2285.00 991.00
1680.00 996.00
2387.00 1038.00
1382.00 1040.00
2011.00 1041.00
1425.00 1049.00
2324.00 1073.00
1656.00 1080.00
1586.00 1093.00
1200.00 1103.00
1731.00 1104.00
1222.00 1146.00
2465.00 1164.00
799.00 1191.00
1748.00 1215.00
2403.00 1387.00
2184.00 1613.00
2379.00 1638.00
1648.00 1719.00
1663.00 1807.00
