786.00 307.00
2264.00 355.00
847.00 460.00
1492.00 468.00
864.00 502.00
1465.00 547.00
899.00 590.00
1449.00 596.00
1434.00 641.00
314.00 649.00
360.00 658.00
927.00 663.00
577.00 688.00
308.00 695.00
1412.00 704.00
947.00 711.00
1765.00 722.00
1398.00 747.00
649.00 749.00
965.00 752.00
856.00 789.00
1383.00 792.00
296.00 829.00
1194.00 831.00
887.00 840.00
1494.00 845.00
1119.00 896.00
1167.00 899.00
1010.00 933.00
1527.00 943.00
1104.00 944.00
1168.00 945.00
1209.00 945.00
1290.00 945.00
857.00 947.00
1432.00 947.00
918.00 948.00
1740.00 968.00
1123.00 990.00
1278.00 995.00
887.00 1005.00
1069.00 1009.00
1343.00 1013.00
1456.00 1016.00
1160.00 1034.00
1022.00 1035.00
1268.00 1037.00
1097.00 1075.00
1138.00 1077.00
989.00 1078.00
1247.00 1078.00
1164.00 1140.00
856.00 1151.00
1197.00 1190.00
1218.00 1298.00
1162.00 1395.00
1217.00 1395.00
1660.00 1455.00
1719.00 1474.00
1285.00 1475.00
