449.00 336.00
687.00 344.00
918.00 362.00
1649.00 385.00
1703.00 463.00
2019.00 465.00
1364.00 479.00
799.00 487.00
711.00 519.00
254.00 526.00
1568.00 542.00
1073.00 543.00
508.00 554.00
567.00 572.00
1504.00 576.00
1703.00 584.00
653.00 588.00
816.00 597.00
371.00 614.00
1808.00 614.00
1550.00 616.00
592.00 629.00
1709.00 644.00
1767.00 648.00
1067.00 651.00
1422.00 656.00
646.00 657.00
1115.00 670.00
278.00 671.00
1383.00 703.00
1090.00 730.00
2097.00 731.00
1899.00 734.00
2047.00 734.00
1452.00 739.00
639.00 740.00
253.00 743.00
1520.00 747.00
295.00 748.00
1620.00 748.00
439.00 752.00
967.00 752.00
500.00 761.00
373.00 775.00
2037.00 775.00
1807.00 780.00
1454.00 782.00
608.00 783.00
703.00 784.00
1650.00 804.00
1696.00 804.00
849.00 808.00
1110.00 808.00
1246.00 810.00
536.00 813.00
901.00 813.00
1506.00 819.00
966.00 821.00
1792.00 832.00
1066.00 834.00
1750.00 835.00
1463.00 836.00
1419.00 838.00
1304.00 847.00
1552.00 848.00
658.00 851.00
424.00 852.00
2053.00 855.00
468.00 857.00
1236.00 858.00
239.00 859.00
282.00 863.00
520.00 863.00
903.00 863.00
1623.00 868.00
1901.00 880.00
1684.00 882.00
1325.00 888.00
766.00 889.00
830.00 896.00
1959.00 896.00
1280.00 897.00
1078.00 898.00
954.00 901.00
1827.00 909.00
1151.00 912.00
2055.00 917.00
622.00 919.00
1526.00 919.00
407.00 923.00
1685.00 923.00
1624.00 926.00
448.00 927.00
490.00 931.00
1339.00 933.00
562.00 941.00
1782.00 941.00
663.00 942.00
1728.00 947.00
966.00 948.00
1951.00 948.00
728.00 951.00
1417.00 953.00
789.00 960.00
1878.00 960.00
1687.00 964.00
1025.00 970.00
1637.00 971.00
862.00 972.00
1076.00 976.00
270.00 981.00
1504.00 982.00
342.00 992.00
1577.00 1013.00
1204.00 1017.00
1481.00 1023.00
1439.00 1024.00
453.00 1028.00
871.00 1030.00
518.00 1045.00
1667.00 1052.00
1256.00 1054.00
586.00 1058.00
1382.00 1068.00
1171.00 1070.00
1518.00 1071.00
1315.00 1072.00
1593.00 1072.00
1121.00 1074.00
1076.00 1086.00
613.00 1100.00
1454.00 1103.00
660.00 1114.00
1287.00 1130.00
830.00 1146.00
1081.00 1151.00
670.00 1160.00
1640.00 1162.00
1194.00 1175.00
1310.00 1177.00
611.00 1200.00
892.00 1229.00
1314.00 1240.00
316.00 1254.00
775.00 1277.00
1581.00 1290.00
847.00 1404.00
