751.00 380.00
1514.00 472.00
1704.00 479.00
1478.00 562.00
1432.00 576.00
1781.00 587.00
1280.00 618.00
1810.00 658.00
210.00 667.00
1235.00 671.00
647.00 675.00
1166.00 680.00
297.00 690.00
401.00 690.00
347.00 691.00
588.00 691.00
482.00 710.00
655.00 722.00
288.00 733.00
439.00 746.00
502.00 759.00
583.00 766.00
661.00 767.00
1132.00 773.00
160.00 815.00
1464.00 877.00
1573.00 897.00
1670.00 908.00
1846.00 912.00
900.00 919.00
696.00 938.00
1389.00 956.00
1740.00 963.00
911.00 969.00
1040.00 978.00
1119.00 995.00
1935.00 1042.00
1677.00 1054.00
1058.00 1084.00
1801.00 1093.00
1680.00 1101.00
1889.00 1112.00
1018.00 1133.00
1494.00 1160.00
1046.00 1184.00
1527.00 1949.00
