175.00 188.00
243.00 193.00
151.00 238.00
235.00 244.00
760.00 247.00
296.00 250.00
888.00 256.00
325.00 296.00
959.00 300.00
464.00 311.00
1471.00 311.00
839.00 320.00
573.00 370.00
815.00 383.00
1517.00 387.00
639.00 391.00
65.00 393.00
480.00 403.00
1224.00 408.00
168.00 411.00
1732.00 429.00
343.00 443.00
1471.00 472.00
1585.00 483.00
1688.00 483.00
1176.00 488.00
1248.00 495.00
506.00 499.00
1787.00 507.00
730.00 510.00
330.00 514.00
1944.00 517.00
1018.00 526.00
1646.00 535.00
8.00 552.00
418.00 552.00
371.00 553.00
1425.00 554.00
723.00 556.00
814.00 559.00
1529.00 564.00
1289.00 575.00
863.00 576.00
1223.00 581.00
272.00 583.00
1865.00 584.00
70.00 585.00
1344.00 589.00
161.00 590.00
1020.00 599.00
1593.00 600.00
411.00 605.00
363.00 611.00
615.00 616.00
839.00 629.00
727.00 647.00
1507.00 647.00
1216.00 655.00
182.00 662.00
253.00 712.00
332.00 718.00
479.00 727.00
782.00 729.00
1657.00 735.00
1863.00 739.00
437.00 747.00
1269.00 751.00
170.00 753.00
1535.00 754.00
222.00 756.00
692.00 765.00
1603.00 765.00
1787.00 770.00
1743.00 775.00
1495.00 796.00
269.00 798.00
18.00 808.00
215.00 810.00
1207.00 815.00
1546.00 825.00
591.00 860.00
395.00 863.00
1509.00 881.00
439.00 884.00
485.00 885.00
330.00 887.00
1643.00 902.00
1392.00 906.00
1684.00 917.00
641.00 918.00
203.00 920.00
1353.00 948.00
98.00 956.00
1557.00 956.00
322.00 959.00
1199.00 962.00
1642.00 964.00
1399.00 968.00
1494.00 972.00
168.00 985.00
642.00 988.00
228.00 1011.00
1513.00 1016.00
1367.00 1026.00
185.00 1072.00
774.00 1075.00
1368.00 1108.00
734.00 1173.00
1719.00 1176.00
1467.00 1178.00
8.00 1179.00
1601.00 1182.00
289.00 1226.00
1665.00 1310.00
224.00 1386.00
125.00 1393.00
65.00 1394.00
775.00 1394.00
735.00 1544.00
20.00 1572.00
