1189.00 70.00
2425.00 86.00
1250.00 123.00
2302.00 138.00
1618.00 144.00
1577.00 154.00
2090.00 193.00
900.00 216.00
1053.00 219.00
1739.00 227.00
1802.00 250.00
1051.00 275.00
978.00 277.00
1027.00 318.00
975.00 330.00
1492.00 331.00
802.00 340.00
1405.00 358.00
2132.00 360.00
1608.00 361.00
1466.00 373.00
1125.00 382.00
801.00 388.00
1073.00 389.00
1512.00 391.00
1331.00 392.00
1423.00 406.00
1766.00 414.00
1607.00 425.00
1124.00 430.00
796.00 431.00
1245.00 448.00
1527.00 456.00
1081.00 461.00
2323.00 466.00
1462.00 467.00
2397.00 473.00
2461.00 476.00
1401.00 478.00
1654.00 498.00
2152.00 511.00
2466.00 517.00
1311.00 519.00
2362.00 523.00
2321.00 524.00
1265.00 529.00
2359.00 567.00
2380.00 611.00
1803.00 614.00
2305.00 617.00
1976.00 620.00
2167.00 623.00
2384.00 661.00
1070.00 669.00
1133.00 676.00
1985.00 686.00
904.00 705.00
1310.00 715.00
825.00 720.00
1107.00 720.00
1383.00 727.00
2327.00 727.00
967.00 731.00
2228.00 736.00
1484.00 743.00
1018.00 752.00
1989.00 752.00
1553.00 753.00
1084.00 761.00
1335.00 761.00
890.00 767.00
1794.00 769.00
847.00 774.00
2145.00 777.00
788.00 788.00
1719.00 790.00
2264.00 798.00
2368.00 798.00
1272.00 801.00
1407.00 804.00
1554.00 811.00
1039.00 816.00
1085.00 818.00
2430.00 828.00
996.00 831.00
1660.00 835.00
1363.00 841.00
2361.00 856.00
1074.00 860.00
766.00 865.00
867.00 874.00
1257.00 878.00
984.00 884.00
1566.00 885.00
2313.00 887.00
1360.00 888.00
1447.00 900.00
1199.00 901.00
2354.00 904.00
2481.00 912.00
1312.00 914.00
2007.00 916.00
763.00 918.00
1402.00 922.00
2418.00 935.00
1571.00 937.00
1057.00 943.00
1143.00 947.00
912.00 949.00
1828.00 959.00
2305.00 959.00
2346.00 961.00
2537.00 966.00
975.00 983.00
2416.00 993.00
1829.00 1000.00
825.00 1005.00
2507.00 1008.00
890.00 1028.00
974.00 1033.00
1145.00 1046.00
1029.00 1075.00
826.00 1091.00
2451.00 1093.00
1147.00 1094.00
1617.00 1105.00
1671.00 1113.00
1376.00 1120.00
1719.00 1125.00
1054.00 1132.00
2475.00 1134.00
1137.00 1136.00
1661.00 1154.00
2275.00 1161.00
1811.00 1166.00
2409.00 1169.00
1429.00 1171.00
2330.00 1182.00
1589.00 1183.00
1544.00 1186.00
1184.00 1196.00
1268.00 1198.00
1045.00 1200.00
2031.00 1204.00
1590.00 1224.00
1696.00 1225.00
1501.00 1231.00
1151.00 1253.00
1311.00 1269.00
800.00 1271.00
1718.00 1296.00
1672.00 1297.00
2236.00 1298.00
1557.00 1305.00
1182.00 1312.00
1085.00 1315.00
960.00 1323.00
903.00 1331.00
818.00 1335.00
1132.00 1367.00
1306.00 1376.00
1071.00 1386.00
838.00 1388.00
1192.00 1403.00
903.00 1413.00
1801.00 1415.00
1568.00 1424.00
1720.00 1428.00
2527.00 1435.00
947.00 1446.00
1399.00 1452.00
1243.00 1457.00
1160.00 1460.00
863.00 1464.00
1784.00 1474.00
2364.00 1499.00
1692.00 1503.00
2411.00 1505.00
1854.00 1515.00
1379.00 1516.00
1777.00 1518.00
1018.00 1548.00
1430.00 1548.00
1070.00 1552.00
1861.00 1563.00
890.00 1564.00
836.00 1565.00
2260.00 1625.00
1762.00 1723.00
1879.00 1748.00
2274.00 1831.00
