1070.00 8.00
951.00 23.00
887.00 47.00
739.00 70.00
771.00 155.00
853.00 167.00
1034.00 177.00
297.00 189.00
1113.00 192.00
831.00 208.00
997.00 221.00
1142.00 247.00
844.00 270.00
996.00 271.00
930.00 279.00
1101.00 280.00
1153.00 294.00
987.00 407.00
905.00 415.00
1120.00 416.00
1070.00 418.00
1463.00 428.00
559.00 464.00
1066.00 468.00
911.00 482.00
1361.00 482.00
1020.00 489.00
553.00 505.00
1065.00 514.00
234.00 526.00
192.00 536.00
1334.00 551.00
1258.00 555.00
890.00 577.00
1449.00 585.00
1336.00 599.00
1382.00 600.00
1033.00 604.00
600.00 613.00
902.00 618.00
355.00 623.00
810.00 649.00
657.00 657.00
1142.00 671.00
1506.00 685.00
1597.00 685.00
1453.00 687.00
831.00 695.00
783.00 697.00
714.00 700.00
954.00 707.00
206.00 713.00
1600.00 733.00
1417.00 736.00
823.00 738.00
758.00 746.00
17.00 749.00
563.00 757.00
646.00 775.00
690.00 783.00
855.00 783.00
904.00 783.00
990.00 783.00
1456.00 795.00
742.00 801.00
1257.00 809.00
602.00 810.00
1523.00 812.00
787.00 814.00
1031.00 815.00
557.00 817.00
951.00 824.00
123.00 844.00
898.00 848.00
1140.00 861.00
649.00 862.00
1209.00 863.00
193.00 866.00
1591.00 870.00
945.00 871.00
749.00 881.00
1018.00 881.00
1417.00 886.00
551.00 887.00
1527.00 894.00
654.00 909.00
842.00 909.00
794.00 927.00
1211.00 929.00
592.00 932.00
1582.00 948.00
1502.00 958.00
1090.00 965.00
978.00 967.00
678.00 970.00
623.00 978.00
1019.00 982.00
1320.00 984.00
1200.00 988.00
1452.00 988.00
806.00 993.00
869.00 999.00
744.00 1023.00
690.00 1024.00
863.00 1049.00
587.00 1055.00
640.00 1057.00
812.00 1062.00
1462.00 1066.00
1048.00 1069.00
1333.00 1071.00
712.00 1072.00
1201.00 1082.00
1388.00 1093.00
1434.00 1111.00
1330.00 1113.00
667.00 1115.00
1134.00 1129.00
804.00 1136.00
1071.00 1136.00
1495.00 1140.00
1433.00 1152.00
1022.00 1160.00
1292.00 1161.00
704.00 1173.00
1065.00 1180.00
1568.00 1186.00
1526.00 1201.00
770.00 1208.00
817.00 1221.00
884.00 1226.00
1000.00 1233.00
942.00 1234.00
1368.00 1234.00
1319.00 1235.00
1156.00 1243.00
1479.00 1251.00
1207.00 1260.00
945.00 1276.00
1137.00 1284.00
1096.00 1311.00
969.00 1328.00
1011.00 1328.00
687.00 1331.00
1383.00 1334.00
892.00 1335.00
1095.00 1356.00
1143.00 1367.00
1023.00 1375.00
1501.00 1383.00
1196.00 1384.00
1363.00 1408.00
1131.00 1411.00
920.00 1431.00
860.00 1438.00
1176.00 1452.00
1131.00 1484.00
1317.00 1493.00
1501.00 1517.00
1232.00 1519.00
1131.00 1525.00
832.00 1526.00
681.00 1527.00
1173.00 1528.00
968.00 1555.00
1031.00 1570.00
1344.00 1599.00
1126.00 1608.00
967.00 1620.00
887.00 1668.00
1040.00 1686.00
965.00 1692.00
301.00 1726.00
952.00 1734.00
999.00 1737.00
1153.00 1791.00
1005.00 1852.00
1116.00 1855.00
1343.00 1860.00
935.00 1937.00
1366.00 1950.00
