2340.00 344.00
1710.00 366.00
2288.00 370.00
1816.00 388.00
2053.00 392.00
2488.00 412.00
2110.00 415.00
1082.00 417.00
1894.00 423.00
1853.00 431.00
2299.00 432.00
1566.00 436.00
1936.00 436.00
2061.00 436.00
786.00 438.00
2108.00 459.00
1851.00 472.00
2265.00 488.00
2113.00 500.00
1626.00 504.00
688.00 512.00
1090.00 516.00
751.00 522.00
1041.00 527.00
1559.00 533.00
1681.00 533.00
1903.00 533.00
856.00 539.00
907.00 549.00
2119.00 552.00
955.00 559.00
1742.00 559.00
2078.00 562.00
1320.00 563.00
1946.00 585.00
1440.00 588.00
1511.00 591.00
1392.00 595.00
858.00 596.00
1888.00 596.00
1685.00 598.00
2343.00 600.00
786.00 602.00
621.00 613.00
2127.00 614.00
1955.00 626.00
1627.00 632.00
580.00 643.00
711.00 643.00
1914.00 643.00
2325.00 645.00
667.00 646.00
1839.00 648.00
1680.00 658.00
2134.00 665.00
752.00 670.00
844.00 673.00
1987.00 688.00
658.00 697.00
1919.00 700.00
2255.00 702.00
1691.00 703.00
705.00 704.00
786.00 716.00
2140.00 721.00
1576.00 728.00
1778.00 728.00
1451.00 730.00
617.00 733.00
1824.00 735.00
844.00 738.00
2000.00 741.00
896.00 747.00
1912.00 764.00
1696.00 767.00
1072.00 769.00
686.00 770.00
736.00 776.00
1796.00 787.00
2287.00 788.00
835.00 789.00
1152.00 792.00
1870.00 792.00
642.00 795.00
907.00 797.00
953.00 803.00
1321.00 803.00
2149.00 808.00
999.00 809.00
2381.00 809.00
1732.00 810.00
1932.00 820.00
2442.00 820.00
2038.00 824.00
1522.00 833.00
1193.00 834.00
1255.00 842.00
781.00 846.00
1704.00 851.00
910.00 858.00
1409.00 862.00
2155.00 862.00
864.00 863.00
1767.00 864.00
1810.00 868.00
1462.00 869.00
1515.00 876.00
1936.00 880.00
1115.00 884.00
1023.00 888.00
1186.00 890.00
2312.00 895.00
2439.00 901.00
2162.00 903.00
1868.00 917.00
1040.00 930.00
1282.00 930.00
1561.00 934.00
2522.00 934.00
1346.00 938.00
2425.00 942.00
1399.00 943.00
1640.00 943.00
2164.00 944.00
1992.00 949.00
2310.00 952.00
2209.00 960.00
1735.00 967.00
2115.00 984.00
2044.00 988.00
2167.00 1002.00
1736.00 1008.00
2322.00 1014.00
1949.00 1036.00
2016.00 1043.00
2480.00 1047.00
2087.00 1051.00
1119.00 1053.00
2419.00 1055.00
1891.00 1066.00
1295.00 1103.00
1343.00 1103.00
2024.00 1107.00
2426.00 1121.00
2373.00 1125.00
2514.00 1127.00
2296.00 1133.00
1953.00 1135.00
2186.00 1160.00
2256.00 1183.00
1891.00 1199.00
2163.00 1206.00
1900.00 1241.00
1853.00 1242.00
2121.00 1253.00
2193.00 1255.00
2054.00 1256.00
2008.00 1269.00
2359.00 1302.00
2426.00 1302.00
2058.00 1317.00
2120.00 1317.00
2543.00 1386.00
1377.00 1661.00
