2274.00 97.00
2317.00 112.00
1570.00 152.00
2363.00 177.00
1812.00 255.00
1817.00 316.00
2187.00 381.00
1426.00 384.00
1752.00 395.00
1468.00 401.00
1834.00 464.00
1444.00 507.00
1034.00 509.00
2068.00 521.00
1290.00 535.00
1665.00 589.00
2394.00 655.00
1043.00 656.00
1162.00 671.00
1839.00 675.00
1777.00 712.00
2501.00 717.00
1512.00 718.00
2057.00 720.00
1846.00 771.00
2432.00 771.00
2262.00 777.00
1724.00 783.00
2209.00 816.00
2164.00 824.00
1686.00 863.00
2071.00 873.00
1832.00 896.00
2420.00 909.00
2242.00 935.00
2197.00 940.00
1973.00 958.00
1355.00 966.00
2161.00 989.00
2459.00 990.00
2118.00 1011.00
2361.00 1021.00
2041.00 1024.00
2407.00 1034.00
2168.00 1035.00
2311.00 1036.00
2471.00 1068.00
