1414.00 248.00
1662.00 248.00
990.00 264.00
2257.00 265.00
944.00 283.00
1640.00 305.00
701.00 312.00
1776.00 317.00
768.00 332.00
620.00 346.00
1604.00 354.00
1485.00 355.00
2001.00 358.00
1000.00 367.00
1661.00 369.00
1834.00 371.00
1433.00 375.00
1207.00 383.00
887.00 391.00
659.00 399.00
607.00 413.00
1535.00 413.00
1589.00 415.00
1325.00 416.00
1663.00 418.00
1912.00 419.00
2001.00 421.00
1072.00 437.00
1407.00 437.00
967.00 440.00
1192.00 447.00
702.00 457.00
649.00 459.00
1921.00 462.00
535.00 463.00
1977.00 464.00
2087.00 467.00
2184.00 468.00
1692.00 469.00
815.00 479.00
1296.00 494.00
2042.00 495.00
2263.00 495.00
1224.00 497.00
733.00 498.00
1733.00 520.00
1782.00 520.00
1403.00 527.00
1612.00 528.00
2143.00 528.00
2208.00 535.00
1271.00 542.00
1717.00 562.00
1672.00 563.00
1786.00 563.00
1865.00 563.00
2016.00 565.00
1360.00 571.00
2126.00 571.00
1048.00 578.00
1560.00 578.00
2320.00 584.00
2063.00 586.00
1105.00 587.00
1617.00 591.00
2249.00 592.00
1222.00 607.00
699.00 615.00
1810.00 621.00
1568.00 623.00
832.00 627.00
1967.00 632.00
1865.00 637.00
1720.00 639.00
2365.00 639.00
2022.00 640.00
584.00 642.00
1640.00 647.00
988.00 648.00
1097.00 679.00
806.00 680.00
2226.00 682.00
1818.00 684.00
1958.00 695.00
558.00 703.00
408.00 704.00
691.00 712.00
1241.00 714.00
1700.00 715.00
1184.00 716.00
1455.00 721.00
2165.00 727.00
2382.00 729.00
2229.00 732.00
624.00 735.00
950.00 736.00
1878.00 739.00
1951.00 744.00
374.00 752.00
688.00 762.00
1304.00 765.00
1372.00 765.00
486.00 767.00
2131.00 768.00
898.00 771.00
1032.00 784.00
1937.00 787.00
1531.00 801.00
1895.00 801.00
1664.00 808.00
2241.00 811.00
2350.00 811.00
2040.00 814.00
2293.00 815.00
480.00 817.00
758.00 828.00
1008.00 844.00
944.00 846.00
1997.00 864.00
1705.00 875.00
1754.00 875.00
1838.00 876.00
1883.00 876.00
680.00 878.00
2230.00 879.00
1172.00 888.00
1355.00 888.00
2302.00 890.00
799.00 893.00
840.00 895.00
471.00 901.00
1007.00 911.00
1543.00 912.00
2427.00 913.00
677.00 921.00
2256.00 921.00
1294.00 926.00
1082.00 928.00
1864.00 935.00
1136.00 944.00
911.00 947.00
507.00 952.00
440.00 954.00
606.00 957.00
1432.00 957.00
1664.00 959.00
1749.00 959.00
2055.00 961.00
2167.00 963.00
675.00 968.00
1486.00 970.00
2367.00 972.00
1887.00 980.00
1294.00 984.00
1156.00 985.00
1785.00 1000.00
502.00 1003.00
1199.00 1008.00
1023.00 1010.00
1241.00 1013.00
620.00 1016.00
1066.00 1018.00
967.00 1023.00
1445.00 1027.00
1548.00 1031.00
1286.00 1034.00
1385.00 1034.00
1607.00 1034.00
771.00 1037.00
884.00 1043.00
1788.00 1043.00
496.00 1073.00
991.00 1080.00
1577.00 1090.00
894.00 1093.00
1248.00 1093.00
1913.00 1103.00
1202.00 1104.00
1468.00 1119.00
425.00 1123.00
1578.00 1131.00
1690.00 1131.00
1998.00 1132.00
1843.00 1137.00
1764.00 1147.00
1200.00 1148.00
906.00 1150.00
508.00 1152.00
852.00 1154.00
1392.00 1160.00
560.00 1168.00
1615.00 1183.00
1325.00 1193.00
1460.00 1194.00
848.00 1195.00
1102.00 1198.00
1979.00 1203.00
1532.00 1207.00
1688.00 1211.00
1840.00 1220.00
1260.00 1227.00
484.00 1250.00
1336.00 1251.00
1055.00 1256.00
1434.00 1263.00
1971.00 1275.00
1275.00 1277.00
1782.00 1288.00
1194.00 1290.00
1528.00 1312.00
479.00 1320.00
1574.00 1332.00
1149.00 1334.00
600.00 1336.00
1836.00 1338.00
1447.00 1348.00
2325.00 1355.00
1642.00 1358.00
2150.00 1358.00
2097.00 1359.00
1378.00 1386.00
1706.00 1395.00
1755.00 1395.00
1211.00 1416.00
2163.00 1423.00
400.00 1443.00
1265.00 1443.00
1345.00 1444.00
471.00 1445.00
1738.00 1447.00
865.00 1451.00
1454.00 1455.00
1645.00 1461.00
809.00 1463.00
412.00 1486.00
2172.00 1492.00
610.00 1511.00
1448.00 1527.00
1646.00 1527.00
515.00 1559.00
1328.00 1567.00
851.00 1570.00
1708.00 1570.00
1764.00 1570.00
1027.00 1592.00
1766.00 1621.00
2196.00 1638.00
1114.00 1639.00
1224.00 1639.00
1265.00 1640.00
1312.00 1648.00
992.00 1663.00
1662.00 1668.00
883.00 1697.00
1883.00 1725.00
1528.00 1728.00
1988.00 1740.00
1027.00 1742.00
1739.00 1744.00
1330.00 1746.00
2408.00 1785.00
2128.00 1791.00
1144.00 1800.00
2015.00 1849.00
2143.00 1862.00
1780.00 1873.00
1646.00 1874.00
