262.00 236.00
591.00 243.00
872.00 264.00
495.00 341.00
16.00 387.00
738.00 416.00
1145.00 428.00
601.00 432.00
822.00 477.00
967.00 503.00
711.00 528.00
1555.00 530.00
813.00 537.00
943.00 544.00
151.00 581.00
497.00 591.00
221.00 603.00
860.00 609.00
1543.00 615.00
98.00 619.00
474.00 654.00
415.00 655.00
1319.00 659.00
228.00 664.00
1271.00 669.00
279.00 674.00
1487.00 681.00
1207.00 684.00
978.00 701.00
472.00 711.00
1047.00 720.00
1377.00 724.00
1422.00 725.00
265.00 729.00
711.00 739.00
808.00 756.00
1469.00 762.00
879.00 763.00
1422.00 769.00
351.00 770.00
1018.00 773.00
954.00 779.00
1297.00 811.00
1382.00 811.00
1094.00 817.00
1443.00 828.00
338.00 829.00
130.00 837.00
548.00 839.00
590.00 839.00
173.00 847.00
980.00 848.00
938.00 855.00
715.00 889.00
174.00 895.00
596.00 895.00
400.00 896.00
1368.00 900.00
469.00 901.00
1263.00 903.00
983.00 906.00
510.00 911.00
88.00 925.00
1318.00 926.00
807.00 929.00
1072.00 939.00
902.00 951.00
697.00 952.00
959.00 953.00
1395.00 953.00
1475.00 963.00
800.00 972.00
616.00 976.00
1342.00 979.00
1532.00 986.00
1199.00 993.00
359.00 1005.00
1201.00 1034.00
843.00 1038.00
983.00 1047.00
895.00 1050.00
1384.00 1053.00
749.00 1069.00
1519.00 1087.00
869.00 1093.00
985.00 1102.00
1392.00 1102.00
632.00 1103.00
921.00 1104.00
736.00 1120.00
588.00 1132.00
847.00 1151.00
438.00 1156.00
154.00 1169.00
437.00 1200.00
855.00 1240.00
414.00 1241.00
539.00 1255.00
711.00 1260.00
857.00 1291.00
580.00 1294.00
976.00 1341.00
641.00 1342.00
796.00 1371.00
407.00 1386.00
581.00 1469.00
847.00 1489.00
411.00 1626.00
586.00 1658.00
473.00 1738.00
927.00 1745.00
260.00 1776.00
1039.00 1782.00
800.00 1816.00
561.00 1889.00
