2104.00 292.00
1880.00 317.00
1956.00 317.00
2061.00 317.00
1776.00 318.00
1828.00 318.00
1721.00 319.00
1145.00 340.00
1025.00 347.00
2258.00 351.00
822.00 359.00
744.00 372.00
1122.00 381.00
1023.00 390.00
1442.00 399.00
817.00 423.00
1775.00 438.00
1193.00 456.00
1970.00 457.00
1296.00 474.00
2264.00 474.00
1418.00 490.00
784.00 495.00
1015.00 509.00
1200.00 511.00
885.00 514.00
1754.00 525.00
1504.00 528.00
727.00 530.00
1138.00 535.00
1930.00 535.00
1331.00 536.00
2300.00 538.00
1664.00 545.00
1012.00 567.00
881.00 576.00
1111.00 587.00
1280.00 596.00
1177.00 597.00
1224.00 616.00
1425.00 624.00
2009.00 625.00
2112.00 627.00
1323.00 639.00
1365.00 639.00
2192.00 645.00
757.00 665.00
1143.00 680.00
983.00 687.00
1910.00 688.00
1091.00 702.00
938.00 712.00
1574.00 713.00
1487.00 714.00
2116.00 720.00
794.00 728.00
1872.00 738.00
1982.00 744.00
1106.00 745.00
1921.00 746.00
1313.00 755.00
1001.00 759.00
960.00 761.00
864.00 765.00
1192.00 775.00
1469.00 785.00
914.00 791.00
1935.00 792.00
1577.00 815.00
1618.00 823.00
776.00 836.00
693.00 841.00
830.00 842.00
943.00 843.00
1257.00 844.00
1974.00 857.00
581.00 861.00
1564.00 886.00
2263.00 887.00
1172.00 888.00
658.00 910.00
2136.00 924.00
1831.00 925.00
2082.00 925.00
2017.00 926.00
1729.00 928.00
2194.00 937.00
2264.00 946.00
1687.00 948.00
902.00 951.00
850.00 965.00
779.00 967.00
617.00 969.00
1743.00 976.00
1579.00 977.00
2028.00 992.00
2075.00 992.00
2116.00 1008.00
2337.00 1025.00
691.00 1034.00
1681.00 1047.00
735.00 1048.00
874.00 1059.00
783.00 1062.00
1439.00 1069.00
2236.00 1075.00
2353.00 1085.00
616.00 1095.00
1746.00 1095.00
1690.00 1096.00
1896.00 1110.00
1644.00 1138.00
1494.00 1139.00
1434.00 1140.00
1728.00 1144.00
2256.00 1155.00
1582.00 1166.00
632.00 1173.00
798.00 1175.00
906.00 1175.00
983.00 1176.00
1072.00 1229.00
2144.00 1229.00
2364.00 1236.00
1823.00 1239.00
2321.00 1241.00
952.00 1273.00
2165.00 1278.00
2072.00 1285.00
1861.00 1290.00
906.00 1297.00
836.00 1302.00
1071.00 1324.00
2213.00 1344.00
1853.00 1346.00
1977.00 1347.00
1116.00 1352.00
1163.00 1367.00
2039.00 1377.00
1584.00 1392.00
2224.00 1392.00
816.00 1402.00
1832.00 1404.00
2095.00 1408.00
700.00 1415.00
2289.00 1430.00
1773.00 1438.00
892.00 1445.00
2071.00 1453.00
2247.00 1455.00
750.00 1456.00
2020.00 1458.00
577.00 1462.00
647.00 1488.00
891.00 1494.00
1774.00 1511.00
2244.00 1514.00
972.00 1523.00
2106.00 1544.00
1075.00 1556.00
887.00 1564.00
1806.00 1572.00
1972.00 1592.00
1081.00 1599.00
971.00 1615.00
891.00 1633.00
1663.00 1637.00
2049.00 1645.00
2313.00 1645.00
1720.00 1669.00
1079.00 1687.00
2192.00 1712.00
889.00 1719.00
980.00 1723.00
1074.00 1729.00
1047.00 1781.00
1880.00 1783.00
