1078.00 416.00
1265.00 430.00
1317.00 440.00
1189.00 441.00
1120.00 453.00
915.00 456.00
1035.00 456.00
1948.00 482.00
1077.00 484.00
1325.00 485.00
1594.00 487.00
2452.00 503.00
1897.00 504.00
1157.00 512.00
1611.00 531.00
884.00 543.00
1859.00 554.00
1551.00 576.00
2368.00 577.00
2409.00 593.00
1507.00 609.00
1762.00 630.00
1204.00 639.00
762.00 656.00
1209.00 680.00
1816.00 680.00
946.00 681.00
1440.00 692.00
1360.00 700.00
1565.00 700.00
1126.00 710.00
2252.00 712.00
960.00 725.00
2443.00 729.00
852.00 735.00
1565.00 742.00
1642.00 745.00
1730.00 750.00
2385.00 759.00
969.00 773.00
771.00 779.00
699.00 783.00
1411.00 792.00
1734.00 794.00
2275.00 799.00
1592.00 820.00
1372.00 833.00
1722.00 838.00
1272.00 844.00
951.00 848.00
1424.00 850.00
2332.00 859.00
1503.00 863.00
1089.00 883.00
1200.00 890.00
1612.00 908.00
748.00 914.00
1432.00 917.00
1044.00 918.00
1249.00 926.00
1138.00 929.00
1213.00 995.00
885.00 1000.00
1093.00 1005.00
1307.00 1006.00
1045.00 1011.00
1423.00 1018.00
991.00 1044.00
861.00 1052.00
1288.00 1076.00
1193.00 1077.00
1333.00 1140.00
