2400.00 90.00
1719.00 132.00
1379.00 160.00
1336.00 178.00
2399.00 198.00
2492.00 207.00
1829.00 220.00
1447.00 227.00
2009.00 288.00
2025.00 336.00
1730.00 395.00
1143.00 418.00
2562.00 424.00
2223.00 480.00
1392.00 532.00
1919.00 533.00
2257.00 584.00
2303.00 619.00
2063.00 626.00
1626.00 632.00
1162.00 636.00
1346.00 688.00
1816.00 700.00
1421.00 710.00
2489.00 759.00
1955.00 762.00
1568.00 766.00
2284.00 768.00
2161.00 785.00
1672.00 800.00
2495.00 800.00
2552.00 813.00
1720.00 815.00
1406.00 818.00
2048.00 819.00
2131.00 857.00
1542.00 858.00
2549.00 858.00
1785.00 859.00
2296.00 859.00
2464.00 869.00
2408.00 881.00
2365.00 886.00
1967.00 892.00
2228.00 893.00
1674.00 896.00
2067.00 899.00
2278.00 928.00
2110.00 934.00
2237.00 935.00
1518.00 936.00
1815.00 938.00
1641.00 961.00
1470.00 980.00
2198.00 987.00
1822.00 998.00
1280.00 1007.00
1776.00 1009.00
2135.00 1012.00
1592.00 1023.00
1811.00 1067.00
2249.00 1091.00
2089.00 1094.00
1765.00 1103.00
1954.00 1112.00
2112.00 1135.00
2194.00 1135.00
2057.00 1155.00
1882.00 1187.00
2232.00 1189.00
2273.00 1190.00
1478.00 1231.00
1848.00 1231.00
2138.00 1258.00
2201.00 1265.00
1800.00 1266.00
1748.00 1268.00
2466.00 1278.00
1663.00 1305.00
782.00 1350.00
2153.00 1355.00
1582.00 1366.00
1697.00 1370.00
1779.00 1372.00
1908.00 1374.00
1051.00 1431.00
1447.00 1431.00
2229.00 1479.00
928.00 1484.00
1674.00 1486.00
1519.00 1499.00
1990.00 1536.00
2327.00 1648.00
