1065.00 273.00
1745.00 304.00
1239.00 311.00
1657.00 311.00
1566.00 336.00
823.00 343.00
1862.00 347.00
1976.00 355.00
2057.00 356.00
1779.00 363.00
1683.00 364.00
1725.00 393.00
1997.00 401.00
1639.00 431.00
976.00 432.00
691.00 438.00
1709.00 444.00
1986.00 445.00
1046.00 471.00
1745.00 491.00
1694.00 510.00
1282.00 518.00
1455.00 521.00
1391.00 531.00
1032.00 532.00
1097.00 546.00
1155.00 549.00
1350.00 553.00
821.00 555.00
2026.00 567.00
1485.00 574.00
1196.00 587.00
816.00 644.00
1263.00 650.00
1688.00 663.00
1028.00 667.00
1027.00 714.00
1472.00 719.00
1342.00 732.00
1477.00 763.00
1069.00 765.00
1367.00 786.00
1170.00 787.00
1435.00 788.00
1100.00 815.00
1279.00 828.00
1203.00 846.00
2069.00 853.00
2110.00 861.00
1023.00 864.00
1338.00 892.00
1022.00 911.00
1682.00 920.00
567.00 963.00
1231.00 966.00
1687.00 976.00
1334.00 982.00
1282.00 1033.00
1377.00 1035.00
1690.00 1064.00
1335.00 1101.00
1085.00 1134.00
1066.00 1204.00
1489.00 1239.00
