456.00 191.00
592.00 213.00
196.00 236.00
1119.00 264.00
902.00 282.00
1590.00 346.00
1799.00 351.00
208.00 354.00
969.00 368.00
1036.00 371.00
577.00 383.00
1445.00 388.00
1667.00 401.00
1598.00 419.00
1522.00 424.00
1743.00 449.00
565.00 454.00
816.00 457.00
1212.00 459.00
1670.00 467.00
1513.00 475.00
1602.00 485.00
1472.00 486.00
736.00 489.00
1559.00 495.00
1816.00 504.00
1400.00 506.00
1514.00 518.00
1748.00 519.00
1288.00 537.00
1605.00 551.00
920.00 554.00
1543.00 566.00
1720.00 570.00
1824.00 575.00
1780.00 584.00
1379.00 608.00
1569.00 608.00
1420.00 613.00
1518.00 618.00
1667.00 619.00
1710.00 637.00
1829.00 650.00
1596.00 651.00
1415.00 654.00
1520.00 663.00
1663.00 666.00
1158.00 677.00
1340.00 681.00
1534.00 704.00
1728.00 715.00
1431.00 717.00
1580.00 719.00
1007.00 735.00
1317.00 738.00
1627.00 750.00
952.00 759.00
1551.00 773.00
1818.00 773.00
1716.00 776.00
648.00 794.00
1244.00 813.00
1136.00 816.00
1455.00 822.00
1691.00 826.00
1619.00 836.00
1737.00 838.00
555.00 857.00
432.00 888.00
1773.00 892.00
1696.00 901.00
1621.00 911.00
1152.00 919.00
1555.00 919.00
1219.00 936.00
213.00 967.00
1624.00 983.00
1457.00 996.00
139.00 1283.00
171.00 1340.00
170.00 1532.00
184.00 1591.00
178.00 1654.00
79.00 1715.00
173.00 1739.00
