1628.00 37.00
393.00 142.00
1794.00 175.00
389.00 183.00
1478.00 205.00
1552.00 232.00
1630.00 265.00
1752.00 307.00
1630.00 312.00
1538.00 317.00
733.00 321.00
1065.00 339.00
688.00 349.00
807.00 360.00
1538.00 369.00
274.00 378.00
1855.00 378.00
1607.00 390.00
1863.00 429.00
1559.00 437.00
1372.00 438.00
1495.00 453.00
678.00 456.00
1682.00 483.00
1625.00 504.00
1400.00 511.00
1767.00 528.00
486.00 543.00
1379.00 558.00
638.00 560.00
1539.00 575.00
829.00 608.00
705.00 618.00
1546.00 641.00
1321.00 645.00
1824.00 651.00
1781.00 653.00
1123.00 663.00
1036.00 667.00
1716.00 678.00
1242.00 691.00
1542.00 697.00
1919.00 700.00
1006.00 710.00
1820.00 711.00
1392.00 714.00
1063.00 717.00
1718.00 728.00
1120.00 746.00
545.00 748.00
1912.00 758.00
1001.00 787.00
1118.00 796.00
1334.00 831.00
1394.00 852.00
978.00 855.00
1249.00 856.00
1207.00 864.00
471.00 877.00
762.00 884.00
1392.00 895.00
1485.00 908.00
1113.00 929.00
1776.00 940.00
1911.00 951.00
1708.00 963.00
992.00 970.00
1486.00 971.00
1081.00 986.00
1776.00 997.00
987.00 1038.00
1247.00 1057.00
1395.00 1070.00
518.00 1071.00
1055.00 1103.00
1306.00 1165.00
865.00 1170.00
982.00 1179.00
743.00 1195.00
1105.00 1199.00
1022.00 1224.00
125.00 1255.00
645.00 1278.00
1297.00 1292.00
1665.00 1293.00
351.00 1295.00
118.00 1336.00
290.00 1338.00
371.00 1340.00
642.00 1341.00
897.00 1352.00
206.00 1358.00
856.00 1366.00
505.00 1413.00
437.00 1415.00
697.00 1416.00
974.00 1430.00
1151.00 1437.00
1055.00 1470.00
972.00 1486.00
503.00 1487.00
432.00 1490.00
277.00 1497.00
193.00 1502.00
103.00 1506.00
1146.00 1546.00
952.00 1548.00
628.00 1549.00
498.00 1559.00
1005.00 1564.00
423.00 1566.00
807.00 1568.00
352.00 1571.00
1145.00 1601.00
725.00 1607.00
836.00 1609.00
630.00 1618.00
880.00 1620.00
946.00 1620.00
494.00 1634.00
419.00 1641.00
347.00 1650.00
264.00 1659.00
625.00 1685.00
559.00 1695.00
721.00 1701.00
518.00 1702.00
1545.00 1704.00
1080.00 1712.00
418.00 1719.00
718.00 1753.00
623.00 1756.00
553.00 1769.00
485.00 1782.00
412.00 1796.00
620.00 1807.00
250.00 1827.00
490.00 1834.00
156.00 1847.00
331.00 1867.00
149.00 1907.00
