1452.00 243.00
1987.00 263.00
2215.00 279.00
2096.00 281.00
1512.00 288.00
1221.00 317.00
1864.00 388.00
2083.00 421.00
1703.00 439.00
1808.00 458.00
2213.00 472.00
940.00 484.00
1157.00 499.00
1792.00 504.00
1386.00 518.00
2320.00 520.00
730.00 521.00
2179.00 523.00
1607.00 543.00
1149.00 546.00
2135.00 548.00
1362.00 563.00
2327.00 567.00
2058.00 573.00
1446.00 583.00
1303.00 586.00
2110.00 610.00
1847.00 613.00
2186.00 618.00
899.00 625.00
1634.00 625.00
1329.00 628.00
2279.00 630.00
1125.00 637.00
1006.00 642.00
2458.00 652.00
807.00 654.00
1698.00 669.00
1569.00 678.00
950.00 681.00
1301.00 682.00
1005.00 684.00
1440.00 696.00
791.00 720.00
1516.00 720.00
902.00 725.00
1117.00 745.00
840.00 756.00
1260.00 761.00
1485.00 789.00
472.00 802.00
1235.00 810.00
1368.00 824.00
857.00 826.00
999.00 830.00
1472.00 833.00
1081.00 837.00
2435.00 845.00
1535.00 850.00
1602.00 882.00
871.00 884.00
1392.00 886.00
1657.00 888.00
1076.00 891.00
997.00 893.00
691.00 919.00
895.00 927.00
1335.00 939.00
2154.00 942.00
1561.00 950.00
996.00 951.00
1730.00 956.00
1827.00 960.00
1937.00 963.00
2067.00 983.00
1887.00 1002.00
1468.00 1007.00
1716.00 1007.00
1639.00 1017.00
1594.00 1023.00
913.00 1030.00
1941.00 1032.00
1831.00 1034.00
1132.00 1036.00
2083.00 1042.00
1065.00 1046.00
1694.00 1050.00
1377.00 1061.00
1554.00 1069.00
1653.00 1071.00
1890.00 1073.00
2308.00 1081.00
1603.00 1084.00
2006.00 1088.00
2241.00 1090.00
1742.00 1097.00
2077.00 1106.00
1664.00 1120.00
2263.00 1148.00
1869.00 1214.00
1611.00 1310.00
1525.00 1373.00
1767.00 1432.00
1544.00 1456.00
1650.00 1467.00
2228.00 1526.00
1591.00 1527.00
1760.00 1539.00
1671.00 1575.00
1857.00 1580.00
1749.00 1596.00
1822.00 1625.00
1765.00 1645.00
1866.00 1661.00
1700.00 1708.00
2484.00 1794.00
