217.00 262.00
102.00 386.00
1891.00 415.00
663.00 425.00
102.00 441.00
1840.00 463.00
1324.00 498.00
410.00 557.00
842.00 565.00
895.00 565.00
1254.00 577.00
527.00 581.00
582.00 585.00
1322.00 591.00
871.00 606.00
1795.00 616.00
1273.00 622.00
224.00 645.00
1070.00 658.00
1628.00 661.00
1370.00 673.00
1880.00 676.00
301.00 678.00
348.00 681.00
760.00 681.00
816.00 683.00
1455.00 687.00
1088.00 706.00
1174.00 714.00
1338.00 715.00
1597.00 720.00
731.00 724.00
620.00 726.00
1516.00 731.00
1680.00 743.00
1742.00 743.00
542.00 751.00
1470.00 751.00
1864.00 755.00
1806.00 765.00
860.00 767.00
280.00 771.00
1573.00 773.00
17.00 777.00
1272.00 779.00
335.00 786.00
1631.00 790.00
611.00 792.00
77.00 794.00
1876.00 808.00
388.00 815.00
1104.00 816.00
472.00 817.00
1472.00 817.00
1576.00 821.00
1831.00 822.00
1758.00 825.00
1183.00 829.00
1319.00 830.00
608.00 833.00
261.00 842.00
657.00 843.00
949.00 849.00
536.00 851.00
1228.00 854.00
91.00 855.00
327.00 861.00
604.00 878.00
1391.00 878.00
382.00 882.00
849.00 883.00
1182.00 883.00
185.00 886.00
1762.00 893.00
109.00 898.00
463.00 902.00
666.00 910.00
246.00 912.00
32.00 919.00
1293.00 920.00
521.00 925.00
1101.00 926.00
727.00 928.00
179.00 940.00
1714.00 943.00
102.00 944.00
622.00 944.00
1579.00 945.00
1207.00 956.00
274.00 959.00
536.00 973.00
1019.00 991.00
1195.00 1000.00
184.00 1005.00
578.00 1006.00
1114.00 1007.00
94.00 1008.00
899.00 1008.00
30.00 1017.00
232.00 1019.00
654.00 1040.00
1638.00 1041.00
1412.00 1042.00
829.00 1043.00
1144.00 1053.00
149.00 1056.00
246.00 1069.00
589.00 1069.00
911.00 1077.00
393.00 1089.00
206.00 1113.00
331.00 1116.00
928.00 1131.00
404.00 1143.00
1500.00 1149.00
208.00 1174.00
1059.00 1175.00
351.00 1177.00
728.00 1187.00
312.00 1226.00
993.00 1229.00
573.00 1680.00
289.00 1684.00
1000.00 1768.00
584.00 1775.00
