440.00 303.00
689.00 314.00
492.00 338.00
1001.00 343.00
733.00 348.00
926.00 348.00
1384.00 350.00
675.00 357.00
883.00 361.00
811.00 366.00
1528.00 371.00
1487.00 383.00
1239.00 384.00
997.00 385.00
623.00 388.00
544.00 391.00
729.00 391.00
1385.00 401.00
880.00 404.00
1344.00 413.00
1961.00 422.00
1768.00 427.00
647.00 432.00
1490.00 433.00
1009.00 434.00
1107.00 439.00
1386.00 448.00
725.00 449.00
876.00 463.00
803.00 465.00
674.00 474.00
969.00 483.00
1973.00 486.00
610.00 495.00
720.00 500.00
1775.00 502.00
1387.00 510.00
1102.00 513.00
464.00 515.00
414.00 519.00
1943.00 529.00
1865.00 534.00
1496.00 539.00
922.00 540.00
1451.00 544.00
1778.00 545.00
643.00 547.00
1998.00 549.00
367.00 552.00
715.00 560.00
507.00 575.00
591.00 577.00
1879.00 581.00
982.00 582.00
1536.00 584.00
1452.00 595.00
639.00 598.00
711.00 610.00
1349.00 615.00
546.00 617.00
1606.00 618.00
1784.00 623.00
1900.00 624.00
598.00 625.00
1102.00 632.00
1054.00 635.00
1728.00 635.00
1834.00 638.00
214.00 640.00
495.00 642.00
1299.00 646.00
398.00 647.00
1247.00 648.00
1500.00 663.00
1388.00 664.00
1787.00 665.00
541.00 670.00
1591.00 671.00
942.00 672.00
1541.00 673.00
1875.00 676.00
1916.00 677.00
1636.00 682.00
463.00 686.00
1347.00 692.00
1236.00 693.00
796.00 698.00
906.00 716.00
858.00 718.00
702.00 719.00
1791.00 719.00
1486.00 720.00
1388.00 722.00
516.00 727.00
395.00 728.00
987.00 729.00
1734.00 729.00
1235.00 734.00
575.00 738.00
1119.00 758.00
1488.00 761.00
1595.00 762.00
1964.00 765.00
1030.00 768.00
1693.00 772.00
1795.00 774.00
965.00 775.00
1285.00 777.00
585.00 779.00
729.00 784.00
649.00 787.00
526.00 799.00
380.00 802.00
1956.00 810.00
1141.00 815.00
1029.00 818.00
1503.00 822.00
1276.00 827.00
1899.00 827.00
581.00 834.00
474.00 838.00
726.00 839.00
1348.00 846.00
2009.00 858.00
376.00 859.00
176.00 869.00
1777.00 878.00
1682.00 880.00
460.00 884.00
1215.00 887.00
1299.00 887.00
1350.00 887.00
945.00 889.00
1030.00 889.00
1074.00 889.00
667.00 894.00
717.00 894.00
1976.00 905.00
1126.00 916.00
1602.00 923.00
167.00 925.00
1763.00 927.00
1220.00 928.00
1806.00 944.00
1934.00 947.00
280.00 952.00
1004.00 952.00
518.00 959.00
561.00 959.00
1761.00 972.00
1687.00 976.00
1981.00 978.00
1246.00 984.00
1300.00 984.00
1346.00 984.00
1138.00 985.00
1072.00 986.00
919.00 988.00
788.00 990.00
681.00 995.00
191.00 996.00
637.00 998.00
1910.00 998.00
1628.00 1003.00
1474.00 1004.00
514.00 1013.00
1137.00 1032.00
464.00 1038.00
1912.00 1039.00
1811.00 1043.00
733.00 1057.00
402.00 1065.00
963.00 1069.00
1761.00 1069.00
827.00 1073.00
305.00 1076.00
135.00 1082.00
480.00 1084.00
1157.00 1087.00
1219.00 1087.00
1322.00 1087.00
891.00 1088.00
1813.00 1096.00
1262.00 1100.00
398.00 1108.00
1475.00 1108.00
1864.00 1114.00
836.00 1119.00
132.00 1123.00
548.00 1130.00
963.00 1133.00
197.00 1146.00
1207.00 1147.00
1072.00 1155.00
316.00 1159.00
383.00 1161.00
672.00 1161.00
1160.00 1168.00
965.00 1176.00
1652.00 1185.00
495.00 1186.00
840.00 1188.00
1951.00 1193.00
448.00 1222.00
356.00 1242.00
498.00 1257.00
161.00 1274.00
238.00 1303.00
1933.00 1359.00
153.00 1380.00
225.00 1405.00
960.00 1411.00
415.00 1480.00
538.00 1591.00
639.00 1617.00
1443.00 1759.00
