1673.00 22.00
1895.00 44.00
1342.00 47.00
1359.00 125.00
2092.00 145.00
1665.00 158.00
2359.00 180.00
1044.00 199.00
1687.00 231.00
977.00 257.00
1022.00 272.00
1503.00 324.00
1050.00 344.00
1216.00 382.00
1726.00 448.00
1683.00 449.00
1506.00 452.00
1262.00 485.00
2049.00 497.00
2003.00 504.00
1033.00 550.00
856.00 589.00
897.00 593.00
2054.00 651.00
2265.00 694.00
2054.00 705.00
825.00 732.00
1770.00 735.00
1044.00 744.00
2161.00 751.00
1135.00 787.00
1446.00 797.00
1573.00 798.00
1192.00 803.00
1520.00 811.00
1792.00 812.00
1913.00 817.00
1870.00 823.00
2136.00 830.00
1466.00 857.00
1888.00 864.00
1587.00 866.00
1072.00 876.00
1333.00 901.00
1142.00 923.00
889.00 936.00
762.00 952.00
1319.00 1010.00
1498.00 1031.00
1389.00 1032.00
1672.00 1042.00
1539.00 1043.00
1713.00 1062.00
1242.00 1098.00
1490.00 1116.00
1789.00 1135.00
898.00 1147.00
1598.00 1153.00
1324.00 1186.00
1801.00 1220.00
1218.00 1251.00
1374.00 1287.00
2128.00 1399.00
1965.00 1706.00
1712.00 1713.00
882.00 1748.00
1021.00 1794.00
1991.00 1817.00
