1790.00 313.00
1097.00 327.00
2145.00 345.00
991.00 351.00
942.00 359.00
814.00 370.00
1714.00 386.00
452.00 391.00
1101.00 393.00
2295.00 407.00
2086.00 425.00
817.00 440.00
858.00 448.00
1337.00 458.00
1379.00 460.00
904.00 471.00
1233.00 481.00
952.00 484.00
2093.00 491.00
652.00 500.00
2311.00 508.00
744.00 515.00
800.00 523.00
1233.00 524.00
858.00 534.00
952.00 551.00
1014.00 552.00
1280.00 554.00
570.00 559.00
640.00 569.00
905.00 569.00
2329.00 569.00
708.00 579.00
850.00 579.00
775.00 589.00
1688.00 604.00
1011.00 608.00
1825.00 610.00
564.00 624.00
629.00 629.00
2019.00 635.00
867.00 638.00
692.00 639.00
1201.00 640.00
753.00 648.00
946.00 651.00
1009.00 655.00
1101.00 661.00
1562.00 670.00
560.00 675.00
2350.00 680.00
619.00 683.00
1993.00 686.00
1637.00 689.00
854.00 695.00
2300.00 696.00
1476.00 698.00
763.00 700.00
1693.00 712.00
1565.00 729.00
503.00 734.00
1169.00 739.00
1444.00 740.00
2121.00 756.00
1566.00 770.00
705.00 776.00
1383.00 797.00
509.00 798.00
1336.00 799.00
2126.00 808.00
1426.00 815.00
1117.00 824.00
1556.00 829.00
2314.00 832.00
1292.00 835.00
671.00 839.00
1745.00 839.00
2130.00 856.00
482.00 863.00
1223.00 865.00
1702.00 867.00
1574.00 870.00
1770.00 880.00
769.00 888.00
1356.00 890.00
2319.00 890.00
2038.00 895.00
1707.00 914.00
1571.00 915.00
2217.00 922.00
1436.00 933.00
1295.00 940.00
1364.00 940.00
1749.00 940.00
1477.00 955.00
1600.00 968.00
