400.00 400.00
1361.00 422.00
773.00 438.00
1390.00 467.00
942.00 477.00
1856.00 504.00
631.00 524.00
734.00 535.00
1128.00 543.00
1012.00 547.00
1057.00 549.00
1268.00 549.00
1175.00 563.00
1733.00 567.00
1301.00 590.00
891.00 599.00
767.00 607.00
671.00 615.00
835.00 620.00
1226.00 642.00
906.00 644.00
1119.00 663.00
1185.00 667.00
620.00 681.00
1808.00 685.00
1007.00 686.00
1227.00 687.00
1125.00 707.00
1053.00 726.00
1166.00 726.00
1377.00 738.00
1810.00 755.00
1234.00 767.00
380.00 797.00
1360.00 809.00
1145.00 822.00
1058.00 827.00
346.00 845.00
1003.00 854.00
1807.00 863.00
1152.00 866.00
1056.00 872.00
752.00 873.00
1106.00 873.00
269.00 877.00
1246.00 879.00
74.00 881.00
1399.00 906.00
1353.00 912.00
762.00 914.00
1757.00 922.00
690.00 929.00
139.00 944.00
1654.00 960.00
1399.00 964.00
1759.00 966.00
1303.00 973.00
499.00 983.00
205.00 985.00
313.00 985.00
271.00 991.00
367.00 994.00
708.00 995.00
1761.00 1011.00
651.00 1015.00
1543.00 1015.00
818.00 1035.00
718.00 1041.00
196.00 1073.00
648.00 1074.00
1306.00 1084.00
795.00 1098.00
293.00 1104.00
1446.00 1117.00
64.00 1138.00
896.00 1170.00
388.00 1200.00
1771.00 1204.00
605.00 1215.00
566.00 1358.00
471.00 1362.00
492.00 1462.00
1622.00 1624.00
468.00 1648.00
559.00 1651.00
366.00 1656.00
693.00 1697.00
533.00 1719.00
148.00 1721.00
454.00 1725.00
