941.00 57.00
1511.00 90.00
999.00 240.00
1043.00 244.00
1087.00 244.00
911.00 362.00
835.00 500.00
881.00 503.00
1535.00 525.00
1105.00 558.00
503.00 564.00
719.00 574.00
605.00 596.00
109.00 651.00
1242.00 654.00
677.00 656.00
1102.00 696.00
1052.00 709.00
1242.00 744.00
1099.00 815.00
1031.00 858.00
965.00 898.00
1034.00 901.00
447.00 906.00
901.00 949.00
947.00 966.00
970.00 1021.00
1096.00 1050.00
999.00 1122.00
935.00 1134.00
880.00 1192.00
952.00 1269.00
886.00 1366.00
755.00 1604.00
840.00 1719.00
782.00 1887.00
