2397.00 112.00
2327.00 135.00
1981.00 199.00
2337.00 200.00
2129.00 205.00
1984.00 251.00
2316.00 254.00
2305.00 327.00
1416.00 371.00
2037.00 373.00
2324.00 392.00
831.00 404.00
1128.00 414.00
1592.00 414.00
1055.00 440.00
1263.00 448.00
2335.00 448.00
1986.00 461.00
1891.00 463.00
951.00 486.00
2344.00 489.00
1255.00 497.00
2119.00 512.00
1870.00 515.00
1463.00 527.00
794.00 543.00
2039.00 548.00
1261.00 553.00
983.00 563.00
1024.00 564.00
1544.00 567.00
2521.00 592.00
2000.00 598.00
1902.00 612.00
1272.00 623.00
1026.00 628.00
1067.00 632.00
1217.00 639.00
761.00 652.00
1515.00 655.00
1803.00 666.00
1575.00 687.00
802.00 688.00
1910.00 694.00
1078.00 698.00
1851.00 705.00
1333.00 708.00
1279.00 709.00
1444.00 710.00
949.00 727.00
1210.00 727.00
845.00 728.00
1771.00 734.00
1137.00 744.00
2575.00 753.00
2444.00 754.00
2201.00 756.00
2338.00 756.00
2097.00 757.00
2015.00 758.00
936.00 768.00
1306.00 774.00
1131.00 792.00
1890.00 793.00
1794.00 804.00
1231.00 811.00
1355.00 816.00
952.00 822.00
2160.00 824.00
1727.00 829.00
2019.00 832.00
1859.00 836.00
2454.00 838.00
1458.00 844.00
1115.00 847.00
1069.00 853.00
1365.00 858.00
966.00 872.00
1777.00 876.00
1022.00 881.00
1168.00 884.00
1612.00 907.00
1478.00 910.00
1732.00 910.00
2462.00 910.00
1284.00 917.00
1042.00 922.00
2111.00 927.00
1108.00 937.00
1431.00 947.00
1179.00 948.00
1820.00 959.00
1350.00 961.00
2471.00 983.00
1064.00 994.00
1208.00 999.00
1439.00 1001.00
1160.00 1013.00
1886.00 1021.00
2210.00 1031.00
1494.00 1040.00
1308.00 1041.00
1350.00 1041.00
1063.00 1042.00
1257.00 1042.00
1426.00 1042.00
1119.00 1043.00
983.00 1063.00
1881.00 1073.00
2122.00 1096.00
1297.00 1100.00
1426.00 1100.00
1042.00 1132.00
1511.00 1154.00
1111.00 1156.00
2126.00 1161.00
1829.00 1196.00
2130.00 1218.00
2044.00 1220.00
1939.00 1225.00
1122.00 1249.00
2415.00 1514.00
957.00 1621.00
2098.00 1695.00
1317.00 1708.00
1405.00 1757.00
