1385.00 84.00
414.00 93.00
1748.00 117.00
146.00 178.00
520.00 194.00
311.00 240.00
80.00 311.00
1392.00 313.00
511.00 373.00
583.00 394.00
22.00 408.00
2202.00 416.00
424.00 417.00
1336.00 423.00
103.00 427.00
1278.00 438.00
487.00 446.00
1774.00 461.00
1338.00 469.00
1205.00 487.00
424.00 488.00
1272.00 493.00
268.00 500.00
1206.00 543.00
1096.00 545.00
984.00 559.00
342.00 561.00
1048.00 592.00
55.00 610.00
609.00 642.00
862.00 650.00
159.00 652.00
793.00 681.00
1195.00 686.00
194.00 712.00
974.00 735.00
312.00 744.00
1165.00 781.00
440.00 783.00
537.00 799.00
288.00 801.00
726.00 817.00
234.00 823.00
393.00 851.00
292.00 864.00
592.00 875.00
349.00 879.00
643.00 895.00
1284.00 920.00
218.00 924.00
1204.00 943.00
902.00 954.00
1045.00 975.00
671.00 976.00
833.00 993.00
883.00 1004.00
956.00 1007.00
1342.00 1016.00
1140.00 1022.00
1232.00 1044.00
931.00 1066.00
1084.00 1208.00
1709.00 1209.00
430.00 1213.00
1041.00 1239.00
1452.00 1248.00
1272.00 1287.00
1140.00 1289.00
258.00 1312.00
442.00 1321.00
1207.00 1361.00
393.00 1397.00
979.00 1458.00
387.00 1459.00
1047.00 1459.00
1317.00 1532.00
2107.00 1534.00
1158.00 1555.00
1567.00 1591.00
1098.00 1642.00
1053.00 1649.00
1751.00 1666.00
168.00 1689.00
1754.00 1717.00
1059.00 1719.00
1475.00 1729.00
2101.00 1749.00
1296.00 1776.00
1401.00 1778.00
1454.00 1792.00
