2118.00 380.00
1074.00 382.00
1500.00 402.00
1449.00 409.00
982.00 413.00
2298.00 416.00
1657.00 419.00
2209.00 421.00
1255.00 424.00
2153.00 458.00
852.00 460.00
1637.00 472.00
810.00 477.00
1113.00 478.00
1398.00 486.00
2040.00 494.00
1678.00 509.00
1256.00 525.00
1205.00 539.00
2091.00 550.00
919.00 552.00
801.00 556.00
1118.00 590.00
1625.00 600.00
1794.00 609.00
2139.00 609.00
2073.00 617.00
2031.00 618.00
903.00 622.00
1512.00 626.00
1703.00 627.00
1324.00 638.00
1969.00 640.00
1628.00 642.00
1379.00 654.00
976.00 663.00
1564.00 672.00
1670.00 677.00
2026.00 679.00
1252.00 683.00
2169.00 689.00
1866.00 717.00
1598.00 747.00
719.00 754.00
1380.00 771.00
830.00 791.00
1568.00 802.00
1681.00 822.00
1381.00 831.00
842.00 869.00
1636.00 874.00
1251.00 875.00
1381.00 878.00
1995.00 886.00
1436.00 897.00
2258.00 903.00
2052.00 925.00
1128.00 927.00
1763.00 932.00
1991.00 956.00
1248.00 963.00
988.00 968.00
1548.00 982.00
2231.00 998.00
2353.00 1032.00
2080.00 1059.00
2264.00 1068.00
2197.00 1093.00
2188.00 1156.00
2252.00 1163.00
1997.00 1171.00
1839.00 1173.00
2099.00 1173.00
1937.00 1195.00
2182.00 1197.00
2387.00 1200.00
2234.00 1214.00
1739.00 1240.00
2284.00 1262.00
2407.00 1263.00
2205.00 1265.00
2365.00 1265.00
2129.00 1266.00
2054.00 1270.00
1955.00 1275.00
1852.00 1279.00
1749.00 1281.00
1790.00 1282.00
1855.00 1330.00
2067.00 1366.00
2219.00 1384.00
1998.00 1422.00
2264.00 1469.00
2002.00 1486.00
1899.00 1529.00
2043.00 1583.00
2197.00 1589.00
2362.00 1599.00
1809.00 1635.00
1811.00 1680.00
1970.00 1691.00
1060.00 1692.00
