2373.00 73.00
1510.00 191.00
1952.00 226.00
1799.00 247.00
1501.00 270.00
1815.00 315.00
1875.00 315.00
1456.00 340.00
2304.00 352.00
2064.00 359.00
1837.00 361.00
2419.00 408.00
1787.00 419.00
2024.00 421.00
1965.00 435.00
1744.00 472.00
1930.00 487.00
1420.00 494.00
1367.00 511.00
2261.00 562.00
1811.00 568.00
1446.00 591.00
1340.00 600.00
2266.00 603.00
1962.00 606.00
2394.00 613.00
2078.00 614.00
1947.00 652.00
2274.00 653.00
2496.00 664.00
2074.00 680.00
2545.00 687.00
2327.00 690.00
2279.00 698.00
1624.00 712.00
1689.00 715.00
1308.00 734.00
1261.00 735.00
1356.00 738.00
2308.00 751.00
1730.00 752.00
1633.00 755.00
1882.00 761.00
1190.00 776.00
2559.00 776.00
1978.00 780.00
2456.00 790.00
1669.00 802.00
1764.00 803.00
2385.00 805.00
1365.00 807.00
2078.00 807.00
2340.00 814.00
2169.00 821.00
1185.00 822.00
1429.00 825.00
1806.00 827.00
1611.00 835.00
1652.00 843.00
2290.00 848.00
2082.00 855.00
2407.00 856.00
2553.00 868.00
1323.00 870.00
1154.00 874.00
1205.00 875.00
1366.00 878.00
1431.00 879.00
1576.00 880.00
1511.00 881.00
1703.00 881.00
1920.00 882.00
2184.00 885.00
2010.00 895.00
1966.00 899.00
1870.00 900.00
2413.00 904.00
2582.00 917.00
2117.00 921.00
1512.00 926.00
1206.00 929.00
2351.00 929.00
1676.00 931.00
1807.00 932.00
2527.00 948.00
2245.00 952.00
2290.00 956.00
1366.00 958.00
1208.00 979.00
2092.00 987.00
1538.00 988.00
2150.00 994.00
1792.00 1004.00
1496.00 1015.00
1702.00 1024.00
2001.00 1025.00
1291.00 1026.00
2564.00 1040.00
2152.00 1049.00
2266.00 1049.00
2097.00 1057.00
1963.00 1069.00
1566.00 1072.00
1921.00 1073.00
1292.00 1078.00
2571.00 1086.00
1868.00 1087.00
2012.00 1125.00
1762.00 1152.00
1870.00 1152.00
1417.00 1167.00
2276.00 1181.00
1159.00 1213.00
2508.00 1228.00
1342.00 1239.00
2410.00 1240.00
2036.00 1241.00
1799.00 1247.00
1486.00 1251.00
1411.00 1252.00
1856.00 1258.00
1748.00 1259.00
1163.00 1321.00
1839.00 1340.00
1880.00 1344.00
1609.00 1357.00
1398.00 1363.00
1787.00 1367.00
1688.00 1384.00
2182.00 1391.00
1750.00 1442.00
2012.00 1481.00
1558.00 1535.00
1293.00 1572.00
2029.00 1576.00
