155.00 162.00
207.00 231.00
28.00 275.00
183.00 287.00
424.00 487.00
897.00 514.00
1212.00 531.00
1301.00 540.00
981.00 563.00
1228.00 611.00
835.00 616.00
880.00 617.00
1126.00 628.00
925.00 630.00
1542.00 631.00
1296.00 637.00
977.00 646.00
873.00 688.00
1296.00 711.00
1121.00 712.00
762.00 740.00
1204.00 741.00
1120.00 759.00
1209.00 784.00
864.00 811.00
911.00 817.00
1292.00 821.00
963.00 831.00
958.00 886.00
1107.00 903.00
899.00 904.00
1255.00 921.00
847.00 925.00
752.00 930.00
1522.00 958.00
858.00 986.00
927.00 991.00
836.00 1094.00
1286.00 1109.00
602.00 1125.00
993.00 1168.00
885.00 1174.00
799.00 1184.00
663.00 1199.00
622.00 1202.00
1282.00 1259.00
801.00 1262.00
937.00 1266.00
608.00 1283.00
985.00 1309.00
1191.00 1370.00
1057.00 1372.00
574.00 1377.00
796.00 1392.00
834.00 1435.00
826.00 1493.00
1064.00 1496.00
876.00 1504.00
773.00 1515.00
957.00 1520.00
1001.00 1534.00
1251.00 1535.00
940.00 1592.00
1131.00 1598.00
595.00 1666.00
486.00 1677.00
687.00 1714.00
1038.00 1719.00
901.00 1737.00
291.00 1738.00
769.00 1753.00
