2118.00 247.00
1195.00 248.00
768.00 298.00
2122.00 311.00
2050.00 312.00
2276.00 312.00
636.00 315.00
2548.00 354.00
930.00 355.00
799.00 357.00
1650.00 362.00
2314.00 378.00
840.00 384.00
2542.00 398.00
2491.00 399.00
1686.00 416.00
925.00 432.00
577.00 462.00
1666.00 462.00
1139.00 475.00
859.00 477.00
921.00 477.00
1190.00 497.00
880.00 518.00
952.00 518.00
1642.00 525.00
1861.00 527.00
2029.00 529.00
1734.00 530.00
1692.00 531.00
2152.00 533.00
1383.00 538.00
1550.00 539.00
2343.00 546.00
1018.00 555.00
1451.00 566.00
850.00 568.00
792.00 573.00
601.00 593.00
2554.00 597.00
1014.00 601.00
930.00 617.00
1075.00 640.00
1230.00 640.00
1333.00 641.00
1426.00 642.00
649.00 646.00
2537.00 647.00
1657.00 648.00
1708.00 657.00
2167.00 665.00
2045.00 669.00
2335.00 672.00
1422.00 690.00
636.00 712.00
885.00 714.00
964.00 714.00
1960.00 720.00
1079.00 722.00
2087.00 727.00
2310.00 734.00
1236.00 737.00
1723.00 739.00
2267.00 740.00
2188.00 744.00
1155.00 745.00
1776.00 753.00
641.00 756.00
2531.00 775.00
1983.00 793.00
1562.00 796.00
1909.00 798.00
1320.00 801.00
2160.00 805.00
1153.00 808.00
1028.00 813.00
1208.00 813.00
2306.00 814.00
716.00 816.00
951.00 820.00
819.00 826.00
875.00 829.00
2352.00 837.00
1430.00 845.00
2225.00 856.00
723.00 864.00
2480.00 864.00
831.00 867.00
1721.00 870.00
1389.00 879.00
1592.00 884.00
997.00 885.00
1800.00 890.00
949.00 895.00
2046.00 902.00
2260.00 916.00
2473.00 916.00
1517.00 927.00
1990.00 927.00
1368.00 930.00
1250.00 933.00
1318.00 939.00
781.00 940.00
2047.00 950.00
658.00 951.00
717.00 952.00
2539.00 982.00
1773.00 984.00
1850.00 984.00
1316.00 994.00
631.00 1003.00
697.00 1009.00
1979.00 1015.00
991.00 1022.00
1932.00 1025.00
1478.00 1040.00
799.00 1046.00
1083.00 1049.00
1600.00 1059.00
1348.00 1060.00
638.00 1063.00
2406.00 1070.00
1390.00 1078.00
679.00 1087.00
1670.00 1088.00
732.00 1090.00
1868.00 1096.00
797.00 1098.00
2044.00 1104.00
1494.00 1113.00
1560.00 1115.00
888.00 1118.00
2573.00 1119.00
1367.00 1122.00
1613.00 1124.00
1946.00 1126.00
1306.00 1143.00
802.00 1167.00
1122.00 1169.00
736.00 1180.00
1609.00 1181.00
2050.00 1199.00
1919.00 1204.00
847.00 1206.00
1397.00 1225.00
1641.00 1228.00
1148.00 1240.00
655.00 1253.00
798.00 1255.00
968.00 1278.00
696.00 1313.00
935.00 1394.00
1109.00 1415.00
1959.00 1424.00
1935.00 1465.00
790.00 1468.00
1104.00 1491.00
1982.00 1503.00
665.00 1592.00
890.00 1638.00
