2012.00 52.00
1952.00 267.00
1560.00 347.00
1507.00 359.00
1784.00 376.00
1724.00 387.00
1642.00 402.00
1563.00 418.00
1510.00 430.00
1808.00 484.00
1512.00 488.00
1567.00 491.00
1796.00 529.00
1497.00 534.00
1735.00 538.00
1111.00 544.00
1618.00 559.00
1571.00 566.00
1803.00 610.00
1592.00 632.00
1974.00 641.00
1517.00 653.00
1708.00 660.00
1808.00 692.00
1745.00 701.00
1575.00 724.00
1520.00 731.00
1813.00 777.00
1751.00 784.00
1663.00 795.00
1622.00 799.00
1816.00 819.00
1546.00 852.00
1819.00 864.00
1755.00 871.00
1667.00 879.00
1524.00 894.00
1624.00 905.00
1260.00 936.00
1840.00 950.00
1761.00 958.00
1584.00 971.00
1509.00 977.00
928.00 1017.00
1059.00 1348.00
1739.00 1349.00
999.00 1350.00
936.00 1352.00
1481.00 1392.00
961.00 1428.00
824.00 1459.00
1489.00 1480.00
929.00 1544.00
