1732.00 301.00
1967.00 303.00
823.00 306.00
1906.00 326.00
2362.00 335.00
2223.00 351.00
864.00 368.00
1990.00 370.00
1716.00 385.00
1096.00 387.00
1548.00 387.00
1264.00 388.00
2075.00 388.00
1400.00 401.00
1599.00 401.00
2488.00 403.00
812.00 412.00
1140.00 412.00
857.00 421.00
1187.00 422.00
2006.00 423.00
955.00 424.00
1496.00 436.00
2143.00 463.00
1225.00 464.00
2230.00 465.00
918.00 470.00
851.00 476.00
1140.00 482.00
1582.00 483.00
2035.00 502.00
993.00 504.00
803.00 505.00
2151.00 508.00
1792.00 512.00
1077.00 513.00
1270.00 513.00
1665.00 526.00
1036.00 530.00
2399.00 535.00
974.00 545.00
1124.00 546.00
1562.00 558.00
2187.00 573.00
726.00 575.00
1248.00 580.00
843.00 588.00
1975.00 590.00
2280.00 591.00
793.00 618.00
1570.00 618.00
2440.00 624.00
1134.00 639.00
2296.00 642.00
967.00 645.00
2216.00 647.00
1221.00 653.00
758.00 659.00
1841.00 663.00
1175.00 664.00
1939.00 679.00
834.00 686.00
1522.00 687.00
1067.00 689.00
1691.00 694.00
901.00 695.00
1132.00 695.00
1298.00 697.00
1342.00 705.00
2075.00 713.00
1219.00 724.00
1610.00 724.00
1888.00 736.00
1295.00 738.00
1079.00 740.00
935.00 742.00
751.00 743.00
1952.00 743.00
1739.00 744.00
1032.00 755.00
1129.00 769.00
871.00 773.00
1559.00 776.00
2146.00 783.00
1170.00 791.00
2522.00 814.00
1963.00 816.00
1519.00 818.00
2467.00 821.00
2350.00 823.00
2079.00 826.00
824.00 827.00
2275.00 828.00
2224.00 832.00
1756.00 840.00
2007.00 856.00
2499.00 872.00
1958.00 873.00
2150.00 890.00
1867.00 894.00
1802.00 896.00
2575.00 903.00
772.00 905.00
2400.00 909.00
1992.00 938.00
1806.00 945.00
2157.00 968.00
1871.00 974.00
1945.00 977.00
1822.00 986.00
2062.00 1000.00
2432.00 1040.00
2090.00 1455.00
2402.00 1583.00
2074.00 1659.00
1934.00 1738.00
