241.00 288.00
1027.00 307.00
451.00 309.00
956.00 313.00
668.00 319.00
1376.00 336.00
910.00 347.00
1179.00 358.00
1280.00 368.00
1487.00 373.00
1960.00 381.00
704.00 387.00
950.00 389.00
767.00 391.00
1757.00 391.00
906.00 399.00
1152.00 399.00
231.00 406.00
562.00 407.00
384.00 427.00
436.00 429.00
989.00 430.00
502.00 432.00
1706.00 432.00
1030.00 433.00
1804.00 443.00
568.00 448.00
903.00 451.00
946.00 453.00
2050.00 461.00
1241.00 474.00
1890.00 475.00
1027.00 477.00
1328.00 479.00
1388.00 483.00
272.00 486.00
1103.00 486.00
1436.00 488.00
1176.00 491.00
1490.00 493.00
1615.00 493.00
1556.00 499.00
609.00 501.00
2005.00 501.00
519.00 503.00
656.00 515.00
1742.00 517.00
1019.00 524.00
350.00 527.00
1231.00 527.00
978.00 528.00
1855.00 529.00
1375.00 532.00
1896.00 533.00
1799.00 535.00
1956.00 540.00
2010.00 548.00
1423.00 552.00
903.00 576.00
1087.00 582.00
1800.00 583.00
1376.00 585.00
1671.00 591.00
1496.00 614.00
1048.00 623.00
639.00 624.00
727.00 625.00
393.00 631.00
1758.00 634.00
1944.00 638.00
575.00 646.00
1233.00 649.00
179.00 657.00
2056.00 666.00
1508.00 669.00
1287.00 672.00
701.00 674.00
844.00 681.00
1078.00 692.00
1896.00 695.00
551.00 701.00
2004.00 707.00
1942.00 712.00
1375.00 713.00
1832.00 734.00
759.00 735.00
1029.00 749.00
1457.00 750.00
1134.00 751.00
1511.00 754.00
564.00 761.00
959.00 775.00
823.00 776.00
1863.00 778.00
1908.00 781.00
233.00 786.00
1177.00 793.00
1028.00 794.00
368.00 799.00
1816.00 806.00
558.00 809.00
417.00 810.00
1736.00 823.00
1959.00 826.00
2020.00 832.00
1452.00 842.00
1498.00 843.00
1168.00 844.00
1784.00 847.00
1864.00 855.00
1913.00 864.00
1060.00 872.00
2049.00 873.00
391.00 881.00
1157.00 888.00
975.00 889.00
1521.00 889.00
1022.00 919.00
1090.00 922.00
817.00 933.00
913.00 936.00
1563.00 949.00
2055.00 951.00
212.00 955.00
752.00 971.00
1816.00 975.00
163.00 976.00
1223.00 1012.00
816.00 1016.00
158.00 1019.00
1279.00 1020.00
1953.00 1023.00
1807.00 1031.00
278.00 1039.00
319.00 1040.00
389.00 1040.00
369.00 1086.00
318.00 1094.00
583.00 1108.00
1632.00 1143.00
339.00 1147.00
439.00 1159.00
266.00 1165.00
1227.00 1165.00
557.00 1175.00
1840.00 1175.00
639.00 1183.00
544.00 1229.00
351.00 1239.00
624.00 1242.00
866.00 1244.00
774.00 1256.00
718.00 1269.00
522.00 1280.00
348.00 1288.00
1143.00 1288.00
799.00 1300.00
890.00 1302.00
848.00 1305.00
407.00 1323.00
752.00 1323.00
669.00 1332.00
366.00 1338.00
847.00 1346.00
803.00 1350.00
891.00 1353.00
1398.00 1375.00
418.00 1376.00
212.00 1383.00
255.00 1383.00
302.00 1384.00
512.00 1390.00
567.00 1390.00
887.00 1403.00
1080.00 1408.00
1130.00 1408.00
1249.00 1409.00
467.00 1437.00
1507.00 1439.00
878.00 1448.00
751.00 1452.00
793.00 1459.00
575.00 1480.00
1313.00 1496.00
199.00 1527.00
751.00 1528.00
418.00 1533.00
463.00 1533.00
505.00 1535.00
548.00 1536.00
591.00 1537.00
832.00 1551.00
656.00 1561.00
347.00 1598.00
680.00 1603.00
1222.00 1607.00
1684.00 1655.00
662.00 1663.00
1121.00 1668.00
