814.00 175.00
671.00 193.00
757.00 213.00
1705.00 241.00
1017.00 256.00
465.00 266.00
414.00 289.00
994.00 297.00
671.00 314.00
519.00 317.00
1335.00 318.00
2168.00 323.00
562.00 324.00
2003.00 328.00
2044.00 328.00
2251.00 336.00
1912.00 340.00
1280.00 375.00
1196.00 378.00
2035.00 380.00
1994.00 382.00
2155.00 383.00
1417.00 384.00
1544.00 386.00
647.00 392.00
1714.00 431.00
553.00 437.00
2373.00 439.00
499.00 472.00
1877.00 478.00
2012.00 512.00
546.00 513.00
686.00 526.00
1120.00 549.00
602.00 552.00
1679.00 559.00
643.00 565.00
884.00 568.00
685.00 572.00
325.00 576.00
1946.00 591.00
1159.00 626.00
503.00 647.00
1807.00 647.00
2207.00 648.00
1009.00 682.00
1925.00 688.00
1619.00 689.00
488.00 693.00
350.00 697.00
542.00 702.00
771.00 718.00
1157.00 726.00
2301.00 734.00
1792.00 743.00
2039.00 750.00
1743.00 757.00
1524.00 759.00
1459.00 770.00
1082.00 773.00
623.00 776.00
377.00 783.00
1037.00 783.00
704.00 784.00
783.00 795.00
440.00 813.00
860.00 819.00
1462.00 819.00
1154.00 825.00
1347.00 829.00
780.00 839.00
1599.00 839.00
1685.00 854.00
1090.00 862.00
439.00 866.00
1767.00 866.00
599.00 869.00
1041.00 871.00
1547.00 879.00
1920.00 880.00
776.00 886.00
558.00 889.00
654.00 889.00
1647.00 895.00
1871.00 895.00
735.00 897.00
1277.00 900.00
610.00 917.00
335.00 924.00
1550.00 926.00
2282.00 927.00
1736.00 928.00
1887.00 936.00
445.00 947.00
1679.00 951.00
1800.00 958.00
1151.00 966.00
688.00 973.00
1278.00 973.00
2021.00 980.00
888.00 991.00
1943.00 995.00
645.00 1017.00
687.00 1020.00
1704.00 1038.00
584.00 1045.00
1956.00 1053.00
807.00 1060.00
886.00 1065.00
724.00 1070.00
1636.00 1075.00
1149.00 1083.00
599.00 1093.00
803.00 1105.00
1584.00 1105.00
1681.00 1105.00
845.00 1108.00
2007.00 1111.00
922.00 1112.00
976.00 1116.00
720.00 1152.00
1744.00 1157.00
1837.00 1217.00
1342.00 1221.00
591.00 1229.00
916.00 1240.00
1273.00 1240.00
1622.00 1240.00
2321.00 1263.00
2257.00 1264.00
2206.00 1265.00
1961.00 1267.00
713.00 1268.00
1336.00 1268.00
1840.00 1268.00
1464.00 1269.00
1715.00 1269.00
568.00 1298.00
913.00 1303.00
2326.00 1322.00
2390.00 1323.00
2268.00 1325.00
2087.00 1326.00
2208.00 1326.00
2148.00 1327.00
1963.00 1328.00
2027.00 1328.00
1902.00 1329.00
1464.00 1330.00
1590.00 1330.00
1778.00 1330.00
1841.00 1330.00
1521.00 1331.00
1274.00 1332.00
1396.00 1332.00
1714.00 1333.00
1651.00 1365.00
1904.00 1375.00
1081.00 1376.00
2393.00 1384.00
2332.00 1386.00
2269.00 1387.00
2212.00 1388.00
2152.00 1389.00
2029.00 1390.00
2090.00 1390.00
1271.00 1392.00
1970.00 1392.00
1779.00 1393.00
1845.00 1393.00
1337.00 1395.00
1401.00 1395.00
1524.00 1395.00
1592.00 1395.00
1718.00 1397.00
1970.00 1438.00
2335.00 1448.00
2276.00 1450.00
2215.00 1451.00
2093.00 1452.00
2156.00 1453.00
1846.00 1455.00
1334.00 1457.00
1908.00 1457.00
1270.00 1458.00
1716.00 1458.00
1781.00 1458.00
1592.00 1459.00
1652.00 1459.00
1528.00 1460.00
1462.00 1461.00
2028.00 1489.00
2342.00 1513.00
2220.00 1514.00
2279.00 1514.00
2159.00 1516.00
2095.00 1517.00
1272.00 1518.00
1910.00 1519.00
1968.00 1519.00
1402.00 1521.00
1783.00 1521.00
1336.00 1522.00
1462.00 1522.00
1527.00 1522.00
1651.00 1522.00
1719.00 1522.00
1846.00 1522.00
1593.00 1523.00
483.00 1531.00
1045.00 1534.00
2345.00 1576.00
2223.00 1578.00
2283.00 1578.00
2160.00 1580.00
1972.00 1583.00
2036.00 1583.00
1271.00 1584.00
1848.00 1584.00
1335.00 1585.00
1461.00 1585.00
1912.00 1585.00
1399.00 1586.00
1528.00 1586.00
1782.00 1586.00
1592.00 1587.00
1655.00 1587.00
1717.00 1587.00
2349.00 1641.00
2164.00 1642.00
2228.00 1643.00
2288.00 1643.00
1270.00 1646.00
2038.00 1646.00
2099.00 1646.00
1911.00 1648.00
1975.00 1648.00
1336.00 1649.00
1655.00 1649.00
1783.00 1649.00
1398.00 1650.00
1721.00 1650.00
1846.00 1650.00
1464.00 1651.00
1528.00 1651.00
1589.00 1652.00
2351.00 1705.00
2230.00 1708.00
2288.00 1708.00
2102.00 1710.00
2166.00 1710.00
1335.00 1711.00
1270.00 1712.00
1977.00 1712.00
2043.00 1712.00
1934.00 1713.00
1399.00 1714.00
1463.00 1714.00
1784.00 1714.00
1529.00 1715.00
1722.00 1715.00
1848.00 1715.00
1592.00 1716.00
1658.00 1717.00
2291.00 1754.00
1270.00 1758.00
2043.00 1758.00
1913.00 1759.00
1398.00 1761.00
1657.00 1761.00
1786.00 1761.00
1529.00 1762.00
1166.00 1815.00
