1927.00 65.00
1810.00 155.00
1765.00 158.00
1930.00 166.00
1757.00 206.00
435.00 207.00
1436.00 217.00
1225.00 258.00
1685.00 261.00
403.00 263.00
499.00 264.00
577.00 319.00
1371.00 341.00
1022.00 365.00
1158.00 383.00
1330.00 418.00
518.00 424.00
1823.00 436.00
1928.00 455.00
1699.00 457.00
1657.00 502.00
586.00 508.00
1849.00 524.00
1615.00 527.00
1706.00 556.00
1787.00 576.00
1227.00 624.00
633.00 639.00
703.00 645.00
584.00 652.00
484.00 661.00
1213.00 670.00
429.00 672.00
766.00 682.00
1874.00 696.00
1071.00 706.00
1286.00 722.00
436.00 727.00
1929.00 767.00
431.00 772.00
1292.00 785.00
572.00 789.00
769.00 802.00
1012.00 837.00
1209.00 857.00
1120.00 888.00
1162.00 893.00
1260.00 896.00
1527.00 924.00
1906.00 930.00
705.00 931.00
1718.00 933.00
1005.00 939.00
1325.00 940.00
34.00 941.00
367.00 941.00
1440.00 941.00
1222.00 949.00
1015.00 981.00
1816.00 995.00
696.00 998.00
973.00 1003.00
836.00 1005.00
1015.00 1024.00
1380.00 1029.00
1130.00 1031.00
1174.00 1031.00
1521.00 1071.00
983.00 1079.00
764.00 1094.00
814.00 1096.00
889.00 1098.00
1118.00 1147.00
1805.00 1148.00
1169.00 1152.00
744.00 1154.00
80.00 1158.00
1074.00 1161.00
625.00 1165.00
1440.00 1165.00
786.00 1167.00
1289.00 1184.00
1732.00 1185.00
1673.00 1189.00
1872.00 1213.00
766.00 1217.00
616.00 1227.00
1417.00 1245.00
1634.00 1276.00
1368.00 1291.00
945.00 1307.00
1193.00 1315.00
1074.00 1322.00
814.00 1366.00
1464.00 1471.00
1190.00 1489.00
1545.00 1489.00
1604.00 1506.00
1462.00 1515.00
1129.00 1534.00
894.00 1538.00
834.00 1568.00
1635.00 1568.00
899.00 1584.00
1844.00 1608.00
1184.00 1640.00
966.00 1655.00
1511.00 1662.00
1180.00 1683.00
855.00 1690.00
908.00 1690.00
1256.00 1719.00
1032.00 1727.00
857.00 1734.00
703.00 1736.00
1296.00 1760.00
1462.00 1760.00
1168.00 1773.00
903.00 1775.00
1026.00 1780.00
1605.00 1782.00
854.00 1785.00
1411.00 1820.00
1047.00 1847.00
711.00 1855.00
776.00 1862.00
1606.00 1864.00
1708.00 1882.00
909.00 1885.00
1151.00 1910.00
1709.00 1939.00
1592.00 1971.00
1393.00 2032.00
1008.00 2037.00
