2400.00 297.00
2545.00 344.00
2408.00 358.00
2112.00 364.00
2215.00 367.00
1966.00 405.00
1303.00 447.00
1545.00 479.00
1385.00 495.00
1880.00 504.00
2159.00 506.00
922.00 507.00
964.00 510.00
1321.00 510.00
2431.00 513.00
2042.00 522.00
1617.00 536.00
2272.00 543.00
1746.00 544.00
1130.00 546.00
2230.00 551.00
1974.00 559.00
2575.00 560.00
2438.00 567.00
912.00 573.00
1435.00 573.00
1178.00 580.00
1282.00 581.00
1129.00 594.00
1773.00 599.00
2583.00 608.00
1421.00 614.00
2281.00 619.00
2240.00 628.00
976.00 641.00
2450.00 646.00
1216.00 647.00
1055.00 655.00
1472.00 656.00
1422.00 658.00
1919.00 672.00
1816.00 673.00
1878.00 689.00
985.00 690.00
1142.00 691.00
2095.00 712.00
2250.00 714.00
1631.00 715.00
1101.00 719.00
1006.00 739.00
1261.00 741.00
2296.00 751.00
2575.00 753.00
1362.00 757.00
1072.00 764.00
2506.00 767.00
2255.00 772.00
1122.00 773.00
1559.00 783.00
1403.00 784.00
2217.00 815.00
1885.00 819.00
1222.00 830.00
1295.00 843.00
1697.00 872.00
2322.00 887.00
2481.00 890.00
1257.00 899.00
1606.00 914.00
2178.00 916.00
2270.00 925.00
1367.00 927.00
2076.00 928.00
2482.00 952.00
2171.00 958.00
1006.00 961.00
2115.00 969.00
2300.00 973.00
815.00 980.00
1687.00 991.00
2255.00 999.00
1294.00 1004.00
1729.00 1009.00
1920.00 1047.00
1984.00 1055.00
2182.00 1055.00
2246.00 1056.00
2582.00 1062.00
1851.00 1069.00
2462.00 1074.00
2123.00 1082.00
1706.00 1092.00
2025.00 1097.00
2502.00 1121.00
1921.00 1134.00
2286.00 1135.00
2564.00 1136.00
2334.00 1144.00
1230.00 1162.00
2066.00 1163.00
2190.00 1198.00
1234.00 1203.00
2555.00 1224.00
2276.00 1237.00
2459.00 1256.00
2226.00 1279.00
2277.00 1287.00
2281.00 1337.00
2399.00 1351.00
2106.00 1363.00
2058.00 1391.00
1308.00 1398.00
1933.00 1398.00
2288.00 1435.00
2235.00 1438.00
2146.00 1458.00
1938.00 1564.00
1092.00 1585.00
1881.00 1586.00
1783.00 1640.00
2148.00 1650.00
2309.00 1660.00
2054.00 1671.00
