1260.00 411.00
1675.00 415.00
689.00 448.00
1020.00 460.00
764.00 469.00
2150.00 481.00
1820.00 487.00
1082.00 494.00
1037.00 501.00
1690.00 511.00
759.00 546.00
2211.00 558.00
927.00 560.00
1358.00 570.00
1287.00 578.00
1399.00 582.00
755.00 591.00
1120.00 598.00
1456.00 600.00
1174.00 609.00
1013.00 638.00
593.00 642.00
1072.00 649.00
731.00 662.00
1532.00 670.00
1437.00 678.00
880.00 685.00
1286.00 687.00
934.00 690.00
776.00 696.00
1721.00 717.00
1231.00 720.00
1112.00 727.00
1615.00 730.00
1186.00 734.00
1868.00 745.00
1916.00 755.00
564.00 762.00
1295.00 764.00
1386.00 765.00
919.00 772.00
1436.00 775.00
1649.00 783.00
743.00 786.00
1815.00 787.00
1484.00 789.00
1200.00 799.00
1005.00 801.00
1862.00 821.00
1693.00 822.00
2203.00 823.00
1610.00 825.00
1317.00 830.00
1744.00 833.00
1392.00 841.00
1509.00 841.00
1820.00 841.00
1442.00 847.00
2296.00 850.00
2012.00 855.00
2072.00 860.00
739.00 862.00
1824.00 885.00
1964.00 888.00
2143.00 890.00
1394.00 892.00
1444.00 902.00
2304.00 917.00
741.00 918.00
1914.00 921.00
1636.00 927.00
1968.00 930.00
1852.00 940.00
2289.00 959.00
708.00 969.00
794.00 975.00
2293.00 1000.00
1006.00 1004.00
1056.00 1007.00
1975.00 1014.00
2211.00 1016.00
728.00 1018.00
1847.00 1024.00
855.00 1030.00
619.00 1065.00
785.00 1077.00
900.00 1077.00
680.00 1093.00
2135.00 1102.00
990.00 1127.00
1969.00 1170.00
2011.00 1180.00
1944.00 1283.00
2049.00 1434.00
1851.00 1542.00
2150.00 1556.00
779.00 1558.00
588.00 1645.00
