1639.00 509.00
1748.00 522.00
2293.00 537.00
2454.00 544.00
1847.00 549.00
792.00 555.00
1617.00 566.00
823.00 631.00
2097.00 635.00
2218.00 636.00
1214.00 641.00
872.00 659.00
2160.00 661.00
1036.00 676.00
970.00 694.00
1088.00 704.00
1023.00 720.00
1999.00 720.00
2381.00 747.00
1428.00 753.00
2332.00 754.00
2102.00 768.00
2441.00 781.00
1155.00 794.00
2371.00 817.00
2117.00 823.00
2450.00 832.00
2292.00 840.00
2376.00 859.00
2039.00 872.00
2097.00 874.00
2168.00 884.00
2327.00 927.00
2401.00 927.00
2244.00 935.00
2336.00 969.00
2250.00 976.00
2166.00 1047.00
2351.00 1058.00
2470.00 1094.00
2088.00 1104.00
2368.00 1116.00
2439.00 1140.00
2446.00 1188.00
2325.00 1200.00
2228.00 1214.00
2276.00 1222.00
2383.00 1241.00
2381.00 1427.00
2473.00 1741.00
