1317.00 290.00
1151.00 295.00
1066.00 319.00
1025.00 322.00
1382.00 343.00
1112.00 368.00
1183.00 386.00
1751.00 397.00
1126.00 414.00
1140.00 457.00
1734.00 464.00
1642.00 466.00
455.00 475.00
1076.00 517.00
415.00 534.00
1323.00 542.00
1143.00 548.00
1728.00 559.00
722.00 566.00
1655.00 567.00
2285.00 576.00
1182.00 593.00
1230.00 601.00
1411.00 602.00
903.00 618.00
790.00 622.00
1162.00 636.00
1070.00 638.00
1024.00 639.00
727.00 640.00
1635.00 642.00
665.00 643.00
1325.00 663.00
1213.00 669.00
418.00 693.00
1044.00 697.00
1162.00 697.00
1383.00 700.00
850.00 701.00
659.00 709.00
902.00 720.00
1504.00 736.00
425.00 740.00
1228.00 743.00
1400.00 745.00
1160.00 750.00
1112.00 752.00
1598.00 756.00
688.00 757.00
736.00 757.00
899.00 768.00
1545.00 785.00
1247.00 788.00
1205.00 794.00
895.00 810.00
651.00 815.00
1136.00 815.00
806.00 832.00
570.00 837.00
1248.00 838.00
964.00 853.00
893.00 856.00
624.00 872.00
1133.00 872.00
1025.00 873.00
1219.00 893.00
1354.00 895.00
835.00 902.00
1084.00 903.00
379.00 907.00
334.00 908.00
1231.00 940.00
983.00 943.00
1361.00 949.00
1542.00 958.00
684.00 961.00
529.00 964.00
1294.00 964.00
744.00 989.00
807.00 989.00
638.00 990.00
1012.00 995.00
1466.00 995.00
443.00 1008.00
508.00 1030.00
834.00 1030.00
558.00 1032.00
1263.00 1050.00
1309.00 1050.00
600.00 1054.00
1375.00 1055.00
1522.00 1062.00
946.00 1088.00
954.00 1132.00
919.00 1176.00
1278.00 1182.00
1147.00 1310.00
820.00 1314.00
1005.00 1366.00
939.00 1384.00
1001.00 1418.00
922.00 1483.00
732.00 1492.00
986.00 1492.00
835.00 1522.00
432.00 1628.00
895.00 1639.00
563.00 1654.00
755.00 1660.00
900.00 1711.00
565.00 1714.00
1866.00 1732.00
761.00 1746.00
1811.00 1780.00
1767.00 1784.00
1663.00 1800.00
2198.00 1810.00
602.00 1817.00
1867.00 1841.00
