1505.00 334.00
1458.00 336.00
1638.00 336.00
1748.00 336.00
1955.00 336.00
1586.00 337.00
1823.00 337.00
1864.00 337.00
2008.00 337.00
2059.00 337.00
2110.00 338.00
2161.00 339.00
2212.00 339.00
1245.00 340.00
2263.00 340.00
1693.00 357.00
1456.00 381.00
1404.00 382.00
1358.00 384.00
1158.00 388.00
1013.00 390.00
1061.00 390.00
1110.00 392.00
965.00 396.00
1218.00 397.00
827.00 402.00
1576.00 407.00
1706.00 407.00
557.00 418.00
500.00 431.00
1830.00 431.00
1155.00 438.00
1245.00 438.00
960.00 442.00
2194.00 455.00
679.00 461.00
883.00 468.00
464.00 474.00
2002.00 474.00
1505.00 477.00
1631.00 479.00
1254.00 481.00
545.00 487.00
343.00 506.00
1649.00 524.00
1182.00 525.00
1500.00 537.00
1266.00 540.00
1062.00 544.00
890.00 554.00
333.00 562.00
429.00 571.00
1325.00 574.00
533.00 583.00
1667.00 601.00
322.00 605.00
1915.00 606.00
878.00 607.00
1495.00 619.00
1287.00 636.00
2127.00 639.00
1201.00 647.00
1110.00 648.00
1539.00 650.00
375.00 664.00
1489.00 687.00
1632.00 714.00
1245.00 727.00
2036.00 729.00
1485.00 732.00
693.00 739.00
453.00 761.00
1583.00 767.00
1522.00 774.00
1994.00 774.00
1319.00 782.00
2297.00 784.00
2195.00 796.00
1774.00 797.00
2043.00 797.00
1222.00 800.00
1980.00 841.00
2182.00 842.00
1128.00 862.00
1674.00 862.00
1900.00 869.00
1219.00 886.00
2134.00 889.00
1946.00 890.00
1576.00 907.00
1693.00 926.00
1842.00 927.00
1885.00 927.00
2069.00 930.00
2212.00 933.00
1326.00 934.00
794.00 936.00
1217.00 949.00
725.00 965.00
1117.00 991.00
1596.00 992.00
1668.00 992.00
1740.00 992.00
1849.00 992.00
1220.00 993.00
1902.00 993.00
1955.00 993.00
2009.00 993.00
2097.00 993.00
1002.00 1012.00
883.00 1014.00
2231.00 1028.00
1345.00 1049.00
1676.00 1063.00
1834.00 1077.00
1996.00 1081.00
1920.00 1083.00
2108.00 1083.00
2271.00 1113.00
2012.00 1134.00
1836.00 1153.00
1362.00 1161.00
1500.00 1162.00
2054.00 1165.00
1850.00 1195.00
1950.00 1264.00
1141.00 1326.00
1912.00 1419.00
1157.00 1435.00
2045.00 1436.00
2117.00 1448.00
2207.00 1467.00
1960.00 1489.00
2088.00 1526.00
1133.00 1529.00
1024.00 1546.00
1165.00 1614.00
1020.00 1752.00
