2496.00 392.00
1899.00 418.00
1949.00 422.00
760.00 429.00
960.00 454.00
1087.00 469.00
2054.00 489.00
1737.00 492.00
1227.00 500.00
1818.00 502.00
1895.00 513.00
1968.00 524.00
1128.00 527.00
1559.00 527.00
2037.00 534.00
2128.00 549.00
935.00 559.00
2223.00 559.00
1687.00 572.00
2383.00 573.00
1215.00 581.00
1152.00 584.00
1294.00 584.00
2087.00 584.00
700.00 592.00
1425.00 592.00
799.00 600.00
2318.00 602.00
1848.00 605.00
2272.00 628.00
703.00 639.00
1902.00 642.00
1424.00 648.00
1512.00 654.00
1262.00 687.00
936.00 703.00
1959.00 703.00
799.00 704.00
1806.00 713.00
991.00 728.00
927.00 757.00
783.00 775.00
1192.00 786.00
1970.00 787.00
1117.00 791.00
995.00 795.00
1510.00 798.00
1059.00 799.00
702.00 802.00
656.00 806.00
1757.00 820.00
1394.00 823.00
1249.00 824.00
1193.00 827.00
912.00 831.00
994.00 836.00
1321.00 839.00
572.00 842.00
656.00 848.00
798.00 851.00
844.00 853.00
1577.00 857.00
1039.00 863.00
1674.00 865.00
1762.00 881.00
584.00 960.00
888.00 965.00
1296.00 1000.00
1219.00 1001.00
1544.00 1001.00
632.00 1012.00
1614.00 1019.00
627.00 1054.00
1516.00 1062.00
1283.00 1066.00
1327.00 1070.00
2560.00 1088.00
693.00 1095.00
1633.00 1098.00
861.00 1104.00
1439.00 1104.00
1358.00 1111.00
2239.00 1115.00
1314.00 1137.00
2042.00 1146.00
641.00 1150.00
1359.00 1157.00
1416.00 1212.00
1470.00 1224.00
1736.00 1269.00
818.00 1440.00
743.00 1470.00
831.00 1555.00
1242.00 1601.00
791.00 1613.00
656.00 1638.00
800.00 1655.00
862.00 1655.00
1306.00 1659.00
720.00 1664.00
719.00 1735.00
