2227.00 80.00
891.00 169.00
2215.00 223.00
1718.00 308.00
989.00 383.00
2449.00 394.00
1196.00 395.00
1726.00 424.00
2355.00 429.00
1674.00 436.00
1567.00 437.00
1631.00 437.00
1066.00 447.00
1022.00 452.00
2407.00 455.00
1977.00 474.00
1472.00 496.00
1766.00 508.00
1681.00 530.00
1948.00 541.00
1104.00 544.00
2141.00 563.00
802.00 566.00
2003.00 574.00
1000.00 584.00
1338.00 591.00
1253.00 593.00
1686.00 604.00
1115.00 608.00
1491.00 615.00
1430.00 616.00
1167.00 619.00
2257.00 619.00
1737.00 631.00
2329.00 640.00
1383.00 643.00
865.00 644.00
1112.00 649.00
2271.00 671.00
2088.00 672.00
1599.00 687.00
1740.00 690.00
916.00 707.00
2325.00 708.00
1928.00 710.00
1887.00 714.00
2280.00 714.00
1637.00 749.00
951.00 751.00
1780.00 755.00
2342.00 757.00
1286.00 764.00
1165.00 766.00
1039.00 770.00
2140.00 774.00
1782.00 799.00
2375.00 816.00
907.00 826.00
1088.00 826.00
1218.00 826.00
2181.00 830.00
2297.00 833.00
2128.00 837.00
2249.00 838.00
1305.00 839.00
1785.00 840.00
1601.00 849.00
2390.00 862.00
2448.00 862.00
2341.00 869.00
1123.00 878.00
2246.00 881.00
2133.00 882.00
1218.00 889.00
1322.00 902.00
1418.00 903.00
2580.00 903.00
823.00 906.00
2050.00 909.00
1023.00 925.00
1967.00 927.00
1103.00 935.00
2229.00 937.00
2103.00 939.00
1245.00 946.00
1645.00 954.00
941.00 956.00
2033.00 963.00
1336.00 964.00
1578.00 965.00
1816.00 967.00
2150.00 969.00
2230.00 979.00
2094.00 981.00
1121.00 989.00
1495.00 999.00
2329.00 1001.00
1984.00 1002.00
1389.00 1008.00
1543.00 1009.00
1908.00 1015.00
1166.00 1017.00
896.00 1019.00
1781.00 1019.00
2527.00 1025.00
2169.00 1027.00
1244.00 1037.00
1691.00 1042.00
1834.00 1047.00
2111.00 1051.00
2529.00 1066.00
1908.00 1068.00
2198.00 1069.00
1777.00 1072.00
2311.00 1077.00
1728.00 1083.00
1244.00 1085.00
1324.00 1085.00
1565.00 1092.00
2149.00 1092.00
1608.00 1099.00
1414.00 1105.00
2390.00 1107.00
2340.00 1119.00
1751.00 1125.00
940.00 1158.00
1987.00 1159.00
2151.00 1168.00
1145.00 1170.00
1076.00 1177.00
1840.00 1184.00
1402.00 1185.00
2230.00 1203.00
1757.00 1205.00
2575.00 1220.00
1483.00 1226.00
1973.00 1230.00
1802.00 1233.00
1887.00 1239.00
2183.00 1254.00
1620.00 1258.00
1765.00 1279.00
2037.00 1281.00
1921.00 1288.00
2098.00 1321.00
1756.00 1323.00
2025.00 1324.00
1861.00 1327.00
1711.00 1328.00
1909.00 1329.00
1113.00 1347.00
1806.00 1368.00
1968.00 1374.00
1891.00 1379.00
1226.00 1402.00
976.00 1408.00
787.00 1421.00
856.00 1427.00
1074.00 1427.00
2042.00 1447.00
1883.00 1454.00
801.00 1463.00
970.00 1487.00
2162.00 1487.00
2383.00 1503.00
2008.00 1519.00
1627.00 1526.00
2342.00 1533.00
2102.00 1537.00
1573.00 1567.00
1918.00 1569.00
2263.00 1570.00
1620.00 1576.00
2549.00 1584.00
2168.00 1589.00
2071.00 1592.00
2347.00 1597.00
2390.00 1608.00
2181.00 1631.00
1159.00 1639.00
1622.00 1644.00
1932.00 1644.00
1576.00 1645.00
2127.00 1645.00
2393.00 1654.00
2288.00 1671.00
2200.00 1672.00
1823.00 1677.00
2435.00 1680.00
2517.00 1683.00
2128.00 1686.00
2002.00 1720.00
2134.00 1730.00
2450.00 1734.00
2537.00 1735.00
739.00 1827.00
1510.00 1935.00
