40.00 287.00
202.00 339.00
99.00 357.00
286.00 399.00
40.00 404.00
1326.00 417.00
109.00 418.00
919.00 423.00
1375.00 447.00
276.00 452.00
613.00 456.00
1079.00 464.00
1430.00 472.00
425.00 484.00
775.00 491.00
542.00 495.00
1272.00 519.00
829.00 541.00
1059.00 544.00
883.00 549.00
759.00 551.00
599.00 553.00
1120.00 559.00
1046.00 610.00
1254.00 613.00
1303.00 624.00
1254.00 661.00
1359.00 662.00
1302.00 670.00
1207.00 698.00
1683.00 698.00
1152.00 704.00
1579.00 708.00
58.00 717.00
1731.00 728.00
1385.00 736.00
1690.00 740.00
286.00 745.00
1142.00 746.00
1183.00 752.00
383.00 756.00
1503.00 760.00
482.00 772.00
1255.00 776.00
1302.00 795.00
45.00 798.00
732.00 807.00
1085.00 809.00
275.00 825.00
623.00 826.00
1258.00 829.00
1505.00 834.00
899.00 841.00
1360.00 841.00
163.00 849.00
1079.00 852.00
1629.00 853.00
326.00 855.00
35.00 858.00
1462.00 858.00
104.00 869.00
1272.00 872.00
1124.00 882.00
785.00 887.00
267.00 888.00
1586.00 889.00
494.00 900.00
936.00 911.00
1063.00 911.00
356.00 928.00
627.00 930.00
1337.00 935.00
488.00 941.00
1418.00 953.00
1096.00 961.00
1020.00 965.00
943.00 976.00
1234.00 984.00
254.00 990.00
1066.00 1002.00
1189.00 1012.00
1351.00 1016.00
1107.00 1020.00
1017.00 1021.00
1507.00 1023.00
1297.00 1031.00
1235.00 1032.00
1473.00 1074.00
1016.00 1082.00
1141.00 1086.00
1255.00 1095.00
1297.00 1101.00
848.00 1106.00
41.00 1127.00
1104.00 1130.00
1472.00 1134.00
1216.00 1136.00
479.00 1141.00
1296.00 1142.00
1349.00 1148.00
1003.00 1156.00
79.00 1178.00
879.00 1180.00
1170.00 1188.00
1294.00 1189.00
1239.00 1191.00
1280.00 1230.00
513.00 1240.00
1177.00 1247.00
1337.00 1250.00
456.00 1272.00
1293.00 1277.00
213.00 1283.00
1293.00 1319.00
250.00 1326.00
918.00 1330.00
544.00 1333.00
1168.00 1336.00
39.00 1338.00
207.00 1343.00
1288.00 1370.00
210.00 1423.00
448.00 1426.00
788.00 1431.00
897.00 1432.00
988.00 1432.00
1128.00 1441.00
1191.00 1452.00
1264.00 1472.00
1669.00 1476.00
997.00 1480.00
833.00 1481.00
784.00 1503.00
1091.00 1504.00
1134.00 1520.00
1003.00 1534.00
859.00 1537.00
495.00 1539.00
1089.00 1556.00
692.00 1563.00
946.00 1564.00
762.00 1565.00
69.00 1573.00
849.00 1580.00
136.00 1592.00
1076.00 1606.00
1167.00 1679.00
775.00 1687.00
729.00 1689.00
1208.00 1705.00
