1423.00 154.00
1464.00 201.00
1402.00 221.00
1954.00 223.00
1184.00 315.00
1122.00 339.00
2055.00 349.00
1704.00 351.00
1160.00 384.00
1015.00 392.00
1065.00 395.00
1926.00 431.00
963.00 435.00
1791.00 448.00
2145.00 459.00
1720.00 471.00
1355.00 520.00
2550.00 520.00
1534.00 527.00
2193.00 536.00
1103.00 571.00
911.00 575.00
1406.00 592.00
1365.00 606.00
1512.00 608.00
1317.00 614.00
1929.00 629.00
2007.00 640.00
1737.00 656.00
1313.00 662.00
2292.00 662.00
977.00 667.00
1264.00 689.00
2319.00 703.00
1012.00 708.00
1383.00 716.00
2393.00 733.00
1620.00 737.00
2122.00 741.00
1462.00 745.00
2069.00 746.00
1879.00 747.00
1994.00 760.00
2529.00 764.00
1672.00 765.00
1931.00 778.00
1626.00 800.00
2307.00 806.00
2433.00 807.00
1691.00 815.00
1744.00 824.00
1087.00 842.00
1808.00 842.00
2112.00 843.00
1498.00 844.00
1977.00 845.00
2044.00 847.00
1555.00 849.00
1700.00 856.00
1626.00 859.00
2337.00 862.00
1310.00 870.00
1834.00 891.00
2213.00 892.00
1388.00 895.00
1183.00 896.00
1720.00 906.00
1764.00 910.00
1979.00 913.00
1668.00 917.00
2139.00 928.00
1812.00 932.00
2491.00 934.00
1624.00 937.00
2449.00 937.00
2344.00 952.00
2553.00 953.00
1243.00 960.00
2246.00 961.00
1674.00 963.00
2124.00 979.00
1792.00 980.00
2166.00 980.00
2036.00 983.00
1626.00 994.00
2038.00 1025.00
2377.00 1025.00
1555.00 1051.00
2579.00 1062.00
2150.00 1066.00
2277.00 1079.00
2186.00 1107.00
2116.00 1121.00
1124.00 1145.00
1557.00 1154.00
2083.00 1169.00
2034.00 1170.00
2151.00 1180.00
1584.00 1207.00
2318.00 1207.00
2088.00 1217.00
1941.00 1248.00
1557.00 1258.00
1652.00 1259.00
2119.00 1334.00
1648.00 1367.00
1225.00 1434.00
1548.00 1449.00
1985.00 1455.00
1934.00 1493.00
1985.00 1508.00
1426.00 1521.00
1607.00 1526.00
1668.00 1594.00
1338.00 1627.00
924.00 1742.00
1015.00 1800.00
