223.00 99.00
372.00 198.00
487.00 221.00
197.00 379.00
282.00 416.00
156.00 437.00
526.00 449.00
101.00 470.00
574.00 493.00
1100.00 513.00
87.00 515.00
236.00 522.00
518.00 532.00
339.00 541.00
1401.00 546.00
565.00 547.00
1179.00 576.00
226.00 578.00
327.00 583.00
428.00 592.00
494.00 594.00
173.00 604.00
384.00 608.00
1310.00 609.00
53.00 612.00
1120.00 623.00
117.00 657.00
1402.00 657.00
334.00 669.00
1267.00 679.00
1621.00 687.00
888.00 691.00
1310.00 699.00
1193.00 703.00
1711.00 711.00
543.00 725.00
953.00 728.00
829.00 743.00
1710.00 754.00
1286.00 756.00
376.00 766.00
1167.00 772.00
1087.00 784.00
995.00 800.00
375.00 810.00
69.00 831.00
839.00 852.00
264.00 862.00
550.00 863.00
351.00 868.00
183.00 876.00
415.00 881.00
102.00 882.00
750.00 886.00
1404.00 896.00
259.00 910.00
1516.00 918.00
328.00 923.00
178.00 932.00
1097.00 932.00
1404.00 938.00
924.00 939.00
1699.00 949.00
995.00 953.00
922.00 980.00
484.00 984.00
1164.00 993.00
567.00 996.00
1286.00 999.00
670.00 1006.00
1702.00 1014.00
842.00 1019.00
83.00 1023.00
1093.00 1026.00
1519.00 1032.00
1149.00 1034.00
241.00 1043.00
697.00 1051.00
765.00 1051.00
476.00 1073.00
1286.00 1079.00
1598.00 1080.00
877.00 1087.00
1230.00 1090.00
1459.00 1091.00
705.00 1104.00
64.00 1109.00
1521.00 1113.00
823.00 1116.00
1274.00 1121.00
404.00 1130.00
1124.00 1134.00
592.00 1135.00
1229.00 1136.00
874.00 1150.00
1403.00 1150.00
586.00 1187.00
845.00 1200.00
1279.00 1218.00
1182.00 1222.00
266.00 1229.00
461.00 1258.00
1278.00 1263.00
882.00 1276.00
1268.00 1305.00
1661.00 1307.00
1571.00 1308.00
1224.00 1361.00
1663.00 1394.00
1626.00 1437.00
444.00 1491.00
1254.00 1536.00
1283.00 1577.00
1244.00 1727.00
1301.00 1750.00
1404.00 1754.00
