2032.00 273.00
1541.00 310.00
1586.00 323.00
1425.00 385.00
1729.00 392.00
1226.00 394.00
2432.00 402.00
1226.00 437.00
2131.00 451.00
1429.00 460.00
1660.00 460.00
1223.00 482.00
1430.00 524.00
2036.00 543.00
1223.00 551.00
2155.00 561.00
2284.00 573.00
1431.00 578.00
1672.00 584.00
2029.00 599.00
1431.00 629.00
1222.00 640.00
2335.00 661.00
2048.00 664.00
1370.00 682.00
1218.00 689.00
2050.00 707.00
1432.00 709.00
1861.00 709.00
1222.00 730.00
1076.00 747.00
1668.00 747.00
2486.00 749.00
2408.00 757.00
1127.00 759.00
1911.00 772.00
1200.00 797.00
1405.00 797.00
2453.00 802.00
1347.00 805.00
2039.00 806.00
1079.00 811.00
1975.00 820.00
2562.00 822.00
1527.00 831.00
1474.00 834.00
1707.00 843.00
1588.00 862.00
1219.00 874.00
1370.00 885.00
1684.00 885.00
1174.00 910.00
1978.00 912.00
1444.00 917.00
1251.00 955.00
1875.00 959.00
1146.00 962.00
2032.00 995.00
2325.00 1016.00
1935.00 1022.00
1893.00 1032.00
1664.00 1038.00
1469.00 1052.00
2055.00 1056.00
1845.00 1060.00
2580.00 1063.00
1930.00 1074.00
1744.00 1095.00
1556.00 1104.00
1931.00 1117.00
2081.00 1144.00
1897.00 1170.00
1919.00 1235.00
2193.00 1286.00
2254.00 1289.00
1809.00 1302.00
1999.00 1306.00
1096.00 1528.00
1220.00 1550.00
1793.00 1558.00
1487.00 1671.00
1220.00 1681.00
1533.00 1765.00
1339.00 1766.00
1215.00 1778.00
2088.00 1780.00
1332.00 1807.00
2322.00 1821.00
1699.00 1853.00
2220.00 1866.00
2014.00 1885.00
