1401.00 122.00
216.00 232.00
784.00 278.00
247.00 295.00
447.00 319.00
777.00 350.00
1179.00 384.00
166.00 398.00
884.00 430.00
783.00 432.00
1050.00 446.00
424.00 456.00
68.00 469.00
292.00 470.00
764.00 511.00
355.00 517.00
811.00 519.00
428.00 520.00
761.00 552.00
327.00 560.00
189.00 595.00
418.00 621.00
137.00 624.00
315.00 624.00
356.00 624.00
929.00 667.00
750.00 679.00
386.00 681.00
165.00 689.00
791.00 696.00
60.00 717.00
749.00 728.00
868.00 739.00
805.00 742.00
113.00 764.00
1099.00 784.00
251.00 800.00
1053.00 808.00
871.00 812.00
968.00 814.00
792.00 824.00
296.00 827.00
392.00 845.00
1094.00 875.00
741.00 879.00
979.00 880.00
852.00 890.00
1092.00 950.00
737.00 956.00
274.00 976.00
1092.00 995.00
543.00 1016.00
1080.00 1038.00
925.00 1039.00
592.00 1043.00
1090.00 1091.00
846.00 1103.00
1090.00 1176.00
1277.00 1189.00
1377.00 1200.00
134.00 1206.00
969.00 1222.00
842.00 1226.00
345.00 1248.00
560.00 1279.00
720.00 1290.00
821.00 1303.00
651.00 1313.00
720.00 1338.00
298.00 1352.00
771.00 1360.00
575.00 1385.00
657.00 1392.00
750.00 1408.00
769.00 1454.00
714.00 1456.00
170.00 1495.00
836.00 1520.00
709.00 1530.00
776.00 1630.00
946.00 1657.00
1394.00 1871.00
