351.00 225.00
736.00 254.00
815.00 270.00
477.00 284.00
1062.00 288.00
794.00 319.00
1751.00 343.00
1076.00 345.00
826.00 360.00
469.00 363.00
1553.00 374.00
1020.00 384.00
720.00 390.00
1089.00 395.00
54.00 397.00
1674.00 398.00
1504.00 413.00
974.00 437.00
1057.00 441.00
1183.00 447.00
1107.00 459.00
1574.00 460.00
1440.00 470.00
1732.00 470.00
1796.00 471.00
109.00 489.00
711.00 493.00
1505.00 496.00
239.00 500.00
1103.00 511.00
1023.00 514.00
854.00 527.00
708.00 534.00
1631.00 542.00
432.00 545.00
345.00 551.00
1131.00 553.00
1207.00 559.00
1020.00 563.00
214.00 576.00
776.00 578.00
1698.00 584.00
975.00 586.00
274.00 606.00
315.00 609.00
846.00 624.00
131.00 631.00
1565.00 643.00
974.00 649.00
1044.00 650.00
1883.00 658.00
1162.00 664.00
244.00 668.00
821.00 672.00
1515.00 672.00
363.00 679.00
1119.00 683.00
1736.00 695.00
998.00 699.00
1173.00 705.00
404.00 715.00
1853.00 729.00
326.00 730.00
1770.00 743.00
1001.00 747.00
1116.00 769.00
1564.00 776.00
745.00 788.00
1821.00 806.00
1201.00 807.00
1875.00 808.00
1137.00 811.00
1572.00 823.00
968.00 839.00
1319.00 848.00
761.00 851.00
1849.00 856.00
1209.00 883.00
1134.00 885.00
631.00 887.00
1158.00 926.00
1235.00 927.00
1116.00 945.00
1887.00 947.00
1792.00 954.00
1166.00 973.00
1593.00 986.00
784.00 1031.00
1420.00 1031.00
1529.00 1035.00
1269.00 1053.00
1043.00 1064.00
1880.00 1076.00
1596.00 1088.00
962.00 1105.00
718.00 1112.00
1485.00 1127.00
1805.00 1145.00
1383.00 1153.00
1212.00 1191.00
669.00 1206.00
1827.00 1223.00
1123.00 1240.00
1547.00 1240.00
1210.00 1252.00
1067.00 1271.00
1847.00 1320.00
1601.00 1324.00
1402.00 1448.00
1569.00 1451.00
1591.00 1499.00
1401.00 1502.00
1469.00 1515.00
1558.00 1554.00
1517.00 1590.00
1673.00 1630.00
1482.00 1638.00
1689.00 1720.00
1445.00 1744.00
