1388.00 167.00
2098.00 184.00
1518.00 199.00
2201.00 250.00
1160.00 272.00
2100.00 284.00
1817.00 302.00
938.00 391.00
1704.00 395.00
861.00 408.00
1815.00 416.00
1915.00 431.00
1356.00 464.00
1792.00 472.00
975.00 496.00
1437.00 511.00
1538.00 519.00
1479.00 556.00
1845.00 569.00
2138.00 595.00
1758.00 600.00
1223.00 614.00
2368.00 615.00
930.00 629.00
979.00 633.00
1506.00 637.00
2184.00 638.00
1581.00 685.00
1919.00 742.00
865.00 747.00
1468.00 756.00
1069.00 757.00
1036.00 830.00
1434.00 894.00
1313.00 904.00
1870.00 971.00
1287.00 1018.00
2311.00 1023.00
1057.00 1041.00
2251.00 1048.00
1473.00 1064.00
1286.00 1086.00
1281.00 1250.00
967.00 1361.00
1028.00 1530.00
946.00 1670.00
1272.00 1691.00
2102.00 1735.00
2190.00 1748.00
1268.00 1786.00
1266.00 1897.00
