1488.00 341.00
1321.00 392.00
1263.00 415.00
1362.00 432.00
686.00 438.00
1203.00 448.00
1160.00 452.00
942.00 457.00
1449.00 471.00
1873.00 472.00
815.00 479.00
762.00 480.00
1570.00 491.00
1511.00 494.00
1352.00 495.00
1185.00 496.00
2103.00 499.00
718.00 509.00
999.00 517.00
1727.00 520.00
759.00 532.00
1527.00 541.00
2112.00 546.00
1391.00 551.00
1076.00 599.00
1425.00 603.00
692.00 614.00
935.00 615.00
1290.00 623.00
2232.00 623.00
624.00 639.00
1114.00 640.00
728.00 657.00
1339.00 664.00
970.00 679.00
625.00 682.00
1160.00 695.00
1840.00 701.00
1095.00 703.00
680.00 711.00
1465.00 725.00
1623.00 727.00
1796.00 733.00
967.00 736.00
1751.00 736.00
2118.00 744.00
1372.00 746.00
1561.00 751.00
1456.00 766.00
1047.00 774.00
1243.00 774.00
1519.00 775.00
2207.00 775.00
806.00 781.00
1175.00 797.00
566.00 811.00
1592.00 812.00
525.00 814.00
963.00 814.00
1510.00 824.00
1427.00 827.00
731.00 831.00
835.00 839.00
1143.00 847.00
1235.00 852.00
1583.00 854.00
1322.00 858.00
1807.00 858.00
2039.00 891.00
1949.00 892.00
1863.00 904.00
961.00 906.00
840.00 915.00
1252.00 918.00
524.00 920.00
2177.00 945.00
2119.00 954.00
1896.00 960.00
962.00 993.00
1355.00 994.00
688.00 1005.00
1967.00 1005.00
1307.00 1015.00
1762.00 1016.00
2183.00 1024.00
1827.00 1025.00
515.00 1037.00
2010.00 1047.00
2280.00 1051.00
1758.00 1058.00
1694.00 1060.00
2092.00 1079.00
1103.00 1103.00
1175.00 1109.00
2196.00 1123.00
1024.00 1126.00
835.00 1165.00
1962.00 1167.00
2143.00 1209.00
610.00 1219.00
556.00 1241.00
2084.00 1242.00
969.00 1256.00
1356.00 1279.00
1307.00 1296.00
1791.00 1388.00
1112.00 1506.00
941.00 1521.00
1047.00 1550.00
1152.00 1610.00
