1459.00 96.00
2288.00 139.00
1767.00 140.00
1631.00 145.00
777.00 186.00
1576.00 186.00
1522.00 196.00
1321.00 223.00
1579.00 237.00
2224.00 238.00
1295.00 266.00
1246.00 273.00
1504.00 352.00
1700.00 370.00
1878.00 381.00
1397.00 384.00
1536.00 400.00
2247.00 410.00
1662.00 418.00
856.00 429.00
1708.00 430.00
1859.00 437.00
1322.00 442.00
1593.00 450.00
1900.00 461.00
1244.00 467.00
2343.00 468.00
862.00 470.00
910.00 474.00
1490.00 484.00
2242.00 484.00
1376.00 507.00
2356.00 514.00
1593.00 515.00
1531.00 521.00
778.00 527.00
2239.00 530.00
1707.00 532.00
1245.00 533.00
2183.00 567.00
863.00 570.00
1935.00 570.00
1244.00 578.00
1438.00 580.00
806.00 581.00
1986.00 599.00
1244.00 620.00
2251.00 629.00
1835.00 641.00
978.00 647.00
2208.00 670.00
1039.00 671.00
1769.00 687.00
1947.00 688.00
992.00 695.00
1847.00 713.00
1243.00 720.00
1670.00 722.00
790.00 741.00
1802.00 753.00
2268.00 758.00
1243.00 764.00
1312.00 765.00
1806.00 806.00
1746.00 813.00
2159.00 813.00
2400.00 818.00
1851.00 822.00
1242.00 831.00
2271.00 832.00
1972.00 850.00
822.00 857.00
2410.00 882.00
2130.00 897.00
786.00 942.00
2294.00 979.00
1622.00 1097.00
1919.00 1228.00
2364.00 1294.00
2119.00 1391.00
1927.00 1412.00
1664.00 1423.00
1930.00 1461.00
1665.00 1487.00
1572.00 1504.00
1429.00 1525.00
2209.00 1534.00
1566.00 1545.00
2016.00 1550.00
1347.00 1572.00
2345.00 1598.00
1982.00 1630.00
1916.00 1633.00
2060.00 1633.00
1952.00 1699.00
1824.00 1779.00
1951.00 1837.00
1453.00 1942.00
