976.00 322.00
259.00 383.00
908.00 390.00
682.00 395.00
869.00 431.00
11.00 435.00
815.00 486.00
450.00 499.00
752.00 546.00
570.00 567.00
479.00 575.00
21.00 590.00
686.00 614.00
1271.00 622.00
220.00 645.00
8.00 666.00
634.00 671.00
399.00 676.00
1354.00 679.00
1402.00 679.00
455.00 688.00
522.00 703.00
726.00 708.00
1519.00 708.00
824.00 730.00
1193.00 732.00
440.00 740.00
877.00 745.00
187.00 746.00
931.00 758.00
759.00 763.00
1013.00 778.00
1055.00 779.00
99.00 787.00
155.00 796.00
711.00 798.00
1203.00 799.00
1115.00 803.00
233.00 812.00
1259.00 816.00
913.00 833.00
468.00 839.00
652.00 841.00
330.00 842.00
169.00 848.00
1429.00 853.00
214.00 859.00
1164.00 872.00
1505.00 875.00
814.00 886.00
317.00 888.00
10.00 893.00
570.00 904.00
871.00 908.00
199.00 921.00
1161.00 924.00
14.00 941.00
1559.00 941.00
366.00 945.00
765.00 945.00
955.00 954.00
690.00 955.00
475.00 962.00
1428.00 971.00
1169.00 976.00
886.00 983.00
301.00 992.00
1547.00 992.00
765.00 1001.00
1263.00 1012.00
1047.00 1017.00
1091.00 1017.00
1138.00 1037.00
11.00 1040.00
201.00 1040.00
1551.00 1041.00
384.00 1046.00
1216.00 1048.00
1000.00 1054.00
868.00 1056.00
1409.00 1056.00
99.00 1063.00
566.00 1069.00
1116.00 1082.00
322.00 1093.00
50.00 1095.00
1186.00 1095.00
1259.00 1102.00
389.00 1111.00
691.00 1118.00
102.00 1121.00
976.00 1124.00
1314.00 1141.00
163.00 1142.00
1660.00 1145.00
1027.00 1170.00
344.00 1173.00
919.00 1173.00
1733.00 1173.00
707.00 1174.00
1707.00 1214.00
215.00 1319.00
510.00 1344.00
1660.00 1356.00
69.00 1365.00
1605.00 1385.00
1779.00 1386.00
1551.00 1402.00
9.00 1408.00
1434.00 1439.00
1161.00 1454.00
1577.00 1467.00
1487.00 1483.00
1342.00 1495.00
1705.00 1530.00
1551.00 1542.00
1723.00 1576.00
1536.00 1603.00
