1888.00 39.00
1650.00 46.00
1842.00 62.00
1609.00 70.00
832.00 72.00
1526.00 78.00
1652.00 96.00
1065.00 107.00
797.00 128.00
1750.00 134.00
1655.00 143.00
858.00 152.00
904.00 176.00
1903.00 178.00
1967.00 181.00
1540.00 185.00
1799.00 191.00
1661.00 198.00
313.00 219.00
926.00 241.00
1519.00 248.00
1762.00 268.00
1133.00 271.00
1818.00 295.00
978.00 308.00
847.00 317.00
467.00 319.00
1031.00 324.00
417.00 328.00
1192.00 340.00
1121.00 353.00
1624.00 355.00
855.00 363.00
1672.00 368.00
687.00 372.00
397.00 375.00
1004.00 377.00
524.00 379.00
1056.00 403.00
574.00 414.00
369.00 424.00
980.00 429.00
497.00 439.00
1573.00 444.00
1546.00 500.00
963.00 501.00
350.00 518.00
516.00 530.00
1465.00 539.00
1707.00 552.00
435.00 563.00
1409.00 590.00
445.00 610.00
1395.00 646.00
496.00 719.00
446.00 736.00
482.00 799.00
1494.00 822.00
1124.00 847.00
737.00 867.00
1272.00 878.00
602.00 903.00
1227.00 913.00
1448.00 914.00
1284.00 924.00
1395.00 927.00
955.00 954.00
737.00 973.00
1015.00 1008.00
619.00 1020.00
713.00 1031.00
660.00 1045.00
1335.00 1068.00
553.00 1467.00
583.00 1548.00
624.00 1615.00
924.00 1619.00
1619.00 1711.00
