209.00 264.00
546.00 363.00
1806.00 376.00
908.00 380.00
1447.00 386.00
1272.00 394.00
1320.00 395.00
1406.00 399.00
1557.00 408.00
941.00 421.00
612.00 426.00
882.00 432.00
926.00 462.00
1039.00 471.00
621.00 484.00
1383.00 543.00
1789.00 544.00
1010.00 546.00
1262.00 549.00
1505.00 555.00
1576.00 555.00
388.00 560.00
197.00 561.00
1950.00 578.00
2007.00 585.00
1039.00 602.00
1371.00 617.00
1773.00 622.00
1941.00 627.00
1732.00 645.00
1826.00 646.00
846.00 657.00
1311.00 660.00
1226.00 666.00
1778.00 690.00
248.00 695.00
1510.00 697.00
836.00 706.00
2027.00 706.00
1021.00 733.00
1951.00 736.00
792.00 737.00
1335.00 739.00
1890.00 745.00
1585.00 758.00
1684.00 769.00
1082.00 783.00
1958.00 787.00
1893.00 799.00
1495.00 800.00
826.00 804.00
879.00 804.00
703.00 816.00
1680.00 818.00
556.00 822.00
953.00 846.00
825.00 848.00
1934.00 854.00
1830.00 855.00
902.00 856.00
1730.00 872.00
1881.00 874.00
1538.00 876.00
710.00 879.00
1830.00 904.00
1258.00 906.00
836.00 907.00
2028.00 909.00
1544.00 917.00
702.00 922.00
1019.00 922.00
1067.00 929.00
1156.00 936.00
397.00 938.00
1935.00 950.00
671.00 965.00
752.00 968.00
1758.00 968.00
872.00 971.00
1448.00 973.00
1398.00 974.00
1875.00 975.00
1164.00 987.00
304.00 988.00
453.00 1008.00
747.00 1022.00
692.00 1030.00
1163.00 1046.00
1746.00 1048.00
295.00 1057.00
1212.00 1064.00
621.00 1065.00
1472.00 1069.00
878.00 1071.00
822.00 1078.00
227.00 1080.00
1551.00 1090.00
1291.00 1094.00
1403.00 1096.00
1150.00 1100.00
723.00 1103.00
1239.00 1105.00
1764.00 1105.00
1684.00 1106.00
1284.00 1136.00
566.00 1143.00
929.00 1144.00
342.00 1145.00
1155.00 1153.00
1097.00 1173.00
556.00 1200.00
999.00 1211.00
1269.00 1211.00
1096.00 1214.00
1249.00 1274.00
1282.00 1315.00
671.00 1322.00
1796.00 1325.00
456.00 1542.00
1336.00 1634.00
1429.00 1636.00
1266.00 1647.00
