239.00 168.00
792.00 196.00
748.00 198.00
295.00 217.00
897.00 256.00
1302.00 304.00
1713.00 328.00
1559.00 336.00
892.00 342.00
1320.00 376.00
1103.00 415.00
1445.00 415.00
887.00 418.00
688.00 420.00
1033.00 424.00
298.00 450.00
637.00 451.00
1342.00 455.00
1273.00 471.00
405.00 475.00
879.00 503.00
629.00 512.00
1683.00 512.00
1353.00 523.00
713.00 536.00
983.00 538.00
1342.00 569.00
1495.00 570.00
1199.00 582.00
1712.00 591.00
1671.00 600.00
1820.00 614.00
705.00 616.00
819.00 616.00
1160.00 623.00
487.00 631.00
433.00 636.00
1680.00 649.00
846.00 663.00
1575.00 679.00
1096.00 698.00
1304.00 704.00
1638.00 704.00
1442.00 712.00
697.00 713.00
271.00 714.00
525.00 719.00
1575.00 727.00
1394.00 737.00
462.00 743.00
591.00 746.00
1807.00 752.00
381.00 755.00
862.00 758.00
218.00 763.00
1642.00 775.00
687.00 802.00
1171.00 804.00
554.00 807.00
1216.00 814.00
783.00 815.00
831.00 831.00
630.00 833.00
241.00 835.00
424.00 836.00
356.00 846.00
106.00 847.00
1431.00 848.00
671.00 859.00
180.00 861.00
757.00 867.00
16.00 901.00
112.00 903.00
417.00 903.00
629.00 903.00
1480.00 909.00
220.00 911.00
1213.00 916.00
679.00 917.00
363.00 918.00
746.00 918.00
1637.00 924.00
918.00 934.00
169.00 941.00
542.00 958.00
959.00 958.00
398.00 962.00
241.00 963.00
1073.00 968.00
1683.00 976.00
1437.00 980.00
330.00 986.00
1167.00 992.00
1811.00 996.00
1619.00 1005.00
673.00 1006.00
565.00 1016.00
135.00 1025.00
272.00 1029.00
890.00 1029.00
937.00 1030.00
618.00 1047.00
845.00 1047.00
1252.00 1048.00
670.00 1055.00
743.00 1073.00
1025.00 1081.00
57.00 1084.00
1147.00 1088.00
667.00 1107.00
247.00 1110.00
342.00 1110.00
1286.00 1131.00
1491.00 1131.00
448.00 1140.00
528.00 1140.00
584.00 1140.00
842.00 1141.00
1086.00 1145.00
247.00 1152.00
663.00 1159.00
966.00 1166.00
400.00 1174.00
291.00 1176.00
710.00 1178.00
924.00 1178.00
1230.00 1189.00
485.00 1202.00
549.00 1210.00
590.00 1215.00
973.00 1215.00
1284.00 1218.00
649.00 1222.00
297.00 1239.00
1072.00 1246.00
930.00 1252.00
705.00 1290.00
602.00 1310.00
832.00 1313.00
1200.00 1329.00
496.00 1331.00
929.00 1353.00
1157.00 1360.00
515.00 1377.00
1331.00 1380.00
872.00 1393.00
328.00 1400.00
515.00 1431.00
646.00 1460.00
888.00 1464.00
536.00 1483.00
444.00 1499.00
958.00 1506.00
902.00 1522.00
567.00 1561.00
824.00 1561.00
644.00 1567.00
692.00 1571.00
313.00 1577.00
112.00 1580.00
1346.00 1626.00
393.00 1629.00
495.00 1639.00
1232.00 1648.00
1176.00 1650.00
139.00 1651.00
49.00 1683.00
1487.00 1694.00
1278.00 1727.00
1481.00 1735.00
1199.00 1850.00
