1476.00 200.00
1542.00 241.00
1602.00 256.00
1032.00 265.00
949.00 284.00
1217.00 289.00
1543.00 304.00
1608.00 310.00
1352.00 336.00
1130.00 343.00
1473.00 351.00
2362.00 373.00
1784.00 375.00
1056.00 409.00
2401.00 430.00
1008.00 440.00
1303.00 445.00
1401.00 447.00
1847.00 463.00
1214.00 466.00
672.00 470.00
2404.00 478.00
2049.00 497.00
1007.00 511.00
1435.00 535.00
1957.00 537.00
1278.00 543.00
1157.00 549.00
1718.00 552.00
1916.00 574.00
2121.00 580.00
975.00 586.00
2018.00 593.00
1542.00 607.00
1592.00 613.00
665.00 626.00
2067.00 637.00
1040.00 648.00
1888.00 656.00
1824.00 663.00
1963.00 664.00
730.00 680.00
904.00 680.00
2344.00 681.00
1152.00 696.00
2128.00 713.00
1776.00 720.00
935.00 743.00
1965.00 755.00
863.00 758.00
1858.00 763.00
1367.00 768.00
1794.00 786.00
1602.00 787.00
760.00 791.00
2171.00 792.00
2086.00 800.00
1986.00 807.00
855.00 816.00
1274.00 828.00
1217.00 833.00
1891.00 837.00
1834.00 842.00
2091.00 842.00
967.00 858.00
1316.00 866.00
833.00 870.00
1521.00 874.00
769.00 877.00
1589.00 877.00
2050.00 881.00
1113.00 883.00
669.00 884.00
1383.00 884.00
1431.00 884.00
2096.00 889.00
999.00 899.00
2384.00 916.00
1057.00 918.00
1316.00 929.00
665.00 951.00
1618.00 955.00
1010.00 956.00
2103.00 956.00
590.00 958.00
829.00 958.00
890.00 967.00
1787.00 970.00
2213.00 989.00
1874.00 1001.00
901.00 1019.00
1764.00 1033.00
2039.00 1041.00
2218.00 1052.00
1875.00 1059.00
741.00 1080.00
1501.00 1089.00
915.00 1103.00
1621.00 1110.00
1667.00 1116.00
1387.00 1117.00
811.00 1120.00
1568.00 1129.00
1469.00 1149.00
1415.00 1170.00
2413.00 1186.00
1624.00 1301.00
1509.00 1308.00
1446.00 1404.00
783.00 1553.00
2223.00 1644.00
