1593.00 8.00
852.00 23.00
894.00 29.00
996.00 46.00
961.00 104.00
1721.00 187.00
1814.00 187.00
1831.00 266.00
1032.00 282.00
1908.00 303.00
1867.00 328.00
1975.00 341.00
1910.00 354.00
1423.00 368.00
1488.00 392.00
2094.00 394.00
2106.00 435.00
1978.00 450.00
1274.00 498.00
1473.00 504.00
2001.00 505.00
1177.00 527.00
1826.00 538.00
806.00 552.00
711.00 564.00
1974.00 569.00
1007.00 582.00
1190.00 584.00
1266.00 600.00
1610.00 603.00
1545.00 606.00
715.00 607.00
631.00 612.00
1376.00 612.00
1694.00 614.00
1431.00 622.00
999.00 623.00
1492.00 628.00
2016.00 634.00
1075.00 639.00
1975.00 647.00
499.00 656.00
1639.00 666.00
1220.00 667.00
405.00 668.00
991.00 668.00
1441.00 669.00
1588.00 671.00
1828.00 675.00
1283.00 676.00
649.00 685.00
2063.00 690.00
1138.00 710.00
1866.00 727.00
1761.00 728.00
918.00 729.00
1916.00 729.00
688.00 731.00
1537.00 733.00
842.00 745.00
998.00 759.00
1458.00 761.00
768.00 762.00
584.00 777.00
443.00 784.00
1062.00 791.00
2063.00 792.00
1424.00 802.00
1942.00 807.00
489.00 810.00
1274.00 810.00
1769.00 811.00
703.00 813.00
1360.00 819.00
778.00 820.00
439.00 831.00
1554.00 836.00
584.00 846.00
1957.00 848.00
1400.00 860.00
1284.00 865.00
2000.00 869.00
1891.00 888.00
1776.00 889.00
1686.00 890.00
1641.00 891.00
815.00 895.00
1328.00 898.00
997.00 903.00
938.00 908.00
1369.00 911.00
1485.00 926.00
1823.00 928.00
1042.00 931.00
1721.00 931.00
1627.00 932.00
1586.00 950.00
984.00 951.00
1782.00 953.00
1180.00 956.00
936.00 962.00
528.00 966.00
1532.00 966.00
1482.00 967.00
573.00 968.00
1428.00 973.00
1125.00 984.00
2072.00 987.00
1588.00 994.00
1348.00 1000.00
1288.00 1008.00
1201.00 1016.00
1246.00 1018.00
1148.00 1034.00
1106.00 1037.00
776.00 1049.00
1648.00 1058.00
463.00 1064.00
508.00 1065.00
1376.00 1068.00
1606.00 1084.00
1158.00 1095.00
463.00 1106.00
1727.00 1156.00
645.00 1159.00
689.00 1164.00
1127.00 1186.00
967.00 1207.00
1073.00 1374.00
1143.00 1376.00
1427.00 1377.00
1747.00 1446.00
1874.00 1483.00
1070.00 1488.00
1266.00 1489.00
955.00 1494.00
1309.00 1506.00
907.00 1538.00
816.00 1558.00
1086.00 1559.00
997.00 1561.00
2136.00 1589.00
1045.00 1824.00
1086.00 1885.00
