277.00 173.00
41.00 222.00
1604.00 226.00
338.00 228.00
527.00 258.00
96.00 271.00
51.00 310.00
873.00 363.00
1570.00 368.00
303.00 386.00
1075.00 422.00
1309.00 448.00
1357.00 462.00
1260.00 482.00
1309.00 492.00
1011.00 559.00
324.00 571.00
234.00 588.00
71.00 599.00
119.00 600.00
193.00 606.00
1007.00 608.00
281.00 613.00
449.00 618.00
465.00 660.00
513.00 672.00
887.00 679.00
624.00 681.00
1140.00 681.00
1388.00 685.00
553.00 745.00
630.00 745.00
109.00 752.00
155.00 754.00
1499.00 755.00
290.00 768.00
940.00 778.00
637.00 800.00
540.00 810.00
12.00 817.00
593.00 817.00
678.00 832.00
986.00 843.00
93.00 849.00
169.00 854.00
33.00 860.00
327.00 876.00
738.00 881.00
257.00 884.00
186.00 907.00
628.00 923.00
28.00 943.00
1389.00 958.00
543.00 960.00
387.00 962.00
159.00 965.00
1418.00 1006.00
465.00 1008.00
688.00 1047.00
992.00 1056.00
1244.00 1083.00
663.00 1088.00
1345.00 1127.00
1392.00 1135.00
1452.00 1151.00
522.00 1539.00
478.00 1571.00
33.00 1686.00
328.00 1845.00
