2280.00 229.00
2545.00 232.00
1808.00 248.00
1600.00 304.00
2366.00 310.00
2456.00 317.00
2533.00 342.00
1960.00 343.00
2191.00 348.00
1503.00 352.00
1804.00 359.00
2304.00 370.00
1558.00 392.00
2526.00 399.00
1281.00 400.00
1234.00 423.00
1865.00 430.00
994.00 444.00
2339.00 447.00
1319.00 448.00
792.00 455.00
1868.00 475.00
1439.00 480.00
1396.00 486.00
2305.00 489.00
2084.00 493.00
1656.00 495.00
1563.00 496.00
1031.00 512.00
1170.00 519.00
1743.00 529.00
1091.00 535.00
2090.00 541.00
1512.00 543.00
2334.00 543.00
1288.00 552.00
941.00 559.00
1600.00 569.00
1821.00 575.00
807.00 576.00
856.00 576.00
1089.00 578.00
2094.00 589.00
1010.00 592.00
1279.00 596.00
2034.00 612.00
1703.00 618.00
1551.00 623.00
1985.00 623.00
1119.00 624.00
705.00 639.00
1479.00 639.00
2411.00 642.00
2514.00 643.00
1797.00 665.00
1756.00 666.00
2073.00 666.00
1464.00 680.00
1409.00 687.00
1297.00 696.00
814.00 703.00
1344.00 703.00
1608.00 703.00
1097.00 707.00
1223.00 711.00
1511.00 711.00
2006.00 711.00
1917.00 715.00
1148.00 718.00
928.00 719.00
2185.00 723.00
1748.00 729.00
1271.00 743.00
1441.00 744.00
1855.00 760.00
1947.00 761.00
1190.00 769.00
2228.00 771.00
1728.00 772.00
2096.00 772.00
2425.00 774.00
951.00 775.00
1509.00 796.00
1595.00 797.00
1286.00 799.00
1417.00 799.00
1338.00 801.00
892.00 804.00
2172.00 805.00
815.00 818.00
2017.00 825.00
1015.00 826.00
1808.00 827.00
943.00 832.00
1928.00 839.00
1709.00 844.00
2076.00 855.00
1440.00 862.00
1611.00 862.00
1520.00 863.00
1355.00 864.00
804.00 875.00
1823.00 875.00
1208.00 885.00
883.00 891.00
1643.00 903.00
1712.00 903.00
1420.00 904.00
1274.00 905.00
2079.00 907.00
1016.00 926.00
1346.00 934.00
1495.00 935.00
1569.00 935.00
1205.00 939.00
1258.00 948.00
824.00 951.00
2083.00 951.00
1067.00 952.00
1739.00 952.00
932.00 953.00
1644.00 957.00
2026.00 963.00
1022.00 968.00
2431.00 968.00
2251.00 971.00
2344.00 974.00
1599.00 992.00
1755.00 995.00
1104.00 998.00
938.00 1009.00
1018.00 1035.00
2366.00 1046.00
1272.00 1053.00
1496.00 1054.00
2227.00 1063.00
1144.00 1067.00
1194.00 1068.00
844.00 1078.00
1006.00 1081.00
1345.00 1081.00
1304.00 1095.00
2355.00 1096.00
1098.00 1121.00
1202.00 1121.00
916.00 1131.00
1038.00 1145.00
1201.00 1169.00
1200.00 1216.00
1142.00 1228.00
2142.00 1228.00
2446.00 1277.00
2523.00 1288.00
1896.00 1346.00
1179.00 1362.00
1712.00 1499.00
1669.00 1510.00
1542.00 1692.00
1230.00 1708.00
1553.00 1734.00
1108.00 1758.00
1444.00 1770.00
1288.00 1777.00
1369.00 1811.00
1680.00 1836.00
