1309.00 37.00
995.00 55.00
577.00 91.00
680.00 101.00
975.00 157.00
1185.00 184.00
1493.00 238.00
786.00 239.00
1579.00 246.00
450.00 371.00
1584.00 383.00
908.00 386.00
1385.00 411.00
2169.00 443.00
1888.00 448.00
1325.00 461.00
348.00 503.00
2112.00 506.00
546.00 507.00
91.00 523.00
2008.00 524.00
401.00 540.00
336.00 547.00
542.00 549.00
2080.00 551.00
2182.00 561.00
2013.00 565.00
759.00 582.00
434.00 585.00
2087.00 609.00
440.00 626.00
289.00 639.00
544.00 650.00
1296.00 654.00
1616.00 655.00
782.00 658.00
1416.00 659.00
1520.00 665.00
1366.00 672.00
2094.00 677.00
2136.00 679.00
2190.00 684.00
1233.00 689.00
1889.00 690.00
1953.00 696.00
946.00 707.00
2018.00 727.00
2166.00 740.00
1957.00 744.00
1688.00 758.00
698.00 779.00
1525.00 781.00
2176.00 791.00
767.00 794.00
1447.00 801.00
2106.00 807.00
1207.00 816.00
1122.00 823.00
1962.00 823.00
2063.00 831.00
1578.00 833.00
2175.00 839.00
1692.00 849.00
2110.00 855.00
1891.00 860.00
607.00 861.00
1966.00 864.00
1735.00 865.00
2145.00 898.00
1280.00 900.00
1475.00 900.00
1155.00 1002.00
1884.00 1004.00
1303.00 1005.00
2194.00 1013.00
1843.00 1040.00
1360.00 1071.00
1891.00 1079.00
2128.00 1081.00
1847.00 1083.00
1457.00 1100.00
1529.00 1156.00
1887.00 1166.00
1311.00 1168.00
2072.00 1176.00
1400.00 1212.00
2137.00 1224.00
2000.00 1239.00
1943.00 1334.00
1949.00 1383.00
1961.00 1454.00
1927.00 1528.00
1543.00 1706.00
