1322.00 394.00
1030.00 402.00
1445.00 413.00
500.00 417.00
448.00 423.00
838.00 446.00
401.00 456.00
1375.00 458.00
1497.00 470.00
548.00 471.00
895.00 479.00
939.00 480.00
997.00 482.00
1369.00 506.00
687.00 509.00
879.00 522.00
944.00 525.00
296.00 533.00
1465.00 536.00
1049.00 553.00
1390.00 555.00
1151.00 569.00
504.00 571.00
1281.00 583.00
401.00 584.00
932.00 584.00
271.00 590.00
551.00 590.00
752.00 594.00
1056.00 598.00
1342.00 599.00
626.00 614.00
479.00 615.00
986.00 616.00
1188.00 622.00
398.00 627.00
1508.00 630.00
279.00 641.00
708.00 645.00
503.00 656.00
833.00 657.00
929.00 662.00
1086.00 665.00
344.00 681.00
1268.00 688.00
1375.00 689.00
1508.00 690.00
1044.00 691.00
256.00 692.00
561.00 697.00
518.00 702.00
697.00 713.00
407.00 720.00
629.00 720.00
467.00 731.00
1139.00 738.00
312.00 745.00
1381.00 748.00
531.00 750.00
1249.00 750.00
1554.00 750.00
1054.00 753.00
357.00 760.00
1182.00 760.00
423.00 761.00
725.00 765.00
263.00 770.00
890.00 784.00
970.00 789.00
811.00 799.00
417.00 804.00
256.00 826.00
1617.00 826.00
1023.00 828.00
1207.00 829.00
526.00 830.00
954.00 838.00
747.00 851.00
678.00 853.00
368.00 864.00
1208.00 871.00
433.00 872.00
1505.00 875.00
272.00 880.00
1273.00 880.00
320.00 881.00
991.00 886.00
904.00 891.00
1330.00 898.00
549.00 900.00
1136.00 902.00
486.00 905.00
384.00 915.00
654.00 922.00
293.00 924.00
1050.00 931.00
445.00 938.00
1622.00 952.00
1117.00 960.00
260.00 977.00
1166.00 977.00
399.00 984.00
440.00 992.00
1116.00 1029.00
1164.00 1041.00
1600.00 1042.00
1365.00 1044.00
1205.00 1056.00
1115.00 1071.00
1061.00 1077.00
1769.00 1080.00
1462.00 1083.00
1345.00 1090.00
1270.00 1102.00
1392.00 1102.00
1163.00 1103.00
1628.00 1117.00
1088.00 1121.00
1501.00 1126.00
1448.00 1129.00
1009.00 1131.00
1406.00 1163.00
424.00 1165.00
1048.00 1174.00
1007.00 1176.00
1264.00 1242.00
1109.00 1250.00
1721.00 1257.00
1283.00 1284.00
1634.00 1317.00
661.00 1334.00
1573.00 1342.00
1174.00 1362.00
1642.00 1685.00
1442.00 1843.00
