2239.00 407.00
2135.00 412.00
2081.00 424.00
2188.00 424.00
1952.00 454.00
2099.00 465.00
1866.00 470.00
2057.00 471.00
1585.00 472.00
2300.00 475.00
2222.00 492.00
1236.00 495.00
2376.00 502.00
2117.00 508.00
1871.00 520.00
2427.00 541.00
2349.00 551.00
1451.00 567.00
1219.00 569.00
1600.00 578.00
2232.00 578.00
2153.00 594.00
911.00 595.00
1312.00 606.00
1456.00 608.00
2071.00 608.00
2235.00 620.00
1252.00 639.00
1636.00 640.00
1973.00 646.00
1856.00 647.00
930.00 651.00
1690.00 653.00
1347.00 664.00
1082.00 665.00
2245.00 681.00
1928.00 682.00
1254.00 691.00
2165.00 694.00
2485.00 695.00
1673.00 709.00
2082.00 713.00
2242.00 723.00
1254.00 737.00
1295.00 737.00
1802.00 743.00
1538.00 750.00
1984.00 775.00
1366.00 783.00
1595.00 794.00
904.00 804.00
2261.00 806.00
1839.00 808.00
2361.00 815.00
2178.00 817.00
1640.00 829.00
1066.00 830.00
1775.00 840.00
968.00 847.00
2267.00 860.00
1436.00 868.00
963.00 889.00
1360.00 898.00
2100.00 902.00
1647.00 904.00
2406.00 907.00
1208.00 921.00
1129.00 942.00
2100.00 964.00
971.00 965.00
1030.00 965.00
2182.00 971.00
1164.00 984.00
1116.00 990.00
1809.00 992.00
1714.00 1014.00
2115.00 1017.00
1570.00 1024.00
930.00 1075.00
2251.00 1144.00
2407.00 1207.00
1985.00 1225.00
1416.00 1473.00
2455.00 1498.00
1722.00 1539.00
991.00 1552.00
1259.00 1639.00
1029.00 1647.00
1413.00 1680.00
1527.00 1706.00
2183.00 1719.00
