998.00 14.00
1074.00 53.00
1353.00 64.00
548.00 77.00
1807.00 82.00
1774.00 163.00
645.00 251.00
457.00 265.00
549.00 288.00
1185.00 396.00
2106.00 440.00
2065.00 443.00
2281.00 534.00
2085.00 546.00
2041.00 590.00
349.00 607.00
349.00 719.00
2059.00 748.00
2105.00 756.00
2026.00 789.00
160.00 822.00
2203.00 840.00
1943.00 903.00
2075.00 919.00
2128.00 923.00
2171.00 980.00
350.00 982.00
1996.00 1059.00
2265.00 1063.00
2217.00 1070.00
471.00 1078.00
2068.00 1086.00
1975.00 1107.00
2271.00 1143.00
2204.00 1155.00
1980.00 1160.00
2081.00 1183.00
2276.00 1211.00
494.00 1214.00
2228.00 1220.00
1966.00 1267.00
2173.00 1281.00
2139.00 1448.00
894.00 1466.00
787.00 1487.00
2173.00 1499.00
2032.00 1517.00
886.00 1532.00
962.00 1533.00
2223.00 1552.00
2133.00 1554.00
762.00 1555.00
2062.00 1569.00
852.00 1574.00
917.00 1591.00
2053.00 1616.00
795.00 1624.00
2121.00 1631.00
2167.00 1639.00
1989.00 1643.00
2457.00 1669.00
916.00 1704.00
2176.00 1741.00
614.00 1759.00
2265.00 1765.00
697.00 1768.00
1933.00 1830.00
2244.00 1831.00
2472.00 1835.00
1182.00 1953.00
2090.00 2013.00
2134.00 2014.00
2439.00 2029.00
2178.00 2038.00
