565.00 161.00
743.00 191.00
370.00 213.00
1223.00 236.00
683.00 237.00
965.00 273.00
1449.00 288.00
640.00 312.00
959.00 319.00
1615.00 320.00
731.00 321.00
1571.00 332.00
1495.00 351.00
1336.00 360.00
1612.00 363.00
1664.00 381.00
760.00 383.00
615.00 400.00
1142.00 407.00
713.00 423.00
1083.00 427.00
1470.00 431.00
1417.00 446.00
507.00 455.00
952.00 464.00
1003.00 474.00
1536.00 496.00
1493.00 497.00
440.00 499.00
280.00 507.00
704.00 507.00
1441.00 515.00
943.00 518.00
1727.00 518.00
230.00 527.00
129.00 544.00
1600.00 546.00
1312.00 547.00
1802.00 552.00
358.00 572.00
1227.00 573.00
400.00 579.00
1174.00 587.00
1568.00 589.00
289.00 592.00
1341.00 608.00
1808.00 611.00
704.00 615.00
1215.00 631.00
1393.00 634.00
1711.00 634.00
1552.00 645.00
247.00 659.00
1660.00 666.00
671.00 698.00
948.00 703.00
516.00 715.00
1311.00 759.00
201.00 760.00
628.00 782.00
1594.00 791.00
1175.00 823.00
691.00 834.00
1524.00 840.00
1481.00 844.00
1362.00 858.00
295.00 861.00
1413.00 886.00
1286.00 890.00
1147.00 895.00
735.00 904.00
1007.00 912.00
273.00 923.00
592.00 926.00
921.00 928.00
1399.00 930.00
72.00 936.00
1214.00 954.00
1272.00 958.00
853.00 964.00
1100.00 972.00
1007.00 973.00
1145.00 974.00
906.00 993.00
314.00 996.00
728.00 1013.00
1214.00 1028.00
1379.00 1040.00
168.00 1043.00
972.00 1052.00
1066.00 1052.00
1422.00 1069.00
1379.00 1114.00
1423.00 1114.00
1186.00 1129.00
703.00 1140.00
193.00 1143.00
1329.00 1183.00
191.00 1184.00
248.00 1187.00
335.00 1193.00
1370.00 1203.00
746.00 1252.00
1356.00 1259.00
238.00 1323.00
1364.00 1409.00
511.00 1473.00
73.00 1480.00
631.00 1511.00
