1535.00 392.00
1774.00 394.00
296.00 400.00
207.00 407.00
847.00 415.00
1462.00 417.00
914.00 426.00
467.00 457.00
1229.00 457.00
1281.00 458.00
1382.00 462.00
1160.00 463.00
216.00 464.00
351.00 467.00
1440.00 467.00
1639.00 468.00
399.00 474.00
152.00 475.00
1056.00 475.00
508.00 477.00
1792.00 488.00
298.00 492.00
1360.00 504.00
1483.00 504.00
1231.00 511.00
438.00 525.00
228.00 526.00
1303.00 530.00
617.00 534.00
1559.00 535.00
1169.00 551.00
1052.00 557.00
1504.00 558.00
1246.00 563.00
149.00 564.00
317.00 568.00
238.00 578.00
458.00 581.00
715.00 584.00
1300.00 590.00
628.00 599.00
159.00 613.00
499.00 616.00
255.00 623.00
440.00 624.00
1218.00 624.00
1049.00 626.00
1109.00 631.00
1267.00 632.00
1959.00 635.00
1151.00 639.00
1560.00 640.00
1624.00 645.00
855.00 656.00
1884.00 662.00
549.00 665.00
1195.00 671.00
206.00 675.00
1371.00 676.00
1144.00 681.00
931.00 694.00
637.00 696.00
1676.00 696.00
815.00 709.00
1273.00 712.00
976.00 718.00
1157.00 726.00
1507.00 729.00
1424.00 735.00
1018.00 739.00
908.00 743.00
655.00 751.00
740.00 764.00
1744.00 774.00
170.00 783.00
1656.00 783.00
1879.00 783.00
393.00 791.00
1263.00 791.00
606.00 798.00
650.00 798.00
785.00 799.00
278.00 822.00
1655.00 824.00
512.00 829.00
199.00 830.00
471.00 835.00
870.00 836.00
734.00 849.00
99.00 861.00
376.00 862.00
271.00 863.00
642.00 872.00
598.00 873.00
507.00 880.00
466.00 887.00
1597.00 887.00
730.00 898.00
1935.00 912.00
431.00 932.00
627.00 932.00
1750.00 944.00
680.00 947.00
269.00 955.00
1956.00 968.00
198.00 970.00
1901.00 972.00
631.00 982.00
546.00 992.00
454.00 993.00
718.00 1003.00
505.00 1004.00
769.00 1014.00
377.00 1015.00
583.00 1035.00
298.00 1050.00
498.00 1055.00
597.00 1078.00
1753.00 1078.00
399.00 1093.00
331.00 1108.00
287.00 1124.00
160.00 1133.00
1668.00 1134.00
1574.00 1140.00
1462.00 1147.00
620.00 1189.00
1575.00 1191.00
438.00 1214.00
689.00 1240.00
1831.00 1252.00
1504.00 1285.00
521.00 1286.00
606.00 1362.00
338.00 1369.00
548.00 1409.00
1794.00 1410.00
792.00 1411.00
175.00 1412.00
421.00 1415.00
1858.00 1438.00
600.00 1445.00
1464.00 1453.00
1815.00 1476.00
1416.00 1502.00
1485.00 1504.00
1677.00 1511.00
656.00 1536.00
559.00 1543.00
1864.00 1605.00
1439.00 1630.00
1541.00 1640.00
1797.00 1647.00
328.00 1726.00
