1544.00 301.00
1318.00 305.00
2332.00 326.00
1788.00 337.00
1670.00 340.00
2122.00 359.00
918.00 373.00
2425.00 374.00
1128.00 376.00
1235.00 376.00
807.00 396.00
1616.00 397.00
1807.00 398.00
721.00 403.00
1946.00 404.00
1659.00 410.00
764.00 413.00
1747.00 414.00
2131.00 430.00
831.00 437.00
1495.00 441.00
721.00 452.00
787.00 462.00
940.00 471.00
899.00 501.00
1990.00 502.00
1171.00 511.00
1216.00 514.00
1107.00 539.00
1276.00 541.00
2356.00 571.00
2060.00 575.00
1843.00 577.00
712.00 591.00
2300.00 598.00
2133.00 600.00
1388.00 601.00
1197.00 618.00
1086.00 626.00
1469.00 629.00
1926.00 635.00
1714.00 638.00
2149.00 645.00
2288.00 653.00
1555.00 681.00
2193.00 683.00
883.00 685.00
2087.00 718.00
573.00 724.00
2220.00 724.00
2360.00 724.00
882.00 733.00
662.00 735.00
2174.00 739.00
1823.00 744.00
2018.00 745.00
2098.00 768.00
1692.00 771.00
1424.00 786.00
1848.00 786.00
960.00 792.00
2305.00 803.00
2353.00 815.00
2042.00 816.00
2196.00 824.00
2362.00 857.00
2125.00 860.00
2297.00 862.00
2249.00 867.00
2007.00 874.00
1826.00 876.00
2052.00 883.00
2203.00 898.00
2367.00 903.00
2161.00 911.00
1852.00 917.00
1912.00 917.00
2082.00 928.00
2244.00 929.00
1983.00 952.00
2147.00 953.00
2280.00 1116.00
2100.00 1208.00
2238.00 1335.00
2091.00 1362.00
1795.00 1720.00
1713.00 1749.00
1309.00 1818.00
