1415.00 248.00
591.00 253.00
657.00 267.00
1456.00 272.00
1650.00 272.00
1609.00 307.00
748.00 324.00
861.00 351.00
1415.00 352.00
292.00 376.00
333.00 379.00
430.00 398.00
236.00 409.00
43.00 416.00
1495.00 419.00
146.00 459.00
849.00 463.00
1681.00 465.00
1742.00 479.00
277.00 480.00
1567.00 485.00
1489.00 494.00
1853.00 510.00
1701.00 511.00
431.00 540.00
1080.00 577.00
1893.00 588.00
1182.00 595.00
1777.00 627.00
1503.00 628.00
981.00 642.00
1961.00 646.00
1920.00 667.00
52.00 673.00
1391.00 679.00
2104.00 684.00
1965.00 687.00
1618.00 689.00
1176.00 713.00
594.00 715.00
432.00 718.00
979.00 720.00
538.00 731.00
141.00 747.00
711.00 750.00
898.00 751.00
1828.00 761.00
1971.00 762.00
1289.00 763.00
1561.00 799.00
45.00 818.00
1167.00 820.00
1950.00 823.00
100.00 824.00
976.00 833.00
1560.00 842.00
1895.00 852.00
888.00 855.00
691.00 856.00
1449.00 870.00
1678.00 887.00
1177.00 888.00
118.00 897.00
1258.00 905.00
308.00 937.00
1094.00 939.00
1458.00 939.00
1806.00 961.00
1902.00 962.00
1724.00 964.00
517.00 975.00
405.00 980.00
1949.00 980.00
48.00 982.00
1273.00 985.00
1398.00 994.00
307.00 1002.00
1863.00 1003.00
576.00 1008.00
1357.00 1010.00
153.00 1012.00
1577.00 1014.00
1449.00 1020.00
1921.00 1028.00
1002.00 1039.00
1650.00 1042.00
1698.00 1049.00
1399.00 1053.00
1452.00 1062.00
112.00 1097.00
1828.00 1107.00
1454.00 1119.00
393.00 1121.00
1672.00 1128.00
1908.00 1128.00
987.00 1132.00
1840.00 1159.00
845.00 1161.00
139.00 1166.00
1234.00 1208.00
39.00 1213.00
1493.00 1217.00
1455.00 1295.00
180.00 1324.00
1456.00 1350.00
8.00 1364.00
191.00 1415.00
250.00 1415.00
312.00 1417.00
361.00 1417.00
8.00 1418.00
358.00 1468.00
311.00 1469.00
193.00 1471.00
254.00 1471.00
59.00 1472.00
304.00 1522.00
244.00 1523.00
640.00 1541.00
304.00 1577.00
245.00 1579.00
52.00 1586.00
238.00 1632.00
169.00 1636.00
790.00 1668.00
888.00 1673.00
351.00 1763.00
792.00 1817.00
660.00 1826.00
