765.00 325.00
923.00 336.00
845.00 353.00
979.00 354.00
708.00 375.00
524.00 378.00
1516.00 390.00
885.00 403.00
1899.00 412.00
665.00 424.00
261.00 443.00
503.00 446.00
553.00 461.00
1641.00 462.00
834.00 464.00
1882.00 467.00
1596.00 481.00
651.00 486.00
260.00 489.00
1299.00 491.00
790.00 506.00
923.00 506.00
1554.00 527.00
2097.00 529.00
297.00 530.00
1238.00 535.00
1683.00 568.00
527.00 571.00
779.00 572.00
417.00 576.00
1180.00 577.00
706.00 584.00
624.00 588.00
1935.00 591.00
1446.00 607.00
364.00 612.00
577.00 612.00
428.00 642.00
1890.00 647.00
1113.00 656.00
1504.00 660.00
591.00 662.00
1252.00 671.00
311.00 673.00
750.00 675.00
645.00 684.00
686.00 696.00
800.00 702.00
597.00 711.00
349.00 715.00
1320.00 721.00
1129.00 725.00
749.00 726.00
841.00 730.00
1411.00 734.00
1930.00 740.00
2127.00 744.00
791.00 746.00
1063.00 773.00
2048.00 779.00
1519.00 783.00
288.00 784.00
521.00 790.00
580.00 795.00
840.00 808.00
1943.00 813.00
1091.00 823.00
733.00 843.00
1020.00 858.00
336.00 859.00
444.00 864.00
569.00 867.00
685.00 879.00
495.00 893.00
788.00 897.00
1099.00 897.00
945.00 903.00
431.00 911.00
1979.00 946.00
460.00 957.00
515.00 963.00
866.00 969.00
605.00 973.00
656.00 977.00
962.00 982.00
723.00 985.00
1085.00 999.00
659.00 1018.00
847.00 1054.00
938.00 1063.00
762.00 1079.00
731.00 1352.00
323.00 1561.00
494.00 1613.00
609.00 1682.00
