807.00 287.00
855.00 296.00
59.00 297.00
870.00 355.00
1445.00 376.00
836.00 404.00
1831.00 407.00
187.00 411.00
879.00 415.00
1983.00 432.00
1176.00 439.00
1055.00 456.00
1433.00 473.00
1890.00 477.00
1539.00 481.00
863.00 488.00
815.00 496.00
959.00 503.00
264.00 508.00
216.00 527.00
1074.00 532.00
1478.00 533.00
350.00 551.00
886.00 560.00
1825.00 575.00
1780.00 581.00
806.00 584.00
1710.00 586.00
88.00 591.00
1535.00 593.00
384.00 634.00
661.00 657.00
423.00 700.00
469.00 741.00
1360.00 777.00
519.00 798.00
1966.00 906.00
494.00 978.00
308.00 992.00
312.00 1111.00
588.00 1277.00
