522.00 48.00
295.00 92.00
281.00 215.00
460.00 383.00
1384.00 396.00
452.00 442.00
1132.00 458.00
395.00 503.00
504.00 593.00
839.00 602.00
943.00 626.00
398.00 687.00
229.00 750.00
134.00 781.00
496.00 794.00
1393.00 812.00
432.00 846.00
1124.00 848.00
698.00 870.00
551.00 886.00
120.00 905.00
1183.00 911.00
1432.00 941.00
1184.00 957.00
325.00 969.00
460.00 974.00
394.00 982.00
1176.00 1005.00
1615.00 1011.00
1356.00 1031.00
335.00 1035.00
43.00 1041.00
1175.00 1048.00
1122.00 1061.00
1536.00 1080.00
373.00 1082.00
49.00 1099.00
1239.00 1119.00
309.00 1140.00
1122.00 1143.00
45.00 1144.00
380.00 1148.00
1538.00 1152.00
1673.00 1176.00
479.00 1191.00
809.00 1215.00
399.00 1232.00
871.00 1232.00
1672.00 1239.00
1191.00 1312.00
1583.00 1315.00
1380.00 1336.00
263.00 1359.00
389.00 1368.00
1239.00 1375.00
567.00 1382.00
439.00 1431.00
453.00 1472.00
1119.00 1492.00
382.00 1528.00
534.00 1576.00
578.00 1663.00
719.00 1671.00
447.00 1703.00
129.00 1820.00
251.00 1879.00
488.00 1899.00
560.00 1915.00
1021.00 1937.00
106.00 2039.00
