1480.00 311.00
1598.00 351.00
1656.00 363.00
1534.00 366.00
1679.00 422.00
1768.00 463.00
1044.00 547.00
1584.00 558.00
1528.00 567.00
2091.00 574.00
2213.00 590.00
1424.00 599.00
1814.00 625.00
1605.00 639.00
1746.00 656.00
1475.00 682.00
1367.00 719.00
1572.00 720.00
1499.00 725.00
1631.00 727.00
1744.00 727.00
1458.00 728.00
742.00 733.00
1887.00 736.00
799.00 738.00
2137.00 748.00
1413.00 750.00
2179.00 769.00
2088.00 770.00
415.00 775.00
1279.00 775.00
2040.00 790.00
1732.00 793.00
1663.00 808.00
1446.00 818.00
1286.00 823.00
2232.00 840.00
1692.00 849.00
1735.00 869.00
1601.00 896.00
1471.00 922.00
1017.00 928.00
1704.00 932.00
1438.00 967.00
1624.00 981.00
1716.00 983.00
1796.00 1211.00
1804.00 1252.00
