1723.00 44.00
1184.00 46.00
1722.00 86.00
1483.00 116.00
1736.00 130.00
1335.00 141.00
1588.00 237.00
1515.00 246.00
983.00 335.00
1775.00 382.00
1451.00 384.00
1357.00 422.00
1729.00 422.00
1567.00 428.00
1718.00 466.00
1495.00 480.00
1385.00 503.00
1310.00 531.00
1667.00 534.00
1552.00 545.00
1600.00 549.00
1492.00 565.00
1334.00 576.00
1680.00 591.00
1509.00 607.00
1574.00 608.00
1383.00 614.00
1424.00 615.00
1617.00 638.00
1674.00 656.00
1514.00 672.00
1808.00 673.00
1757.00 676.00
1789.00 717.00
1578.00 766.00
1735.00 767.00
1420.00 775.00
977.00 782.00
1368.00 790.00
1463.00 826.00
977.00 828.00
1490.00 923.00
1600.00 934.00
1261.00 1023.00
1335.00 1045.00
1385.00 1161.00
2001.00 1178.00
2005.00 1229.00
960.00 1276.00
2008.00 1304.00
2167.00 1360.00
1759.00 1381.00
1969.00 1384.00
1873.00 1444.00
1418.00 1534.00
1171.00 1627.00
1411.00 1629.00
1212.00 1631.00
1812.00 1651.00
1170.00 1685.00
980.00 1718.00
1454.00 1807.00
