2440.00 305.00
2363.00 352.00
2436.00 365.00
2478.00 380.00
2094.00 387.00
2221.00 392.00
2340.00 414.00
2507.00 440.00
1544.00 441.00
2450.00 449.00
2344.00 458.00
1404.00 459.00
2102.00 462.00
1309.00 468.00
2037.00 493.00
2516.00 510.00
2246.00 520.00
1380.00 531.00
1737.00 536.00
2422.00 548.00
1691.00 552.00
2113.00 568.00
2377.00 568.00
1610.00 576.00
1800.00 589.00
1516.00 606.00
2339.00 612.00
2526.00 638.00
1388.00 642.00
1672.00 703.00
1242.00 710.00
2444.00 713.00
1113.00 717.00
2053.00 722.00
2290.00 758.00
1813.00 759.00
2530.00 761.00
1224.00 776.00
1138.00 782.00
2015.00 799.00
2327.00 832.00
1678.00 840.00
1929.00 843.00
1873.00 863.00
2450.00 895.00
2115.00 902.00
1081.00 909.00
2063.00 941.00
2120.00 957.00
1549.00 958.00
1041.00 967.00
2546.00 971.00
2218.00 1001.00
1162.00 1004.00
1849.00 1035.00
1198.00 1049.00
1696.00 1051.00
2162.00 1076.00
1697.00 1097.00
2569.00 1121.00
1808.00 1146.00
1969.00 1160.00
2559.00 1162.00
2232.00 1177.00
2458.00 1229.00
2517.00 1233.00
2501.00 1296.00
2362.00 1510.00
