147.00 60.00
278.00 108.00
584.00 112.00
535.00 120.00
563.00 209.00
1113.00 214.00
149.00 220.00
952.00 273.00
802.00 282.00
1159.00 379.00
486.00 394.00
300.00 416.00
1301.00 420.00
918.00 440.00
1357.00 450.00
302.00 457.00
509.00 473.00
1226.00 486.00
887.00 489.00
150.00 558.00
1014.00 575.00
10.00 601.00
1163.00 609.00
1258.00 622.00
1356.00 648.00
17.00 655.00
1489.00 657.00
1061.00 675.00
584.00 679.00
718.00 685.00
159.00 690.00
1158.00 693.00
111.00 704.00
1298.00 719.00
1000.00 726.00
1089.00 728.00
799.00 729.00
273.00 731.00
125.00 748.00
202.00 751.00
332.00 755.00
1298.00 767.00
940.00 769.00
63.00 773.00
1399.00 802.00
975.00 810.00
325.00 811.00
1130.00 815.00
77.00 825.00
1297.00 830.00
1400.00 863.00
185.00 870.00
643.00 876.00
1297.00 879.00
431.00 895.00
938.00 912.00
583.00 920.00
1399.00 925.00
49.00 933.00
1015.00 945.00
1202.00 955.00
419.00 961.00
656.00 961.00
965.00 968.00
918.00 969.00
569.00 979.00
699.00 980.00
487.00 983.00
120.00 993.00
240.00 1000.00
1179.00 1004.00
810.00 1011.00
934.00 1024.00
392.00 1032.00
326.00 1039.00
726.00 1039.00
513.00 1043.00
1143.00 1045.00
1399.00 1054.00
872.00 1057.00
1008.00 1066.00
511.00 1085.00
806.00 1090.00
692.00 1109.00
473.00 1134.00
1399.00 1136.00
687.00 1150.00
804.00 1161.00
552.00 1180.00
717.00 1194.00
1399.00 1203.00
800.00 1212.00
1096.00 1235.00
1157.00 1237.00
1398.00 1265.00
1039.00 1292.00
652.00 1299.00
797.00 1322.00
239.00 1329.00
982.00 1336.00
1039.00 1349.00
776.00 1373.00
734.00 1401.00
1160.00 1401.00
800.00 1459.00
355.00 1488.00
145.00 1499.00
