854.00 32.00
848.00 84.00
518.00 97.00
885.00 167.00
950.00 210.00
1080.00 261.00
844.00 394.00
387.00 397.00
1164.00 411.00
284.00 418.00
1031.00 433.00
606.00 461.00
826.00 485.00
101.00 488.00
1026.00 503.00
1178.00 529.00
1228.00 553.00
728.00 587.00
578.00 590.00
792.00 630.00
732.00 635.00
1013.00 638.00
120.00 640.00
290.00 650.00
1084.00 651.00
1133.00 659.00
402.00 701.00
833.00 724.00
757.00 726.00
711.00 744.00
465.00 746.00
834.00 772.00
1097.00 776.00
673.00 791.00
1673.00 792.00
1089.00 820.00
459.00 835.00
343.00 856.00
656.00 875.00
928.00 880.00
500.00 898.00
709.00 918.00
865.00 964.00
267.00 985.00
214.00 1003.00
258.00 1039.00
589.00 1271.00
112.00 1356.00
419.00 1546.00
349.00 1640.00
176.00 1771.00
571.00 1791.00
423.00 1852.00
