1352.00 353.00
1494.00 377.00
1619.00 431.00
1213.00 484.00
1575.00 491.00
1719.00 516.00
1789.00 531.00
1517.00 537.00
2015.00 548.00
2146.00 561.00
1471.00 572.00
1800.00 580.00
2477.00 583.00
1160.00 594.00
1385.00 597.00
1868.00 623.00
1215.00 625.00
1815.00 626.00
1597.00 650.00
1463.00 666.00
1389.00 676.00
2178.00 682.00
1249.00 690.00
1705.00 693.00
1295.00 695.00
1157.00 703.00
1866.00 718.00
2146.00 741.00
1317.00 755.00
1364.00 755.00
2187.00 768.00
2009.00 785.00
1121.00 792.00
963.00 802.00
2146.00 805.00
1062.00 808.00
1755.00 813.00
2192.00 813.00
1175.00 814.00
1471.00 832.00
1879.00 836.00
879.00 848.00
1982.00 855.00
1660.00 863.00
1760.00 882.00
2198.00 896.00
1564.00 897.00
2052.00 902.00
1960.00 912.00
1663.00 916.00
1858.00 937.00
1440.00 940.00
1747.00 940.00
1388.00 951.00
1788.00 953.00
1524.00 957.00
1609.00 966.00
1314.00 971.00
2040.00 978.00
1567.00 985.00
1488.00 998.00
1416.00 1017.00
1714.00 1034.00
2111.00 1042.00
1594.00 1059.00
1506.00 1064.00
985.00 1067.00
2099.00 1111.00
2100.00 1160.00
1694.00 1185.00
2200.00 1206.00
