343.00 39.00
457.00 84.00
263.00 103.00
405.00 107.00
2212.00 114.00
876.00 132.00
233.00 158.00
2319.00 183.00
298.00 198.00
249.00 208.00
313.00 239.00
381.00 251.00
2161.00 257.00
96.00 313.00
475.00 361.00
661.00 374.00
386.00 391.00
820.00 401.00
645.00 415.00
697.00 447.00
443.00 448.00
738.00 449.00
352.00 458.00
505.00 483.00
681.00 495.00
776.00 495.00
440.00 501.00
2016.00 506.00
624.00 528.00
511.00 538.00
391.00 549.00
435.00 553.00
192.00 566.00
120.00 574.00
234.00 583.00
611.00 586.00
407.00 621.00
263.00 631.00
153.00 642.00
767.00 672.00
349.00 675.00
271.00 677.00
229.00 688.00
148.00 695.00
440.00 729.00
608.00 735.00
683.00 736.00
730.00 739.00
496.00 748.00
248.00 761.00
628.00 779.00
671.00 781.00
553.00 783.00
435.00 793.00
755.00 794.00
296.00 823.00
567.00 824.00
352.00 832.00
192.00 833.00
150.00 847.00
639.00 852.00
593.00 871.00
665.00 893.00
214.00 904.00
409.00 910.00
524.00 912.00
115.00 919.00
607.00 945.00
167.00 951.00
669.00 964.00
109.00 969.00
429.00 976.00
414.00 1024.00
505.00 1055.00
503.00 1103.00
337.00 1112.00
578.00 1116.00
208.00 1119.00
403.00 1119.00
2530.00 1126.00
2522.00 1167.00
303.00 1170.00
433.00 1183.00
599.00 1183.00
539.00 1195.00
220.00 1205.00
351.00 1239.00
128.00 1302.00
883.00 1423.00
180.00 1473.00
885.00 1487.00
132.00 1503.00
143.00 1553.00
122.00 1628.00
127.00 1672.00
84.00 1704.00
128.00 1757.00
