1511.00 250.00
1711.00 253.00
1796.00 254.00
1574.00 265.00
1182.00 271.00
1401.00 278.00
1240.00 290.00
1443.00 298.00
1525.00 302.00
967.00 303.00
1309.00 312.00
1680.00 316.00
1727.00 323.00
1145.00 324.00
1366.00 326.00
890.00 327.00
800.00 336.00
1624.00 338.00
1583.00 344.00
1417.00 350.00
2423.00 352.00
1667.00 358.00
753.00 360.00
932.00 361.00
985.00 373.00
1150.00 375.00
1055.00 388.00
1337.00 394.00
1209.00 398.00
1401.00 402.00
1951.00 415.00
2364.00 418.00
1037.00 429.00
1481.00 431.00
2519.00 433.00
615.00 434.00
2279.00 439.00
1752.00 449.00
1276.00 450.00
1375.00 453.00
1609.00 455.00
1419.00 456.00
573.00 457.00
1173.00 461.00
717.00 470.00
2413.00 470.00
842.00 481.00
966.00 486.00
2288.00 488.00
2221.00 502.00
1014.00 505.00
893.00 521.00
2132.00 523.00
839.00 524.00
1914.00 526.00
964.00 541.00
2047.00 541.00
639.00 543.00
1839.00 546.00
2248.00 560.00
1964.00 561.00
2153.00 564.00
837.00 568.00
1903.00 568.00
2194.00 571.00
904.00 572.00
1415.00 574.00
722.00 575.00
961.00 582.00
2483.00 585.00
1811.00 610.00
1921.00 615.00
1992.00 616.00
2235.00 616.00
836.00 620.00
560.00 627.00
695.00 630.00
1432.00 643.00
1790.00 658.00
1601.00 661.00
692.00 671.00
945.00 671.00
2407.00 671.00
2296.00 673.00
1537.00 675.00
2062.00 683.00
862.00 686.00
1476.00 689.00
1073.00 698.00
1817.00 699.00
1390.00 709.00
2299.00 725.00
1617.00 726.00
1673.00 728.00
2182.00 728.00
876.00 730.00
2247.00 734.00
1273.00 737.00
1070.00 742.00
1820.00 744.00
1153.00 749.00
1365.00 753.00
1314.00 755.00
1901.00 761.00
623.00 766.00
2208.00 775.00
1620.00 782.00
2160.00 784.00
1069.00 785.00
1480.00 795.00
942.00 803.00
693.00 807.00
1790.00 810.00
1316.00 824.00
1680.00 829.00
1420.00 833.00
603.00 846.00
1274.00 851.00
668.00 852.00
1755.00 861.00
1394.00 878.00
1153.00 885.00
988.00 888.00
1548.00 893.00
1240.00 896.00
1338.00 899.00
760.00 902.00
1197.00 902.00
605.00 925.00
1152.00 931.00
1809.00 932.00
714.00 933.00
1241.00 947.00
1197.00 949.00
828.00 972.00
701.00 976.00
984.00 987.00
783.00 1002.00
1197.00 1010.00
1029.00 1016.00
841.00 1023.00
725.00 1024.00
684.00 1042.00
1476.00 1045.00
1092.00 1048.00
1854.00 1055.00
1054.00 1089.00
1231.00 1116.00
1178.00 1359.00
1134.00 1361.00
1088.00 1365.00
1292.00 1367.00
2421.00 1374.00
1461.00 1421.00
1986.00 1435.00
1926.00 1437.00
2042.00 1782.00
