662.00 233.00
2249.00 318.00
2136.00 324.00
1450.00 336.00
1656.00 352.00
1360.00 368.00
2244.00 372.00
966.00 385.00
2003.00 386.00
2145.00 418.00
1815.00 432.00
2147.00 470.00
1480.00 472.00
1572.00 476.00
1824.00 478.00
1210.00 488.00
2255.00 490.00
1759.00 512.00
1124.00 515.00
592.00 536.00
2263.00 540.00
1207.00 546.00
2088.00 560.00
1831.00 575.00
615.00 577.00
545.00 582.00
1185.00 604.00
2024.00 620.00
1466.00 633.00
2114.00 653.00
1405.00 660.00
532.00 678.00
1896.00 679.00
1337.00 683.00
455.00 689.00
410.00 692.00
1536.00 695.00
2191.00 696.00
2122.00 709.00
406.00 745.00
1747.00 753.00
2114.00 762.00
1216.00 765.00
1976.00 786.00
1499.00 797.00
1856.00 797.00
1809.00 809.00
1290.00 830.00
1466.00 838.00
1554.00 842.00
1204.00 843.00
2128.00 850.00
1837.00 856.00
2232.00 882.00
1639.00 886.00
2321.00 888.00
2054.00 892.00
1268.00 902.00
1864.00 904.00
2166.00 907.00
1726.00 911.00
1496.00 923.00
1932.00 975.00
1526.00 993.00
1535.00 1035.00
2008.00 1046.00
2055.00 1049.00
1775.00 1066.00
1860.00 1070.00
1902.00 1070.00
2272.00 1070.00
1959.00 1071.00
1585.00 1075.00
1520.00 1078.00
2008.00 1110.00
1646.00 1111.00
1922.00 1125.00
2072.00 1126.00
2234.00 1126.00
1685.00 1190.00
2011.00 1201.00
1928.00 1208.00
2057.00 1220.00
2215.00 1229.00
2140.00 1247.00
1678.00 1262.00
2217.00 1279.00
1334.00 1307.00
1691.00 1313.00
1650.00 1316.00
1452.00 1355.00
1815.00 1369.00
1266.00 1426.00
1346.00 1434.00
2228.00 1437.00
1412.00 1442.00
2228.00 1483.00
1254.00 1485.00
1485.00 1506.00
1354.00 1541.00
1800.00 1622.00
1483.00 1634.00
314.00 1643.00
839.00 1699.00
1730.00 1746.00
1829.00 1746.00
900.00 1815.00
783.00 1838.00
