601.00 351.00
1167.00 392.00
1937.00 433.00
1979.00 438.00
1552.00 453.00
991.00 462.00
1755.00 474.00
1609.00 480.00
1390.00 502.00
1877.00 505.00
958.00 509.00
778.00 523.00
1321.00 537.00
1032.00 552.00
1234.00 560.00
2108.00 572.00
1962.00 573.00
1874.00 574.00
703.00 579.00
1322.00 587.00
769.00 610.00
1971.00 614.00
1921.00 632.00
2070.00 633.00
1877.00 634.00
2111.00 648.00
1582.00 678.00
968.00 679.00
1280.00 682.00
1462.00 683.00
1348.00 684.00
1939.00 686.00
759.00 690.00
2032.00 709.00
2078.00 714.00
1535.00 717.00
498.00 722.00
574.00 727.00
1947.00 730.00
346.00 742.00
1584.00 760.00
1030.00 805.00
1164.00 805.00
1586.00 806.00
713.00 820.00
258.00 825.00
591.00 825.00
1120.00 835.00
1001.00 847.00
519.00 849.00
960.00 850.00
1540.00 852.00
443.00 857.00
700.00 864.00
614.00 878.00
1587.00 888.00
1152.00 893.00
1545.00 910.00
1193.00 915.00
437.00 919.00
970.00 920.00
1275.00 925.00
1102.00 927.00
554.00 929.00
753.00 931.00
1321.00 945.00
332.00 952.00
262.00 953.00
1589.00 961.00
375.00 965.00
1405.00 965.00
1189.00 966.00
822.00 969.00
551.00 970.00
733.00 987.00
1054.00 991.00
956.00 1003.00
1113.00 1015.00
1901.00 1027.00
785.00 1035.00
643.00 1037.00
1949.00 1039.00
886.00 1045.00
1048.00 1048.00
1606.00 1050.00
1507.00 1051.00
1323.00 1059.00
499.00 1064.00
747.00 1076.00
627.00 1090.00
1592.00 1104.00
1424.00 1105.00
1142.00 1122.00
1327.00 1122.00
416.00 1129.00
1509.00 1150.00
1044.00 1152.00
1629.00 1167.00
1630.00 1211.00
502.00 1265.00
639.00 1332.00
1026.00 1371.00
1148.00 1570.00
