2049.00 285.00
1299.00 297.00
2343.00 304.00
1861.00 308.00
1400.00 323.00
1713.00 336.00
1636.00 344.00
1575.00 353.00
1288.00 358.00
1987.00 362.00
2194.00 377.00
1123.00 380.00
1329.00 382.00
1819.00 408.00
2390.00 411.00
1123.00 422.00
1624.00 424.00
1513.00 445.00
2159.00 448.00
1557.00 452.00
1748.00 458.00
1441.00 460.00
1987.00 460.00
2039.00 463.00
1909.00 472.00
2086.00 477.00
1074.00 478.00
1020.00 480.00
1795.00 488.00
2319.00 504.00
1838.00 510.00
2243.00 514.00
917.00 525.00
1559.00 526.00
2082.00 526.00
2022.00 531.00
1915.00 548.00
981.00 553.00
1616.00 555.00
1120.00 557.00
1969.00 562.00
2383.00 562.00
1863.00 569.00
2328.00 569.00
1573.00 583.00
799.00 589.00
2277.00 593.00
2126.00 594.00
2073.00 596.00
1651.00 599.00
968.00 600.00
1411.00 606.00
1974.00 607.00
2204.00 607.00
1045.00 608.00
1161.00 609.00
639.00 616.00
690.00 616.00
2392.00 629.00
1461.00 631.00
576.00 635.00
1634.00 648.00
1119.00 652.00
1684.00 656.00
1409.00 663.00
2091.00 666.00
880.00 672.00
767.00 680.00
973.00 693.00
2417.00 696.00
2100.00 710.00
2247.00 712.00
1985.00 715.00
1914.00 716.00
2194.00 721.00
852.00 722.00
1558.00 724.00
2141.00 727.00
961.00 734.00
2329.00 737.00
1047.00 739.00
598.00 742.00
1093.00 742.00
1201.00 753.00
1851.00 753.00
1603.00 760.00
2413.00 768.00
1541.00 769.00
1350.00 772.00
1414.00 773.00
1459.00 773.00
1902.00 777.00
971.00 783.00
1268.00 788.00
2347.00 789.00
2149.00 794.00
1734.00 803.00
2099.00 805.00
758.00 809.00
1804.00 809.00
2223.00 834.00
2365.00 836.00
975.00 840.00
1970.00 843.00
1609.00 851.00
765.00 858.00
1382.00 863.00
884.00 866.00
2013.00 899.00
699.00 900.00
865.00 907.00
1232.00 911.00
748.00 912.00
1026.00 916.00
2375.00 916.00
1895.00 917.00
1503.00 920.00
1306.00 927.00
2301.00 928.00
1573.00 929.00
2218.00 929.00
2163.00 933.00
2112.00 947.00
1823.00 958.00
769.00 968.00
1588.00 976.00
2006.00 976.00
2384.00 986.00
1536.00 995.00
2225.00 995.00
1629.00 996.00
1096.00 998.00
1315.00 998.00
1803.00 1001.00
1261.00 1006.00
1447.00 1011.00
1219.00 1014.00
726.00 1015.00
1406.00 1017.00
670.00 1019.00
828.00 1025.00
997.00 1032.00
869.00 1042.00
2291.00 1043.00
2113.00 1049.00
1352.00 1051.00
1227.00 1064.00
1868.00 1068.00
765.00 1071.00
1490.00 1071.00
1943.00 1073.00
912.00 1080.00
860.00 1089.00
2239.00 1161.00
865.00 1242.00
2121.00 1242.00
1230.00 1308.00
1178.00 1357.00
1224.00 1361.00
2040.00 1522.00
1472.00 1552.00
1525.00 1560.00
1471.00 1599.00
1745.00 1631.00
1514.00 1648.00
2000.00 1655.00
1744.00 1684.00
1796.00 1684.00
1975.00 1774.00
