2556.00 146.00
2204.00 176.00
2095.00 178.00
1665.00 188.00
1664.00 247.00
2456.00 282.00
2157.00 306.00
2238.00 311.00
2451.00 349.00
1624.00 385.00
1561.00 392.00
2170.00 469.00
2361.00 501.00
2300.00 503.00
2402.00 503.00
1675.00 520.00
1629.00 525.00
1996.00 527.00
1552.00 592.00
1610.00 638.00
1569.00 640.00
2524.00 651.00
1860.00 654.00
2466.00 667.00
2132.00 669.00
1819.00 672.00
2425.00 688.00
1910.00 703.00
1540.00 733.00
2295.00 735.00
1769.00 755.00
2035.00 755.00
1994.00 771.00
1535.00 774.00
1665.00 778.00
1728.00 779.00
1924.00 783.00
2250.00 792.00
2395.00 807.00
2197.00 811.00
1675.00 823.00
1528.00 832.00
1940.00 841.00
2126.00 849.00
2309.00 868.00
1693.00 878.00
1744.00 893.00
1800.00 906.00
2217.00 909.00
1944.00 915.00
2013.00 916.00
1887.00 940.00
2137.00 944.00
2322.00 951.00
2239.00 952.00
2441.00 954.00
1778.00 965.00
2030.00 966.00
1708.00 993.00
1860.00 996.00
2331.00 1007.00
1913.00 1019.00
2231.00 1020.00
2413.00 1022.00
1575.00 1029.00
2064.00 1030.00
1759.00 1047.00
2274.00 1048.00
2144.00 1063.00
2006.00 1072.00
1953.00 1089.00
2088.00 1091.00
2377.00 1091.00
1804.00 1111.00
2239.00 1112.00
1725.00 1121.00
1893.00 1121.00
2157.00 1130.00
1648.00 1153.00
2043.00 1153.00
1559.00 1157.00
2224.00 1162.00
1773.00 1163.00
2336.00 1181.00
2295.00 1182.00
2096.00 1185.00
1709.00 1208.00
1750.00 1208.00
1974.00 1221.00
1604.00 1227.00
2396.00 1232.00
1841.00 1255.00
1902.00 1255.00
2499.00 1256.00
2059.00 1258.00
1948.00 1269.00
2562.00 1297.00
1875.00 1304.00
2001.00 1359.00
2146.00 1362.00
1934.00 1363.00
2203.00 1369.00
2061.00 1370.00
2267.00 1380.00
2392.00 1391.00
1991.00 1400.00
1919.00 1424.00
2151.00 1457.00
1550.00 1471.00
2008.00 1488.00
2412.00 1490.00
1921.00 1491.00
1862.00 1543.00
1662.00 1559.00
1817.00 1580.00
2392.00 1622.00
2337.00 1624.00
2255.00 1625.00
2296.00 1625.00
2200.00 1627.00
2128.00 1630.00
2040.00 1633.00
1909.00 1636.00
1863.00 1638.00
1677.00 1639.00
1630.00 1641.00
1976.00 1686.00
1919.00 1687.00
2132.00 1687.00
2318.00 1739.00
2182.00 1744.00
1891.00 1806.00
1791.00 1819.00
2440.00 1855.00
2284.00 1857.00
2016.00 1867.00
1854.00 1873.00
2421.00 1927.00
