105.00 20.00
162.00 26.00
1830.00 66.00
65.00 327.00
1828.00 330.00
114.00 403.00
1597.00 430.00
1133.00 447.00
1840.00 464.00
159.00 531.00
1340.00 534.00
1489.00 544.00
1222.00 586.00
584.00 587.00
1301.00 592.00
1546.00 599.00
1175.00 607.00
1100.00 637.00
1015.00 677.00
140.00 688.00
362.00 709.00
566.00 712.00
119.00 735.00
867.00 750.00
949.00 751.00
1349.00 752.00
630.00 753.00
908.00 760.00
1227.00 776.00
1685.00 777.00
1045.00 784.00
788.00 794.00
1273.00 797.00
1184.00 805.00
906.00 806.00
139.00 834.00
1221.00 850.00
623.00 852.00
253.00 855.00
705.00 871.00
1377.00 880.00
475.00 895.00
253.00 898.00
533.00 917.00
212.00 924.00
615.00 930.00
1053.00 940.00
1163.00 979.00
832.00 981.00
899.00 992.00
584.00 997.00
1695.00 998.00
1478.00 1018.00
1539.00 1018.00
843.00 1022.00
317.00 1031.00
398.00 1045.00
915.00 1056.00
536.00 1064.00
252.00 1070.00
590.00 1070.00
858.00 1077.00
1512.00 1078.00
768.00 1090.00
916.00 1126.00
416.00 1159.00
1045.00 1187.00
471.00 1218.00
449.00 1305.00
405.00 1419.00
1325.00 1493.00
1182.00 1497.00
1582.00 1504.00
1806.00 1506.00
1186.00 1585.00
1130.00 1591.00
1405.00 1614.00
663.00 1967.00
