351.00 145.00
265.00 151.00
421.00 179.00
307.00 181.00
625.00 210.00
222.00 223.00
279.00 228.00
124.00 230.00
51.00 231.00
340.00 238.00
180.00 256.00
592.00 263.00
285.00 272.00
854.00 273.00
1418.00 273.00
221.00 278.00
1370.00 285.00
1193.00 286.00
116.00 288.00
655.00 294.00
763.00 294.00
1131.00 294.00
440.00 299.00
1028.00 299.00
720.00 305.00
379.00 329.00
212.00 338.00
821.00 342.00
1411.00 348.00
1516.00 348.00
761.00 354.00
278.00 364.00
1647.00 372.00
206.00 384.00
1544.00 389.00
1163.00 390.00
1026.00 397.00
469.00 401.00
1439.00 405.00
397.00 406.00
1742.00 407.00
96.00 411.00
513.00 413.00
8.00 415.00
1300.00 417.00
1548.00 433.00
1484.00 434.00
906.00 453.00
1297.00 468.00
982.00 486.00
439.00 490.00
503.00 499.00
1104.00 503.00
1234.00 503.00
1485.00 503.00
1671.00 508.00
1145.00 515.00
609.00 518.00
749.00 523.00
665.00 528.00
979.00 540.00
1447.00 544.00
1087.00 549.00
1285.00 550.00
804.00 552.00
870.00 556.00
746.00 564.00
1679.00 565.00
1185.00 573.00
620.00 584.00
977.00 593.00
1234.00 596.00
693.00 615.00
898.00 620.00
1297.00 625.00
1017.00 640.00
1208.00 643.00
1395.00 644.00
1102.00 646.00
1467.00 656.00
591.00 657.00
895.00 664.00
976.00 664.00
830.00 673.00
1299.00 682.00
1252.00 688.00
308.00 707.00
1503.00 724.00
893.00 765.00
1608.00 770.00
1299.00 780.00
1501.00 780.00
1116.00 789.00
1354.00 794.00
1459.00 806.00
1418.00 807.00
1176.00 809.00
971.00 813.00
1224.00 823.00
1301.00 840.00
1374.00 847.00
1489.00 872.00
1547.00 876.00
1224.00 892.00
1158.00 896.00
1105.00 898.00
1375.00 925.00
422.00 934.00
1259.00 936.00
1674.00 951.00
168.00 959.00
1376.00 966.00
1254.00 988.00
1204.00 991.00
1376.00 1007.00
1592.00 1010.00
1648.00 1105.00
1714.00 1106.00
1640.00 1147.00
1548.00 1195.00
1321.00 1215.00
1370.00 1223.00
1493.00 1237.00
1556.00 1247.00
1314.00 1283.00
1437.00 1311.00
1355.00 1313.00
1645.00 1344.00
1566.00 1346.00
1496.00 1347.00
1437.00 1359.00
1364.00 1372.00
1312.00 1386.00
1062.00 1420.00
1370.00 1645.00
1224.00 1677.00
1559.00 1692.00
1283.00 1761.00
1067.00 1783.00
961.00 1793.00
1493.00 1804.00
