274.00 230.00
607.00 334.00
654.00 362.00
115.00 363.00
1130.00 432.00
92.00 474.00
168.00 491.00
798.00 498.00
1074.00 510.00
854.00 514.00
81.00 536.00
310.00 568.00
1070.00 570.00
630.00 603.00
320.00 609.00
928.00 620.00
1095.00 622.00
487.00 623.00
242.00 649.00
589.00 667.00
442.00 683.00
922.00 694.00
788.00 707.00
918.00 743.00
1088.00 746.00
1274.00 747.00
1392.00 754.00
1045.00 763.00
1303.00 795.00
1153.00 829.00
1372.00 863.00
1160.00 870.00
1283.00 892.00
1056.00 900.00
863.00 909.00
1158.00 911.00
951.00 920.00
756.00 929.00
997.00 956.00
945.00 996.00
1126.00 1000.00
1369.00 1006.00
1271.00 1007.00
838.00 1031.00
897.00 1054.00
1341.00 1055.00
1289.00 1058.00
954.00 1060.00
393.00 1089.00
1001.00 1090.00
1282.00 1100.00
507.00 1104.00
764.00 1152.00
1214.00 1153.00
876.00 1312.00
1050.00 1353.00
1050.00 1409.00
1190.00 1427.00
501.00 1467.00
1072.00 1487.00
1186.00 1496.00
521.00 1525.00
187.00 1573.00
386.00 1579.00
1181.00 1655.00
366.00 1665.00
1065.00 1667.00
509.00 1688.00
1178.00 1696.00
231.00 1698.00
1287.00 1706.00
756.00 1722.00
494.00 1729.00
361.00 1732.00
1175.00 1737.00
1241.00 1757.00
1064.00 1761.00
1428.00 1773.00
1065.00 1805.00
123.00 1888.00
