716.00 391.00
624.00 414.00
893.00 428.00
1602.00 435.00
1519.00 440.00
799.00 450.00
1663.00 456.00
1979.00 456.00
695.00 472.00
1431.00 479.00
1570.00 485.00
2011.00 497.00
1256.00 517.00
1909.00 523.00
887.00 525.00
1537.00 565.00
1452.00 589.00
884.00 590.00
1591.00 597.00
1399.00 599.00
522.00 601.00
951.00 617.00
1003.00 638.00
478.00 642.00
1482.00 645.00
1071.00 665.00
912.00 672.00
661.00 696.00
841.00 697.00
1163.00 702.00
889.00 719.00
1235.00 731.00
721.00 739.00
680.00 741.00
472.00 757.00
962.00 787.00
1172.00 830.00
908.00 831.00
520.00 860.00
988.00 864.00
1069.00 876.00
767.00 879.00
814.00 912.00
1077.00 963.00
916.00 971.00
550.00 997.00
761.00 1416.00
866.00 1456.00
505.00 1479.00
739.00 1527.00
758.00 1575.00
817.00 1587.00
742.00 1629.00
791.00 1658.00
