2135.00 172.00
1600.00 183.00
2226.00 299.00
272.00 306.00
1622.00 317.00
1130.00 322.00
366.00 338.00
1753.00 357.00
436.00 368.00
791.00 392.00
549.00 410.00
647.00 439.00
885.00 470.00
1762.00 480.00
844.00 497.00
1967.00 512.00
1071.00 519.00
1782.00 527.00
1458.00 539.00
1404.00 541.00
1328.00 544.00
1835.00 552.00
1572.00 553.00
598.00 561.00
401.00 567.00
509.00 569.00
849.00 576.00
2031.00 588.00
333.00 653.00
1718.00 661.00
702.00 666.00
634.00 669.00
1450.00 686.00
309.00 702.00
913.00 710.00
2040.00 713.00
825.00 714.00
1316.00 725.00
1575.00 725.00
1806.00 732.00
1061.00 738.00
1626.00 746.00
1262.00 749.00
663.00 750.00
1009.00 756.00
581.00 779.00
1364.00 779.00
730.00 781.00
522.00 791.00
1453.00 793.00
1522.00 802.00
477.00 809.00
1243.00 823.00
1661.00 825.00
990.00 831.00
610.00 839.00
322.00 841.00
653.00 843.00
1196.00 845.00
835.00 848.00
883.00 851.00
1302.00 851.00
1490.00 865.00
1384.00 879.00
975.00 888.00
1021.00 889.00
1708.00 901.00
1253.00 906.00
679.00 910.00
628.00 912.00
840.00 935.00
881.00 937.00
1301.00 938.00
1155.00 946.00
1212.00 950.00
1084.00 954.00
596.00 960.00
996.00 963.00
679.00 978.00
1303.00 986.00
879.00 997.00
1695.00 998.00
319.00 999.00
721.00 1002.00
1007.00 1004.00
1768.00 1004.00
577.00 1005.00
1111.00 1005.00
1051.00 1009.00
963.00 1013.00
773.00 1019.00
1180.00 1023.00
710.00 1057.00
1678.00 1059.00
666.00 1075.00
961.00 1077.00
1142.00 1077.00
609.00 1084.00
1421.00 1085.00
1368.00 1087.00
1621.00 1095.00
777.00 1106.00
878.00 1123.00
422.00 1139.00
1000.00 1144.00
1092.00 1146.00
737.00 1153.00
597.00 1154.00
504.00 1155.00
1500.00 1161.00
1674.00 1188.00
678.00 1200.00
571.00 1208.00
2157.00 1210.00
1470.00 1214.00
725.00 1215.00
1731.00 1232.00
1658.00 1235.00
1268.00 1256.00
2129.00 1262.00
766.00 1271.00
990.00 1282.00
642.00 1289.00
901.00 1300.00
1170.00 1300.00
942.00 1302.00
1494.00 1313.00
764.00 1329.00
1556.00 1332.00
1678.00 1339.00
1965.00 1349.00
1690.00 1386.00
2287.00 1393.00
836.00 1395.00
650.00 1400.00
719.00 1425.00
952.00 1438.00
1437.00 1442.00
648.00 1444.00
458.00 1448.00
1009.00 1451.00
1498.00 1457.00
760.00 1460.00
2025.00 1463.00
1289.00 1472.00
576.00 1482.00
410.00 1492.00
962.00 1492.00
818.00 1506.00
1515.00 1510.00
2392.00 1511.00
658.00 1526.00
913.00 1526.00
1470.00 1526.00
1337.00 1528.00
1296.00 1530.00
2087.00 1548.00
478.00 1551.00
599.00 1553.00
2149.00 1553.00
845.00 1556.00
2352.00 1559.00
2213.00 1561.00
718.00 1567.00
411.00 1568.00
1245.00 1575.00
799.00 1576.00
1028.00 1576.00
1090.00 1576.00
1159.00 1576.00
912.00 1577.00
502.00 1625.00
2215.00 1634.00
1250.00 1648.00
1065.00 1664.00
805.00 1680.00
2205.00 1682.00
2271.00 1690.00
989.00 1698.00
480.00 1729.00
586.00 1729.00
541.00 1795.00
543.00 1869.00
1106.00 2032.00
