2283.00 216.00
1859.00 265.00
1520.00 310.00
1783.00 311.00
1134.00 356.00
1580.00 365.00
1674.00 367.00
1081.00 380.00
1973.00 392.00
1132.00 397.00
1833.00 436.00
1004.00 478.00
1724.00 497.00
1972.00 510.00
1448.00 539.00
1021.00 552.00
1028.00 608.00
940.00 616.00
2129.00 644.00
1722.00 660.00
1381.00 663.00
1954.00 677.00
1862.00 679.00
1782.00 689.00
1233.00 704.00
1865.00 720.00
1992.00 748.00
1695.00 750.00
1482.00 752.00
2295.00 762.00
1141.00 788.00
2191.00 820.00
1999.00 833.00
1163.00 836.00
1862.00 841.00
1699.00 864.00
1864.00 885.00
1052.00 886.00
1097.00 928.00
1656.00 932.00
1348.00 956.00
2238.00 961.00
2056.00 967.00
2504.00 968.00
1700.00 974.00
1657.00 986.00
1037.00 990.00
1472.00 990.00
1112.00 999.00
1584.00 1008.00
1336.00 1049.00
1478.00 1054.00
1519.00 1062.00
1991.00 1068.00
1087.00 1073.00
1132.00 1082.00
1176.00 1087.00
1589.00 1105.00
1520.00 1118.00
1055.00 1204.00
