1554.00 11.00
1513.00 28.00
1178.00 125.00
1065.00 185.00
1983.00 252.00
1297.00 271.00
1203.00 292.00
1398.00 348.00
1217.00 391.00
1265.00 408.00
573.00 443.00
107.00 492.00
636.00 503.00
1578.00 527.00
574.00 633.00
937.00 637.00
676.00 651.00
1650.00 658.00
935.00 699.00
139.00 712.00
706.00 735.00
1364.00 737.00
276.00 745.00
385.00 768.00
1480.00 787.00
170.00 800.00
467.00 819.00
282.00 833.00
399.00 839.00
802.00 866.00
1680.00 873.00
391.00 883.00
461.00 906.00
1543.00 908.00
533.00 914.00
267.00 1022.00
