484.00 427.00
388.00 475.00
964.00 482.00
9.00 483.00
441.00 505.00
39.00 526.00
174.00 528.00
351.00 528.00
712.00 539.00
492.00 547.00
539.00 607.00
325.00 615.00
366.00 626.00
30.00 646.00
194.00 655.00
633.00 671.00
1024.00 717.00
1435.00 724.00
181.00 736.00
470.00 737.00
1191.00 751.00
598.00 753.00
641.00 756.00
835.00 789.00
1868.00 797.00
1784.00 802.00
1186.00 831.00
940.00 840.00
1496.00 842.00
1275.00 859.00
1615.00 859.00
1656.00 865.00
1746.00 878.00
789.00 883.00
984.00 885.00
1513.00 891.00
534.00 894.00
1406.00 894.00
1336.00 901.00
1600.00 920.00
1282.00 923.00
1655.00 931.00
1395.00 936.00
1537.00 948.00
1196.00 951.00
779.00 958.00
1482.00 964.00
1671.00 972.00
1453.00 1021.00
1587.00 1051.00
1513.00 1073.00
1566.00 1176.00
1616.00 1210.00
918.00 1222.00
603.00 1261.00
810.00 1271.00
1388.00 1280.00
299.00 1282.00
1680.00 1283.00
1343.00 1305.00
1389.00 1331.00
1015.00 1341.00
1579.00 1348.00
1480.00 1375.00
1653.00 1375.00
1316.00 1408.00
1678.00 1430.00
1632.00 1432.00
1556.00 1434.00
1045.00 1440.00
1105.00 1440.00
833.00 1460.00
1286.00 1469.00
1009.00 1504.00
1703.00 1514.00
1257.00 1534.00
1197.00 1567.00
1398.00 1581.00
1288.00 1586.00
1591.00 1592.00
