453.00 192.00
838.00 243.00
447.00 252.00
1741.00 262.00
442.00 305.00
1345.00 307.00
1741.00 319.00
348.00 347.00
438.00 352.00
1757.00 372.00
1447.00 387.00
1760.00 418.00
629.00 423.00
488.00 438.00
397.00 471.00
847.00 489.00
1283.00 529.00
1673.00 541.00
1760.00 563.00
1631.00 567.00
470.00 577.00
950.00 586.00
588.00 598.00
1262.00 614.00
1439.00 624.00
873.00 645.00
741.00 651.00
1233.00 661.00
1192.00 670.00
463.00 672.00
1599.00 672.00
560.00 677.00
1303.00 685.00
1135.00 688.00
1038.00 695.00
1330.00 738.00
1650.00 754.00
1215.00 759.00
383.00 768.00
771.00 773.00
1719.00 781.00
360.00 809.00
1399.00 833.00
823.00 838.00
1190.00 839.00
567.00 852.00
1233.00 890.00
599.00 902.00
935.00 907.00
1713.00 912.00
1016.00 915.00
1296.00 929.00
1471.00 933.00
235.00 942.00
1774.00 945.00
929.00 951.00
1392.00 952.00
1552.00 956.00
1235.00 960.00
685.00 982.00
1761.00 1010.00
1367.00 1012.00
1021.00 1056.00
1072.00 1071.00
1119.00 1072.00
820.00 1121.00
1502.00 1138.00
860.00 1168.00
1416.00 1185.00
817.00 1197.00
1605.00 1239.00
776.00 1242.00
1225.00 1257.00
1511.00 1258.00
1444.00 1262.00
934.00 1266.00
840.00 1268.00
1019.00 1272.00
1070.00 1312.00
1344.00 1331.00
1229.00 1332.00
1188.00 1345.00
917.00 1350.00
1138.00 1377.00
994.00 1386.00
811.00 1395.00
920.00 1398.00
1095.00 1416.00
1191.00 1436.00
1245.00 1437.00
324.00 1457.00
767.00 1478.00
684.00 1508.00
1288.00 1525.00
1119.00 1550.00
1468.00 1552.00
1232.00 1559.00
570.00 1575.00
161.00 1583.00
212.00 1609.00
1095.00 1616.00
1420.00 1638.00
309.00 1644.00
1592.00 1789.00
951.00 1799.00
599.00 1821.00
654.00 1822.00
719.00 1848.00
1193.00 1859.00
1111.00 1861.00
