1747.00 228.00
1664.00 248.00
1537.00 286.00
1243.00 288.00
1608.00 295.00
1726.00 295.00
1188.00 314.00
778.00 329.00
1377.00 338.00
1540.00 343.00
968.00 344.00
2380.00 346.00
1665.00 359.00
661.00 388.00
2223.00 389.00
2574.00 401.00
1761.00 403.00
741.00 415.00
1662.00 431.00
1248.00 443.00
1544.00 455.00
2558.00 470.00
1456.00 487.00
1749.00 488.00
1000.00 535.00
2097.00 542.00
1775.00 560.00
2536.00 561.00
1839.00 566.00
1910.00 574.00
2076.00 609.00
1400.00 613.00
1623.00 614.00
2378.00 614.00
1966.00 629.00
1497.00 644.00
1274.00 645.00
1453.00 657.00
737.00 664.00
1169.00 664.00
792.00 666.00
2048.00 666.00
2511.00 672.00
1869.00 685.00
2007.00 688.00
1311.00 696.00
1500.00 709.00
984.00 710.00
2185.00 717.00
817.00 720.00
1765.00 722.00
2519.00 724.00
1219.00 725.00
733.00 745.00
1836.00 755.00
1159.00 765.00
1524.00 768.00
2485.00 787.00
728.00 800.00
1895.00 806.00
1430.00 823.00
811.00 831.00
1099.00 847.00
1735.00 849.00
2410.00 852.00
688.00 864.00
1373.00 864.00
2292.00 867.00
2050.00 878.00
1028.00 882.00
751.00 883.00
1523.00 887.00
1739.00 892.00
1477.00 895.00
1313.00 904.00
2171.00 909.00
2217.00 917.00
2280.00 921.00
1572.00 924.00
2456.00 928.00
769.00 930.00
1848.00 934.00
1457.00 943.00
1272.00 951.00
2255.00 968.00
727.00 983.00
2504.00 983.00
2434.00 1016.00
2240.00 1017.00
1668.00 1018.00
1458.00 1021.00
2310.00 1031.00
2502.00 1033.00
1203.00 1034.00
2167.00 1046.00
1733.00 1049.00
1125.00 1063.00
2517.00 1088.00
850.00 1090.00
1667.00 1092.00
2318.00 1100.00
2274.00 1105.00
1717.00 1118.00
2189.00 1137.00
1057.00 1169.00
1331.00 1173.00
2135.00 1178.00
1818.00 1192.00
2180.00 1195.00
2513.00 1206.00
1946.00 1221.00
1015.00 1228.00
1095.00 1231.00
1840.00 1239.00
1425.00 1247.00
1230.00 1249.00
1528.00 1272.00
2337.00 1277.00
719.00 1285.00
844.00 1286.00
967.00 1286.00
1089.00 1287.00
1990.00 1310.00
1945.00 1312.00
1901.00 1313.00
1852.00 1314.00
1703.00 1319.00
1550.00 1321.00
1599.00 1321.00
1439.00 1323.00
1495.00 1324.00
715.00 1326.00
1398.00 1326.00
655.00 1327.00
759.00 1327.00
968.00 1327.00
1150.00 1327.00
1210.00 1327.00
1267.00 1327.00
843.00 1328.00
1028.00 1328.00
1089.00 1328.00
1993.00 1362.00
1903.00 1367.00
1854.00 1368.00
1806.00 1370.00
1753.00 1373.00
1705.00 1375.00
1653.00 1377.00
1549.00 1379.00
1601.00 1379.00
1495.00 1380.00
1385.00 1384.00
1438.00 1384.00
1270.00 1385.00
1323.00 1385.00
1208.00 1386.00
1152.00 1387.00
653.00 1389.00
712.00 1389.00
1028.00 1389.00
1085.00 1389.00
778.00 1390.00
966.00 1390.00
839.00 1391.00
2085.00 1411.00
2139.00 1412.00
1999.00 1417.00
1948.00 1418.00
1904.00 1421.00
1853.00 1423.00
2197.00 1424.00
1808.00 1425.00
1758.00 1428.00
1710.00 1430.00
1656.00 1431.00
1605.00 1435.00
1437.00 1438.00
1518.00 1438.00
1325.00 1443.00
1382.00 1443.00
1264.00 1445.00
1209.00 1447.00
1022.00 1449.00
1086.00 1450.00
1150.00 1450.00
708.00 1451.00
840.00 1453.00
966.00 1453.00
646.00 1454.00
777.00 1454.00
923.00 1454.00
2087.00 1464.00
2044.00 1467.00
1955.00 1472.00
1914.00 1474.00
1855.00 1479.00
2155.00 1479.00
1811.00 1481.00
1760.00 1485.00
1712.00 1487.00
1607.00 1490.00
1649.00 1490.00
1548.00 1495.00
1500.00 1498.00
1440.00 1501.00
1382.00 1502.00
1326.00 1503.00
1268.00 1505.00
1151.00 1509.00
1206.00 1509.00
1028.00 1512.00
1089.00 1512.00
963.00 1513.00
776.00 1514.00
711.00 1516.00
838.00 1516.00
648.00 1517.00
880.00 1518.00
2048.00 1519.00
1956.00 1526.00
1909.00 1532.00
1858.00 1533.00
1814.00 1536.00
1761.00 1538.00
1717.00 1544.00
1606.00 1547.00
1657.00 1547.00
1549.00 1552.00
1496.00 1556.00
1441.00 1557.00
1386.00 1562.00
1325.00 1563.00
1207.00 1568.00
1265.00 1568.00
2096.00 1569.00
1087.00 1570.00
1146.00 1571.00
965.00 1575.00
1025.00 1575.00
837.00 1578.00
2004.00 1578.00
896.00 1579.00
770.00 1580.00
1959.00 1580.00
709.00 1581.00
645.00 1582.00
1909.00 1583.00
1863.00 1589.00
1711.00 1600.00
1660.00 1603.00
1604.00 1607.00
1553.00 1612.00
1496.00 1613.00
1423.00 1618.00
1358.00 1624.00
2096.00 1624.00
1268.00 1628.00
1208.00 1631.00
2014.00 1631.00
1025.00 1635.00
1089.00 1635.00
1965.00 1635.00
900.00 1640.00
960.00 1640.00
1918.00 1641.00
837.00 1642.00
770.00 1643.00
1147.00 1643.00
1864.00 1644.00
706.00 1645.00
1815.00 1648.00
1768.00 1652.00
1714.00 1658.00
1662.00 1661.00
1608.00 1666.00
1554.00 1670.00
1501.00 1677.00
1424.00 1679.00
1383.00 1682.00
1326.00 1684.00
1990.00 1687.00
1207.00 1689.00
1919.00 1695.00
897.00 1699.00
1025.00 1700.00
833.00 1704.00
1822.00 1705.00
770.00 1706.00
705.00 1708.00
1717.00 1715.00
1611.00 1723.00
2378.00 1728.00
1500.00 1732.00
1453.00 1736.00
1386.00 1741.00
1023.00 1762.00
2263.00 1775.00
1856.00 1783.00
1654.00 1799.00
2415.00 1801.00
1736.00 1822.00
1921.00 1827.00
