2313.00 278.00
2386.00 357.00
2474.00 374.00
2390.00 416.00
2536.00 455.00
1701.00 473.00
2315.00 545.00
2272.00 576.00
2381.00 588.00
2213.00 607.00
1729.00 609.00
1779.00 609.00
2336.00 626.00
2420.00 641.00
2263.00 644.00
2132.00 650.00
2079.00 669.00
1978.00 683.00
1879.00 711.00
2416.00 748.00
2198.00 807.00
1976.00 816.00
1945.00 902.00
2530.00 942.00
1936.00 960.00
2475.00 963.00
1822.00 987.00
2543.00 997.00
2376.00 1021.00
1887.00 1022.00
1405.00 1037.00
2548.00 1043.00
1995.00 1049.00
1938.00 1064.00
1844.00 1072.00
2166.00 1123.00
2557.00 1129.00
2055.00 1150.00
1887.00 1159.00
2170.00 1165.00
2208.00 1261.00
1899.00 1275.00
2130.00 1282.00
2029.00 1311.00
2224.00 1414.00
2083.00 1416.00
2031.00 1429.00
1844.00 1439.00
2055.00 1489.00
2033.00 1533.00
1832.00 1713.00
1892.00 1726.00
