1966.00 348.00
2071.00 367.00
1893.00 417.00
1641.00 443.00
1492.00 454.00
2077.00 469.00
1949.00 492.00
1904.00 502.00
1834.00 515.00
2015.00 527.00
1164.00 534.00
1952.00 539.00
1910.00 546.00
1687.00 558.00
2039.00 574.00
1518.00 577.00
1205.00 588.00
1679.00 608.00
1520.00 618.00
1721.00 629.00
1602.00 640.00
1190.00 648.00
1970.00 670.00
1079.00 682.00
1447.00 682.00
1521.00 682.00
1654.00 683.00
1606.00 686.00
2128.00 688.00
2240.00 693.00
933.00 713.00
2457.00 726.00
1783.00 736.00
1650.00 737.00
1083.00 738.00
1520.00 747.00
1037.00 748.00
1583.00 750.00
1322.00 754.00
1937.00 760.00
1142.00 773.00
1989.00 787.00
1010.00 792.00
1738.00 799.00
1484.00 811.00
1407.00 812.00
1677.00 849.00
1931.00 856.00
1417.00 866.00
1120.00 870.00
1563.00 874.00
2453.00 885.00
1032.00 901.00
2363.00 903.00
2262.00 912.00
1965.00 924.00
1271.00 926.00
1544.00 958.00
1182.00 962.00
2569.00 971.00
1777.00 988.00
2202.00 988.00
1011.00 994.00
1721.00 999.00
1287.00 1001.00
2082.00 1027.00
2248.00 1027.00
1181.00 1028.00
1066.00 1033.00
2384.00 1035.00
2323.00 1037.00
2521.00 1040.00
1107.00 1059.00
1886.00 1067.00
1720.00 1080.00
2284.00 1081.00
1179.00 1086.00
2089.00 1105.00
1446.00 1106.00
2228.00 1127.00
1179.00 1129.00
1833.00 1130.00
1103.00 1134.00
1731.00 1135.00
1244.00 1140.00
2104.00 1162.00
1175.00 1173.00
1306.00 1179.00
2151.00 1179.00
2239.00 1180.00
1802.00 1199.00
1414.00 1220.00
2329.00 1232.00
2273.00 1234.00
1197.00 1245.00
2174.00 1330.00
1452.00 1411.00
2044.00 1464.00
2047.00 1582.00
