1804.00 127.00
1151.00 180.00
767.00 303.00
230.00 311.00
1685.00 340.00
1310.00 348.00
1136.00 363.00
933.00 366.00
1777.00 383.00
1696.00 386.00
109.00 393.00
1570.00 399.00
753.00 400.00
1627.00 400.00
921.00 407.00
1035.00 422.00
703.00 447.00
1511.00 456.00
441.00 473.00
1309.00 478.00
1131.00 490.00
187.00 503.00
486.00 505.00
1052.00 514.00
686.00 554.00
554.00 566.00
892.00 567.00
737.00 574.00
1787.00 576.00
46.00 580.00
184.00 584.00
1719.00 589.00
1678.00 597.00
1906.00 599.00
472.00 605.00
1561.00 624.00
1775.00 637.00
698.00 642.00
1826.00 650.00
745.00 651.00
1692.00 658.00
589.00 679.00
171.00 682.00
1060.00 688.00
1141.00 688.00
1185.00 690.00
1393.00 690.00
472.00 725.00
176.00 732.00
1559.00 737.00
577.00 744.00
1409.00 746.00
1116.00 750.00
88.00 756.00
807.00 763.00
1056.00 765.00
463.00 767.00
1277.00 767.00
678.00 777.00
883.00 777.00
1187.00 780.00
965.00 793.00
69.00 798.00
1518.00 813.00
1779.00 814.00
1348.00 826.00
1456.00 838.00
53.00 839.00
572.00 839.00
496.00 840.00
1076.00 854.00
1415.00 866.00
299.00 869.00
1701.00 869.00
407.00 879.00
1367.00 880.00
544.00 887.00
151.00 903.00
608.00 909.00
1247.00 925.00
1507.00 932.00
538.00 944.00
1405.00 944.00
200.00 946.00
1456.00 960.00
1638.00 960.00
672.00 971.00
139.00 976.00
621.00 988.00
1117.00 998.00
1407.00 1000.00
518.00 1001.00
711.00 1012.00
1482.00 1019.00
766.00 1031.00
590.00 1049.00
711.00 1053.00
200.00 1055.00
319.00 1063.00
464.00 1064.00
819.00 1064.00
419.00 1076.00
520.00 1076.00
1064.00 1077.00
216.00 1107.00
26.00 1116.00
649.00 1122.00
119.00 1129.00
570.00 1129.00
487.00 1146.00
353.00 1154.00
977.00 1158.00
1400.00 1170.00
685.00 1182.00
404.00 1184.00
1231.00 1203.00
1635.00 1205.00
326.00 1207.00
1016.00 1221.00
1165.00 1229.00
1025.00 1270.00
1335.00 1322.00
146.00 1401.00
793.00 1417.00
1727.00 1422.00
2027.00 1430.00
9.00 1453.00
1730.00 1470.00
1772.00 1470.00
2080.00 1477.00
2031.00 1487.00
1963.00 1493.00
798.00 1498.00
320.00 1522.00
475.00 1567.00
2033.00 1567.00
786.00 1571.00
560.00 1578.00
831.00 1607.00
505.00 1652.00
1050.00 1662.00
1529.00 1669.00
859.00 1684.00
1175.00 1686.00
1678.00 1687.00
1795.00 1704.00
775.00 1706.00
1935.00 1717.00
2114.00 1735.00
1997.00 1750.00
1051.00 1759.00
1036.00 1811.00
1717.00 1856.00
1823.00 1860.00
