1250.00 416.00
1565.00 424.00
1802.00 431.00
1140.00 440.00
1662.00 440.00
1756.00 443.00
1610.00 448.00
1859.00 463.00
2180.00 465.00
2238.00 473.00
1287.00 476.00
2316.00 479.00
2062.00 480.00
1612.00 491.00
1817.00 498.00
1989.00 501.00
1329.00 504.00
1863.00 506.00
1745.00 507.00
1379.00 520.00
890.00 532.00
2087.00 543.00
1770.00 548.00
2023.00 554.00
1811.00 560.00
1959.00 566.00
1329.00 576.00
1416.00 579.00
1695.00 583.00
1871.00 583.00
1205.00 592.00
2204.00 597.00
1544.00 600.00
1751.00 601.00
1991.00 607.00
780.00 620.00
2117.00 631.00
879.00 632.00
1002.00 635.00
821.00 638.00
1501.00 643.00
1995.00 651.00
1328.00 655.00
1804.00 658.00
1739.00 665.00
897.00 673.00
1932.00 679.00
1443.00 681.00
2265.00 681.00
669.00 689.00
1486.00 691.00
2160.00 700.00
966.00 704.00
2335.00 704.00
1818.00 715.00
895.00 716.00
2063.00 716.00
1768.00 720.00
1441.00 722.00
743.00 724.00
558.00 726.00
1400.00 735.00
1971.00 737.00
2113.00 750.00
1128.00 755.00
2254.00 759.00
2345.00 760.00
611.00 764.00
1008.00 765.00
1778.00 767.00
1906.00 782.00
565.00 783.00
1626.00 783.00
1670.00 786.00
1850.00 790.00
2086.00 791.00
2005.00 793.00
991.00 812.00
2185.00 824.00
1724.00 830.00
1089.00 839.00
1683.00 841.00
1639.00 848.00
2341.00 849.00
2281.00 856.00
1980.00 870.00
1002.00 875.00
2128.00 875.00
1927.00 876.00
1181.00 877.00
1291.00 889.00
924.00 891.00
1808.00 891.00
801.00 893.00
2216.00 899.00
1669.00 902.00
2296.00 910.00
643.00 913.00
1758.00 919.00
1220.00 920.00
1983.00 930.00
1823.00 933.00
776.00 935.00
2073.00 937.00
1514.00 943.00
1470.00 946.00
1124.00 952.00
1295.00 952.00
2353.00 953.00
592.00 956.00
1916.00 956.00
1726.00 960.00
2138.00 973.00
1577.00 974.00
1198.00 979.00
669.00 990.00
1889.00 997.00
1128.00 999.00
2010.00 999.00
612.00 1002.00
724.00 1004.00
1728.00 1004.00
556.00 1014.00
1585.00 1017.00
1643.00 1017.00
982.00 1018.00
854.00 1032.00
662.00 1033.00
1463.00 1033.00
1894.00 1054.00
741.00 1069.00
2090.00 1069.00
1966.00 1073.00
551.00 1076.00
1090.00 1078.00
1839.00 1078.00
853.00 1094.00
2363.00 1103.00
1309.00 1111.00
1531.00 1116.00
1928.00 1125.00
1088.00 1126.00
1392.00 1140.00
1404.00 1205.00
686.00 1207.00
623.00 1215.00
1800.00 1266.00
1844.00 1284.00
944.00 1295.00
2284.00 1296.00
2126.00 1302.00
987.00 1307.00
581.00 1310.00
552.00 1381.00
701.00 1389.00
777.00 1389.00
2287.00 1395.00
2159.00 1396.00
546.00 1422.00
1963.00 1425.00
1343.00 1440.00
984.00 1485.00
592.00 1511.00
1441.00 1537.00
1821.00 1560.00
975.00 1567.00
591.00 1580.00
1264.00 1602.00
1989.00 1622.00
878.00 1634.00
527.00 1645.00
2307.00 1691.00
1112.00 1749.00
