548.00 371.00
385.00 449.00
175.00 478.00
801.00 479.00
843.00 487.00
218.00 490.00
414.00 490.00
920.00 526.00
369.00 527.00
328.00 561.00
649.00 567.00
1028.00 569.00
596.00 596.00
279.00 602.00
174.00 619.00
225.00 646.00
464.00 664.00
824.00 668.00
1358.00 680.00
1416.00 694.00
878.00 710.00
370.00 721.00
1119.00 722.00
657.00 737.00
1503.00 747.00
303.00 763.00
720.00 770.00
2007.00 770.00
1117.00 771.00
1743.00 779.00
1190.00 785.00
1416.00 786.00
544.00 787.00
1272.00 788.00
245.00 799.00
593.00 820.00
1046.00 828.00
1227.00 829.00
170.00 831.00
803.00 831.00
1510.00 834.00
1129.00 837.00
1416.00 845.00
1832.00 846.00
1088.00 848.00
1748.00 854.00
1791.00 854.00
697.00 870.00
592.00 872.00
1604.00 879.00
1707.00 880.00
1271.00 891.00
1559.00 893.00
504.00 894.00
1510.00 895.00
952.00 897.00
1113.00 904.00
759.00 908.00
639.00 910.00
1360.00 914.00
1202.00 922.00
298.00 931.00
1319.00 936.00
1710.00 937.00
718.00 938.00
931.00 938.00
514.00 949.00
451.00 952.00
1111.00 958.00
1533.00 960.00
794.00 963.00
1156.00 965.00
1061.00 972.00
378.00 988.00
1944.00 1001.00
246.00 1005.00
1864.00 1013.00
1534.00 1016.00
168.00 1022.00
1165.00 1023.00
1417.00 1027.00
1786.00 1028.00
328.00 1032.00
751.00 1038.00
1020.00 1038.00
565.00 1040.00
1595.00 1047.00
227.00 1049.00
287.00 1050.00
1509.00 1057.00
865.00 1064.00
478.00 1069.00
319.00 1094.00
1378.00 1100.00
248.00 1101.00
948.00 1108.00
1252.00 1110.00
204.00 1111.00
906.00 1113.00
520.00 1123.00
799.00 1145.00
219.00 1152.00
331.00 1166.00
787.00 1186.00
740.00 1206.00
1193.00 1223.00
1885.00 1226.00
999.00 1272.00
1143.00 1277.00
506.00 1333.00
1287.00 1367.00
288.00 1472.00
225.00 1526.00
300.00 1553.00
807.00 1595.00
616.00 1596.00
