15.00 291.00
424.00 344.00
896.00 370.00
767.00 375.00
192.00 392.00
1051.00 419.00
909.00 427.00
1208.00 461.00
126.00 463.00
890.00 468.00
1049.00 474.00
1371.00 476.00
1316.00 494.00
1477.00 496.00
846.00 503.00
1656.00 503.00
1567.00 506.00
1357.00 517.00
631.00 519.00
1120.00 520.00
1202.00 523.00
1400.00 526.00
160.00 527.00
959.00 535.00
1779.00 543.00
1072.00 558.00
1479.00 558.00
1279.00 565.00
1169.00 568.00
447.00 600.00
965.00 616.00
1006.00 623.00
1268.00 626.00
1319.00 632.00
126.00 642.00
731.00 657.00
1068.00 659.00
239.00 664.00
936.00 665.00
13.00 670.00
1000.00 670.00
1250.00 680.00
564.00 685.00
198.00 696.00
62.00 699.00
631.00 700.00
1372.00 700.00
740.00 701.00
859.00 703.00
103.00 706.00
1029.00 727.00
252.00 728.00
1236.00 734.00
952.00 738.00
742.00 759.00
1735.00 763.00
1202.00 781.00
808.00 786.00
1602.00 787.00
259.00 792.00
1668.00 793.00
851.00 798.00
400.00 802.00
1286.00 805.00
350.00 808.00
529.00 837.00
962.00 840.00
1766.00 858.00
28.00 860.00
1626.00 865.00
896.00 872.00
170.00 875.00
1025.00 875.00
1673.00 875.00
1247.00 876.00
221.00 879.00
631.00 879.00
1441.00 886.00
1184.00 888.00
1376.00 899.00
408.00 902.00
347.00 905.00
1335.00 905.00
101.00 913.00
1290.00 913.00
1033.00 918.00
1746.00 918.00
201.00 920.00
846.00 921.00
887.00 921.00
571.00 935.00
1636.00 942.00
29.00 943.00
1103.00 959.00
1677.00 960.00
358.00 968.00
654.00 968.00
186.00 971.00
298.00 984.00
707.00 986.00
1555.00 986.00
130.00 1007.00
176.00 1012.00
1213.00 1012.00
1633.00 1012.00
663.00 1013.00
1071.00 1014.00
515.00 1015.00
348.00 1017.00
1260.00 1020.00
1001.00 1024.00
1680.00 1027.00
1535.00 1034.00
292.00 1040.00
607.00 1041.00
1158.00 1042.00
239.00 1044.00
441.00 1051.00
1112.00 1053.00
1061.00 1057.00
128.00 1058.00
967.00 1065.00
1460.00 1079.00
1598.00 1084.00
737.00 1088.00
583.00 1102.00
1655.00 1102.00
804.00 1110.00
286.00 1111.00
1274.00 1119.00
1198.00 1122.00
1036.00 1133.00
1586.00 1134.00
1520.00 1138.00
372.00 1141.00
268.00 1152.00
1452.00 1164.00
1272.00 1176.00
1192.00 1181.00
1800.00 1181.00
191.00 1187.00
980.00 1192.00
1641.00 1206.00
530.00 1208.00
387.00 1216.00
249.00 1233.00
619.00 1233.00
1495.00 1236.00
950.00 1239.00
1157.00 1240.00
1104.00 1245.00
528.00 1250.00
1007.00 1253.00
1373.00 1253.00
475.00 1263.00
822.00 1266.00
1056.00 1270.00
371.00 1271.00
271.00 1274.00
606.00 1277.00
162.00 1283.00
719.00 1291.00
946.00 1294.00
545.00 1295.00
1594.00 1297.00
1461.00 1301.00
1775.00 1306.00
1528.00 1307.00
903.00 1308.00
992.00 1312.00
1251.00 1312.00
1719.00 1317.00
1049.00 1325.00
725.00 1341.00
1313.00 1347.00
898.00 1359.00
363.00 1364.00
856.00 1371.00
43.00 1377.00
453.00 1378.00
1058.00 1383.00
588.00 1385.00
1408.00 1387.00
954.00 1388.00
1016.00 1393.00
1631.00 1410.00
1571.00 1418.00
1107.00 1424.00
667.00 1430.00
336.00 1437.00
1695.00 1437.00
1309.00 1438.00
587.00 1451.00
1174.00 1456.00
1424.00 1456.00
1515.00 1460.00
1367.00 1476.00
528.00 1487.00
1016.00 1490.00
1612.00 1505.00
1528.00 1509.00
1257.00 1510.00
1424.00 1511.00
1057.00 1516.00
814.00 1520.00
1481.00 1528.00
971.00 1537.00
866.00 1558.00
40.00 1559.00
626.00 1566.00
918.00 1572.00
440.00 1577.00
1652.00 1579.00
375.00 1585.00
1369.00 1590.00
959.00 1601.00
640.00 1612.00
1229.00 1614.00
73.00 1618.00
727.00 1633.00
439.00 1634.00
1052.00 1639.00
297.00 1652.00
168.00 1669.00
1181.00 1679.00
583.00 1693.00
1243.00 1696.00
471.00 1709.00
676.00 1729.00
559.00 1748.00
198.00 1756.00
