542.00 288.00
2121.00 300.00
1114.00 308.00
1025.00 335.00
570.00 350.00
630.00 361.00
1159.00 369.00
2047.00 381.00
935.00 464.00
1935.00 498.00
1625.00 504.00
1191.00 535.00
1807.00 560.00
1656.00 584.00
966.00 594.00
2061.00 600.00
291.00 621.00
1350.00 622.00
1812.00 629.00
2114.00 632.00
1490.00 634.00
616.00 635.00
457.00 670.00
573.00 678.00
1830.00 697.00
2024.00 704.00
1277.00 708.00
620.00 709.00
1528.00 711.00
1918.00 711.00
1743.00 764.00
1675.00 770.00
1799.00 775.00
1922.00 776.00
1456.00 784.00
260.00 791.00
1519.00 796.00
2076.00 796.00
2031.00 798.00
1999.00 839.00
1943.00 848.00
1353.00 856.00
456.00 867.00
1415.00 880.00
832.00 883.00
1730.00 888.00
1800.00 889.00
2046.00 912.00
637.00 913.00
2003.00 913.00
834.00 927.00
2126.00 927.00
451.00 928.00
1913.00 928.00
1316.00 929.00
1419.00 931.00
1544.00 935.00
1872.00 935.00
1621.00 939.00
787.00 949.00
1803.00 951.00
1732.00 953.00
2005.00 965.00
1490.00 978.00
2132.00 981.00
581.00 983.00
1659.00 993.00
2048.00 997.00
1877.00 998.00
1707.00 1019.00
758.00 1022.00
1763.00 1022.00
1535.00 1031.00
1924.00 1040.00
1431.00 1047.00
1274.00 1049.00
432.00 1063.00
592.00 1064.00
754.00 1064.00
1878.00 1068.00
382.00 1092.00
1014.00 1095.00
1274.00 1095.00
2041.00 1096.00
1959.00 1104.00
2000.00 1120.00
552.00 1123.00
1561.00 1127.00
723.00 1145.00
1860.00 1157.00
2148.00 1194.00
818.00 1195.00
1809.00 1206.00
1966.00 1206.00
1911.00 1215.00
678.00 1261.00
765.00 1265.00
426.00 1273.00
1863.00 1273.00
1937.00 1285.00
650.00 1325.00
575.00 1374.00
1974.00 1383.00
399.00 1433.00
1820.00 1451.00
1933.00 1460.00
567.00 1473.00
2072.00 1483.00
1835.00 1520.00
1997.00 1523.00
2073.00 1539.00
394.00 1549.00
989.00 1605.00
1666.00 1674.00
920.00 1690.00
658.00 1718.00
