2254.00 267.00
2125.00 272.00
1468.00 275.00
1596.00 277.00
2363.00 283.00
2316.00 295.00
1164.00 296.00
1812.00 297.00
2171.00 299.00
1724.00 308.00
1894.00 312.00
1046.00 318.00
2397.00 325.00
2068.00 335.00
1386.00 340.00
1764.00 349.00
2112.00 349.00
1838.00 351.00
2169.00 351.00
1262.00 353.00
1332.00 354.00
1500.00 355.00
1703.00 361.00
2316.00 361.00
2016.00 371.00
2268.00 372.00
1660.00 373.00
1100.00 375.00
2405.00 376.00
1160.00 382.00
1291.00 395.00
1446.00 395.00
1508.00 397.00
1554.00 397.00
847.00 399.00
1736.00 403.00
2132.00 403.00
1812.00 405.00
922.00 408.00
2012.00 412.00
2084.00 415.00
1691.00 419.00
1098.00 420.00
1038.00 421.00
2288.00 425.00
918.00 449.00
855.00 450.00
1964.00 464.00
1096.00 465.00
1407.00 478.00
2522.00 486.00
2147.00 490.00
851.00 492.00
673.00 497.00
1927.00 511.00
1492.00 513.00
2337.00 516.00
971.00 527.00
2561.00 533.00
1468.00 589.00
2063.00 589.00
2135.00 592.00
967.00 597.00
2456.00 599.00
2408.00 600.00
2527.00 602.00
1332.00 609.00
1423.00 623.00
904.00 624.00
2312.00 626.00
2361.00 626.00
1599.00 627.00
1516.00 643.00
1720.00 644.00
963.00 647.00
1146.00 654.00
1333.00 658.00
2123.00 658.00
837.00 664.00
2409.00 667.00
2325.00 680.00
1985.00 683.00
897.00 696.00
1216.00 711.00
662.00 712.00
1455.00 717.00
2506.00 718.00
2168.00 719.00
1496.00 724.00
1812.00 740.00
1080.00 742.00
895.00 745.00
2239.00 754.00
892.00 788.00
951.00 788.00
2399.00 800.00
1912.00 801.00
1628.00 802.00
2037.00 811.00
826.00 812.00
1080.00 816.00
1833.00 825.00
767.00 828.00
1240.00 833.00
887.00 841.00
2201.00 855.00
1063.00 873.00
643.00 874.00
1009.00 879.00
1311.00 880.00
2039.00 881.00
885.00 897.00
1760.00 901.00
2140.00 901.00
1572.00 903.00
2205.00 903.00
1907.00 909.00
1404.00 915.00
2008.00 922.00
1676.00 942.00
1785.00 943.00
1472.00 951.00
2360.00 955.00
1238.00 970.00
1426.00 970.00
1341.00 981.00
1969.00 981.00
2048.00 982.00
1717.00 984.00
1669.00 1001.00
878.00 1014.00
1253.00 1015.00
1417.00 1019.00
1602.00 1039.00
2143.00 1090.00
937.00 1103.00
1001.00 1103.00
1337.00 1120.00
1420.00 1120.00
1503.00 1121.00
1605.00 1123.00
1721.00 1124.00
1803.00 1125.00
868.00 1161.00
1862.00 1169.00
1375.00 1182.00
1557.00 1186.00
1797.00 1200.00
1063.00 1215.00
1609.00 1220.00
1696.00 1258.00
1241.00 1291.00
1511.00 1297.00
796.00 1303.00
1194.00 1305.00
1346.00 1378.00
1648.00 1378.00
2290.00 1389.00
1208.00 1412.00
2048.00 1430.00
1901.00 1447.00
2123.00 1464.00
2412.00 1480.00
2454.00 1480.00
1710.00 1482.00
1198.00 1490.00
1306.00 1495.00
1575.00 1524.00
1022.00 1535.00
1946.00 1542.00
2035.00 1571.00
1903.00 1572.00
1565.00 1580.00
1209.00 1616.00
1399.00 1628.00
781.00 1648.00
848.00 1652.00
916.00 1655.00
982.00 1658.00
1049.00 1661.00
1749.00 1661.00
1117.00 1663.00
2348.00 1679.00
2431.00 1680.00
1407.00 1689.00
1687.00 1690.00
1335.00 1691.00
