2109.00 273.00
2222.00 290.00
2166.00 291.00
2048.00 318.00
2280.00 325.00
2114.00 338.00
1416.00 348.00
2387.00 357.00
880.00 387.00
2489.00 387.00
1079.00 390.00
1383.00 396.00
2269.00 397.00
2570.00 397.00
1273.00 400.00
2330.00 401.00
1431.00 413.00
1156.00 419.00
1242.00 443.00
1298.00 448.00
1772.00 462.00
1848.00 477.00
829.00 485.00
510.00 498.00
1952.00 501.00
1040.00 507.00
2016.00 517.00
969.00 522.00
1423.00 540.00
2104.00 543.00
1966.00 553.00
1031.00 568.00
2184.00 568.00
2365.00 581.00
967.00 601.00
1648.00 601.00
2076.00 601.00
2152.00 613.00
2320.00 613.00
743.00 622.00
2450.00 651.00
981.00 652.00
1683.00 655.00
2360.00 659.00
1979.00 664.00
1913.00 681.00
2445.00 694.00
2547.00 713.00
1591.00 714.00
1754.00 715.00
1984.00 723.00
1810.00 724.00
2413.00 746.00
1895.00 761.00
1590.00 762.00
2240.00 768.00
1798.00 778.00
1988.00 778.00
2168.00 779.00
2553.00 796.00
1947.00 799.00
2470.00 814.00
2397.00 815.00
1630.00 829.00
1992.00 838.00
2404.00 899.00
1673.00 1026.00
2147.00 1029.00
1616.00 1053.00
2426.00 1061.00
28.00 1064.00
1726.00 1173.00
466.00 1199.00
1726.00 1241.00
504.00 1312.00
2447.00 1397.00
352.00 1408.00
464.00 1656.00
2351.00 1690.00
