1685.00 12.00
1832.00 47.00
1923.00 59.00
1296.00 71.00
2166.00 80.00
1275.00 136.00
1899.00 161.00
2177.00 163.00
2057.00 168.00
1578.00 177.00
1646.00 177.00
1781.00 202.00
2066.00 225.00
1724.00 236.00
1457.00 238.00
2011.00 240.00
1550.00 283.00
2372.00 289.00
1843.00 293.00
1610.00 302.00
1502.00 305.00
1456.00 307.00
2077.00 314.00
1771.00 317.00
2008.00 339.00
1613.00 363.00
1332.00 365.00
1795.00 371.00
2117.00 373.00
1939.00 374.00
1724.00 379.00
1520.00 380.00
1400.00 381.00
1640.00 413.00
1914.00 418.00
2000.00 430.00
1505.00 432.00
1432.00 450.00
2487.00 451.00
2538.00 452.00
1365.00 459.00
1612.00 461.00
1675.00 473.00
1754.00 473.00
1615.00 502.00
1736.00 517.00
1540.00 522.00
1355.00 523.00
1915.00 525.00
2273.00 528.00
1874.00 540.00
2137.00 544.00
1306.00 554.00
1664.00 558.00
1531.00 563.00
1585.00 564.00
2183.00 572.00
1717.00 592.00
1987.00 606.00
1946.00 621.00
1799.00 626.00
2496.00 629.00
1522.00 631.00
1869.00 642.00
1918.00 677.00
1993.00 679.00
2450.00 686.00
1537.00 696.00
1322.00 699.00
1878.00 736.00
1721.00 765.00
2481.00 788.00
1490.00 789.00
2113.00 791.00
1816.00 803.00
1690.00 824.00
1376.00 835.00
1837.00 872.00
1380.00 881.00
1770.00 895.00
1444.00 911.00
1891.00 911.00
2203.00 912.00
1361.00 947.00
1255.00 951.00
1773.00 951.00
2230.00 958.00
1409.00 972.00
2189.00 978.00
1300.00 990.00
1239.00 1018.00
2487.00 1033.00
1313.00 1043.00
1486.00 1063.00
1364.00 1071.00
1825.00 1093.00
1290.00 1095.00
2448.00 1102.00
1508.00 1109.00
1433.00 1110.00
1856.00 1136.00
1739.00 1144.00
2489.00 1150.00
1454.00 1179.00
1849.00 1182.00
1982.00 1238.00
2193.00 1272.00
2247.00 1279.00
2102.00 1290.00
2042.00 1295.00
2333.00 1332.00
2112.00 1337.00
1899.00 1351.00
1395.00 1360.00
2006.00 1361.00
2011.00 1403.00
2225.00 1409.00
2143.00 1432.00
2440.00 1456.00
2102.00 1466.00
2485.00 1471.00
2244.00 1512.00
1826.00 1513.00
1954.00 1544.00
1861.00 1559.00
1759.00 1598.00
2513.00 1608.00
1875.00 1633.00
2288.00 1664.00
2024.00 1703.00
2399.00 1710.00
2303.00 1717.00
1586.00 1738.00
1681.00 1774.00
1912.00 1792.00
1614.00 1798.00
1479.00 1823.00
1721.00 1842.00
1584.00 1846.00
1922.00 1862.00
1537.00 1875.00
1661.00 1899.00
1826.00 1900.00
1725.00 1930.00
2429.00 1943.00
