1817.00 337.00
1360.00 352.00
851.00 372.00
1940.00 375.00
919.00 378.00
1723.00 383.00
1677.00 384.00
1887.00 386.00
1358.00 401.00
1289.00 419.00
1739.00 443.00
1248.00 452.00
1393.00 459.00
2094.00 462.00
878.00 470.00
1621.00 479.00
1093.00 492.00
1549.00 494.00
1973.00 500.00
2232.00 503.00
1775.00 505.00
1027.00 512.00
1208.00 523.00
1420.00 523.00
1931.00 523.00
1981.00 545.00
1626.00 547.00
1779.00 551.00
1166.00 553.00
1918.00 569.00
1023.00 570.00
1484.00 575.00
1610.00 588.00
1712.00 591.00
2015.00 596.00
2088.00 597.00
1865.00 603.00
1260.00 624.00
1396.00 625.00
1790.00 626.00
1741.00 634.00
1545.00 644.00
1586.00 663.00
1913.00 670.00
824.00 671.00
1473.00 674.00
1333.00 676.00
1703.00 679.00
607.00 682.00
651.00 686.00
1540.00 690.00
1656.00 699.00
2268.00 700.00
2211.00 712.00
1774.00 717.00
1411.00 725.00
1479.00 733.00
1305.00 735.00
1550.00 743.00
1737.00 761.00
1923.00 773.00
1457.00 780.00
2122.00 783.00
1661.00 784.00
1552.00 791.00
1605.00 792.00
480.00 793.00
1506.00 798.00
915.00 804.00
2014.00 810.00
1458.00 829.00
1177.00 835.00
1222.00 835.00
1742.00 836.00
1296.00 839.00
1641.00 839.00
1814.00 872.00
1190.00 879.00
1972.00 888.00
2016.00 888.00
1644.00 916.00
1568.00 924.00
1495.00 932.00
1991.00 932.00
1313.00 939.00
1429.00 939.00
2225.00 970.00
1979.00 973.00
2017.00 1115.00
1748.00 1204.00
1866.00 1318.00
2020.00 1366.00
2086.00 1369.00
767.00 1404.00
