1584.00 281.00
2061.00 377.00
1787.00 422.00
1351.00 447.00
1368.00 492.00
2040.00 541.00
1265.00 544.00
1378.00 588.00
1438.00 588.00
1875.00 619.00
1426.00 633.00
1689.00 636.00
2087.00 636.00
1287.00 660.00
1215.00 674.00
2178.00 679.00
1729.00 705.00
1255.00 740.00
1465.00 740.00
2182.00 741.00
2017.00 742.00
1599.00 755.00
1727.00 779.00
1833.00 780.00
2025.00 788.00
1113.00 801.00
1522.00 817.00
1834.00 822.00
1533.00 871.00
2199.00 897.00
1383.00 904.00
1746.00 908.00
1453.00 917.00
1704.00 922.00
1983.00 951.00
1496.00 953.00
1355.00 960.00
1560.00 970.00
2207.00 970.00
1313.00 1008.00
1496.00 1014.00
1427.00 1017.00
1537.00 1028.00
2216.00 1041.00
1164.00 1070.00
2334.00 1071.00
2216.00 1088.00
1261.00 1106.00
2049.00 1155.00
1234.00 1162.00
