1513.00 384.00
1569.00 458.00
1618.00 459.00
1835.00 468.00
1528.00 476.00
1789.00 485.00
1744.00 504.00
724.00 542.00
1631.00 552.00
1055.00 565.00
1916.00 598.00
1526.00 614.00
2044.00 620.00
1056.00 632.00
1961.00 645.00
1341.00 652.00
1695.00 655.00
598.00 657.00
1900.00 663.00
1195.00 672.00
896.00 680.00
1836.00 682.00
1770.00 702.00
1347.00 741.00
1052.00 747.00
1736.00 751.00
1524.00 769.00
1052.00 799.00
1321.00 810.00
1526.00 810.00
1058.00 848.00
1527.00 851.00
1701.00 886.00
2062.00 893.00
1352.00 895.00
1615.00 896.00
1433.00 910.00
1901.00 919.00
1546.00 937.00
1702.00 941.00
1609.00 956.00
1461.00 977.00
1970.00 1027.00
1030.00 1087.00
1541.00 1097.00
1173.00 1101.00
1879.00 1139.00
1833.00 1143.00
1979.00 1259.00
1979.00 1350.00
1973.00 1403.00
1127.00 1583.00
910.00 1608.00
