2124.00 377.00
2200.00 385.00
1969.00 407.00
2263.00 422.00
2351.00 447.00
2134.00 450.00
1281.00 477.00
1400.00 477.00
2547.00 480.00
2319.00 490.00
1788.00 539.00
2199.00 539.00
1940.00 541.00
2146.00 541.00
1281.00 561.00
1605.00 566.00
1701.00 568.00
1402.00 576.00
1851.00 578.00
2152.00 590.00
1608.00 612.00
2084.00 616.00
1732.00 618.00
2351.00 620.00
1948.00 623.00
2213.00 624.00
2158.00 653.00
1864.00 657.00
1467.00 663.00
1404.00 667.00
1576.00 671.00
2306.00 675.00
2080.00 680.00
1683.00 682.00
2183.00 698.00
1758.00 702.00
2460.00 707.00
2084.00 728.00
1646.00 732.00
2039.00 734.00
2558.00 739.00
1871.00 742.00
1693.00 743.00
2170.00 753.00
2500.00 779.00
1622.00 785.00
2245.00 791.00
1528.00 797.00
1280.00 802.00
2175.00 802.00
1696.00 806.00
1965.00 816.00
1625.00 831.00
2421.00 832.00
2102.00 838.00
2247.00 841.00
2509.00 841.00
1766.00 842.00
1407.00 854.00
2181.00 857.00
2326.00 863.00
1830.00 865.00
1644.00 881.00
1876.00 895.00
2100.00 896.00
1409.00 898.00
1603.00 901.00
1527.00 903.00
2519.00 917.00
1727.00 930.00
2273.00 935.00
1879.00 946.00
1826.00 962.00
1626.00 963.00
2482.00 967.00
2133.00 976.00
2431.00 977.00
1704.00 978.00
2004.00 979.00
2366.00 988.00
2087.00 991.00
2280.00 1001.00
2195.00 1016.00
1849.00 1019.00
1795.00 1028.00
1630.00 1036.00
1739.00 1038.00
1278.00 1039.00
1512.00 1046.00
1567.00 1062.00
2200.00 1084.00
1745.00 1094.00
2515.00 1100.00
1984.00 1103.00
1887.00 1115.00
1681.00 1123.00
1803.00 1128.00
2039.00 1139.00
1444.00 1146.00
2575.00 1150.00
2441.00 1160.00
2344.00 1167.00
2255.00 1175.00
1394.00 1178.00
2209.00 1179.00
1989.00 1184.00
1892.00 1194.00
1571.00 1209.00
1398.00 1224.00
2210.00 1225.00
2133.00 1230.00
1315.00 1231.00
2084.00 1231.00
2279.00 1240.00
1895.00 1243.00
1712.00 1251.00
1584.00 1273.00
2125.00 1274.00
1305.00 1283.00
1671.00 1301.00
1586.00 1314.00
1720.00 1328.00
1357.00 1343.00
2222.00 1346.00
2272.00 1346.00
2344.00 1347.00
2464.00 1348.00
2556.00 1348.00
1574.00 1355.00
2087.00 1379.00
1672.00 1391.00
1735.00 1393.00
1835.00 1427.00
2042.00 1428.00
1880.00 1451.00
1937.00 1455.00
2229.00 1463.00
1655.00 1471.00
2087.00 1481.00
1698.00 1489.00
1886.00 1492.00
1758.00 1498.00
1943.00 1498.00
2231.00 1508.00
1845.00 1510.00
1638.00 1531.00
2071.00 1534.00
1889.00 1540.00
1692.00 1546.00
2236.00 1553.00
1787.00 1556.00
1832.00 1567.00
2092.00 1580.00
1874.00 1608.00
1415.00 1609.00
