898.00 81.00
1000.00 93.00
1049.00 100.00
1091.00 105.00
1445.00 159.00
142.00 219.00
890.00 230.00
1343.00 241.00
882.00 272.00
1546.00 277.00
1554.00 319.00
1450.00 325.00
1138.00 342.00
1513.00 346.00
1005.00 359.00
701.00 360.00
118.00 367.00
1084.00 367.00
1218.00 432.00
864.00 446.00
1264.00 454.00
1456.00 464.00
185.00 470.00
229.00 487.00
399.00 501.00
1033.00 503.00
871.00 517.00
1228.00 519.00
762.00 523.00
1458.00 536.00
204.00 553.00
584.00 579.00
1459.00 584.00
1182.00 593.00
151.00 596.00
1277.00 616.00
1370.00 620.00
977.00 643.00
1030.00 646.00
199.00 647.00
787.00 655.00
378.00 668.00
1326.00 671.00
1211.00 679.00
500.00 686.00
1462.00 704.00
1003.00 710.00
1543.00 745.00
1462.00 753.00
984.00 760.00
417.00 761.00
143.00 764.00
856.00 774.00
8.00 776.00
687.00 779.00
1183.00 784.00
750.00 787.00
216.00 805.00
1326.00 808.00
1130.00 809.00
469.00 812.00
319.00 819.00
803.00 819.00
407.00 835.00
10.00 842.00
755.00 844.00
853.00 853.00
1447.00 855.00
460.00 864.00
503.00 866.00
1466.00 896.00
619.00 899.00
506.00 908.00
815.00 910.00
911.00 910.00
1424.00 927.00
1468.00 944.00
668.00 947.00
54.00 950.00
1279.00 950.00
1231.00 951.00
463.00 971.00
777.00 987.00
645.00 997.00
514.00 1006.00
726.00 1009.00
845.00 1011.00
454.00 1062.00
378.00 1079.00
1378.00 1134.00
1502.00 1150.00
225.00 1173.00
443.00 1193.00
724.00 1247.00
1179.00 1248.00
1546.00 1257.00
1015.00 1264.00
668.00 1279.00
839.00 1372.00
896.00 1406.00
837.00 1442.00
1316.00 1457.00
1037.00 1487.00
1482.00 1506.00
1482.00 1569.00
1177.00 1584.00
834.00 1594.00
1478.00 1628.00
964.00 1663.00
1056.00 1672.00
672.00 1674.00
