2402.00 61.00
2518.00 87.00
2180.00 231.00
2375.00 261.00
2151.00 304.00
2313.00 363.00
1421.00 379.00
2513.00 464.00
1637.00 474.00
2039.00 475.00
1306.00 483.00
2407.00 502.00
1771.00 579.00
1559.00 584.00
1728.00 599.00
1703.00 694.00
1223.00 698.00
1948.00 727.00
1542.00 762.00
2238.00 764.00
1671.00 767.00
1586.00 778.00
2194.00 790.00
1894.00 809.00
2242.00 809.00
1628.00 825.00
1708.00 835.00
1792.00 853.00
2190.00 871.00
2443.00 903.00
1750.00 905.00
1684.00 907.00
2510.00 915.00
1282.00 917.00
1840.00 918.00
2117.00 924.00
2249.00 925.00
1728.00 950.00
1647.00 953.00
1774.00 953.00
1336.00 956.00
1913.00 959.00
1458.00 967.00
2271.00 969.00
2500.00 975.00
1201.00 977.00
2354.00 977.00
1805.00 995.00
1633.00 1002.00
1312.00 1035.00
2386.00 1035.00
1966.00 1050.00
2096.00 1073.00
1421.00 1075.00
1820.00 1077.00
2359.00 1079.00
1278.00 1113.00
2292.00 1121.00
2146.00 1123.00
1841.00 1132.00
2418.00 1161.00
2175.00 1167.00
1856.00 1173.00
2019.00 1187.00
2098.00 1194.00
1225.00 1235.00
1933.00 1238.00
1980.00 1241.00
1610.00 1243.00
1389.00 1256.00
2368.00 1266.00
2530.00 1277.00
1348.00 1278.00
1905.00 1279.00
1791.00 1280.00
2192.00 1287.00
1226.00 1291.00
2282.00 1291.00
1433.00 1297.00
2481.00 1297.00
1349.00 1324.00
1919.00 1329.00
1768.00 1360.00
2443.00 1366.00
1863.00 1368.00
2227.00 1376.00
1600.00 1382.00
2583.00 1398.00
1713.00 1404.00
1754.00 1406.00
2033.00 1409.00
1806.00 1415.00
2370.00 1415.00
1301.00 1421.00
2255.00 1422.00
1602.00 1425.00
2141.00 1433.00
1909.00 1440.00
2570.00 1440.00
1247.00 1460.00
1299.00 1462.00
1548.00 1467.00
1744.00 1472.00
1998.00 1473.00
1657.00 1474.00
1435.00 1476.00
1380.00 1479.00
1698.00 1482.00
2112.00 1485.00
2183.00 1493.00
2442.00 1501.00
1579.00 1515.00
2067.00 1519.00
1530.00 1520.00
1848.00 1520.00
2500.00 1529.00
1777.00 1533.00
1935.00 1533.00
2232.00 1535.00
1322.00 1542.00
1736.00 1556.00
2191.00 1559.00
2042.00 1564.00
1231.00 1566.00
1400.00 1567.00
1520.00 1569.00
1863.00 1586.00
1210.00 1607.00
2119.00 1626.00
2279.00 1628.00
1147.00 1647.00
2543.00 1649.00
1559.00 1650.00
2071.00 1655.00
1695.00 1662.00
1840.00 1671.00
2030.00 1671.00
1975.00 1672.00
2142.00 1672.00
1188.00 1673.00
2244.00 1703.00
2415.00 1704.00
1320.00 1709.00
1695.00 1716.00
2033.00 1719.00
1249.00 1723.00
2129.00 1735.00
2290.00 1738.00
1645.00 1744.00
1960.00 1744.00
2075.00 1745.00
1297.00 1752.00
1173.00 1784.00
2292.00 1800.00
1831.00 1814.00
2376.00 1820.00
2155.00 1821.00
1657.00 1826.00
1580.00 1834.00
1750.00 1834.00
2335.00 1842.00
1699.00 1853.00
1962.00 1887.00
2382.00 1901.00
1816.00 1921.00
2228.00 1924.00
1704.00 1936.00
2365.00 1949.00
2039.00 1968.00
2208.00 2007.00
2554.00 2032.00
