1940.00 206.00
1348.00 223.00
2523.00 224.00
2089.00 241.00
2406.00 251.00
2183.00 254.00
1602.00 299.00
1906.00 329.00
2293.00 343.00
1707.00 344.00
510.00 349.00
1767.00 365.00
1979.00 381.00
1840.00 389.00
1608.00 397.00
2365.00 405.00
1699.00 406.00
2285.00 422.00
2102.00 425.00
1844.00 431.00
1995.00 441.00
866.00 446.00
2050.00 447.00
2163.00 465.00
1613.00 504.00
862.00 511.00
1882.00 519.00
2332.00 526.00
1164.00 528.00
1803.00 529.00
2377.00 537.00
2283.00 540.00
1956.00 599.00
2111.00 600.00
1493.00 638.00
1937.00 640.00
2219.00 645.00
1495.00 681.00
2400.00 687.00
1384.00 689.00
387.00 705.00
2104.00 708.00
2191.00 719.00
1882.00 734.00
465.00 739.00
1413.00 745.00
2409.00 748.00
2071.00 775.00
1994.00 798.00
1090.00 810.00
2175.00 810.00
1507.00 817.00
2418.00 820.00
1525.00 862.00
1094.00 882.00
1155.00 892.00
1527.00 908.00
1762.00 909.00
2119.00 951.00
1154.00 958.00
1387.00 990.00
1482.00 1004.00
1532.00 1011.00
2398.00 1011.00
2017.00 1038.00
2445.00 1050.00
2400.00 1070.00
2451.00 1112.00
2174.00 1125.00
2389.00 1145.00
1895.00 1266.00
2198.00 1298.00
987.00 1359.00
903.00 1424.00
1799.00 1424.00
2296.00 1432.00
1020.00 1465.00
1382.00 1479.00
1834.00 1639.00
1796.00 1751.00
1616.00 1835.00
