599.00 340.00
529.00 392.00
1431.00 497.00
749.00 576.00
708.00 578.00
1375.00 602.00
862.00 623.00
1008.00 625.00
1168.00 635.00
838.00 701.00
338.00 725.00
534.00 729.00
770.00 750.00
1056.00 751.00
457.00 799.00
1236.00 804.00
1187.00 806.00
959.00 811.00
847.00 816.00
727.00 818.00
584.00 824.00
1095.00 880.00
1464.00 880.00
646.00 887.00
1144.00 891.00
1207.00 911.00
717.00 920.00
832.00 924.00
1330.00 931.00
1438.00 948.00
991.00 954.00
1384.00 970.00
1134.00 973.00
992.00 999.00
1368.00 1012.00
1120.00 1029.00
1303.00 1074.00
906.00 1081.00
1006.00 1173.00
1209.00 1175.00
1070.00 1347.00
1098.00 1397.00
