1616.00 343.00
1838.00 375.00
1241.00 412.00
1416.00 427.00
1869.00 430.00
1929.00 436.00
1679.00 439.00
1159.00 457.00
848.00 458.00
1210.00 460.00
1107.00 467.00
935.00 472.00
2542.00 487.00
1968.00 496.00
1149.00 500.00
1743.00 505.00
1074.00 511.00
1020.00 516.00
963.00 518.00
1215.00 538.00
1929.00 541.00
913.00 548.00
1489.00 555.00
706.00 558.00
872.00 563.00
824.00 575.00
1073.00 576.00
1879.00 578.00
1790.00 582.00
1920.00 583.00
1200.00 592.00
1687.00 608.00
1473.00 614.00
983.00 616.00
1408.00 628.00
1072.00 639.00
795.00 643.00
736.00 650.00
1344.00 652.00
2306.00 657.00
1162.00 658.00
2357.00 664.00
1811.00 667.00
1385.00 672.00
1119.00 679.00
2205.00 684.00
829.00 686.00
887.00 690.00
2144.00 691.00
1327.00 693.00
1600.00 712.00
2065.00 717.00
957.00 724.00
1376.00 725.00
1119.00 726.00
2295.00 736.00
1255.00 751.00
1989.00 761.00
915.00 771.00
1944.00 771.00
787.00 789.00
1599.00 797.00
1123.00 803.00
2280.00 819.00
852.00 826.00
680.00 827.00
1243.00 832.00
1675.00 833.00
1617.00 838.00
920.00 844.00
1328.00 853.00
1373.00 855.00
2303.00 860.00
834.00 873.00
1473.00 874.00
2152.00 875.00
1658.00 878.00
2023.00 888.00
1344.00 907.00
1041.00 917.00
1119.00 918.00
2358.00 920.00
2055.00 942.00
1289.00 961.00
1403.00 965.00
2138.00 971.00
1997.00 978.00
1183.00 983.00
1930.00 988.00
1478.00 1007.00
1641.00 1008.00
1886.00 1011.00
2026.00 1019.00
1026.00 1021.00
1340.00 1023.00
1394.00 1024.00
2150.00 1028.00
2211.00 1029.00
2439.00 1032.00
1213.00 1033.00
1551.00 1045.00
1917.00 1057.00
1615.00 1059.00
1776.00 1060.00
1681.00 1063.00
1275.00 1071.00
999.00 1078.00
1042.00 1080.00
2193.00 1080.00
1341.00 1082.00
1123.00 1100.00
1225.00 1108.00
1184.00 1115.00
1283.00 1120.00
1705.00 1133.00
1617.00 1162.00
1772.00 1311.00
1663.00 1333.00
1954.00 1338.00
1077.00 1345.00
2312.00 1351.00
2006.00 1361.00
2096.00 1371.00
1861.00 1374.00
2177.00 1401.00
2044.00 1410.00
1818.00 1413.00
1664.00 1414.00
2263.00 1423.00
1608.00 1436.00
1136.00 1444.00
1958.00 1449.00
2134.00 1452.00
2206.00 1454.00
1663.00 1460.00
2257.00 1477.00
2361.00 1496.00
1924.00 1499.00
2197.00 1512.00
2062.00 1516.00
2142.00 1524.00
1269.00 1527.00
2258.00 1537.00
2324.00 1543.00
2196.00 1569.00
2074.00 1576.00
1937.00 1603.00
2366.00 1603.00
2088.00 1669.00
2371.00 1711.00
2057.00 1753.00
2007.00 1775.00
