1922.00 167.00
1244.00 288.00
1875.00 324.00
1982.00 383.00
1232.00 424.00
1680.00 432.00
1807.00 479.00
1191.00 563.00
1530.00 588.00
1316.00 609.00
1914.00 611.00
1671.00 641.00
1248.00 662.00
1588.00 683.00
1650.00 687.00
1210.00 818.00
986.00 827.00
1032.00 833.00
1723.00 833.00
1635.00 834.00
1336.00 845.00
1768.00 861.00
1280.00 896.00
200.00 934.00
1298.00 958.00
1184.00 988.00
1100.00 1049.00
1799.00 1067.00
988.00 1068.00
1362.00 1077.00
1111.00 1110.00
1811.00 1114.00
1248.00 1400.00
1147.00 1560.00
1376.00 1660.00
