1443.00 406.00
316.00 428.00
512.00 440.00
1183.00 455.00
1309.00 467.00
1622.00 479.00
1255.00 480.00
1855.00 483.00
914.00 485.00
1133.00 516.00
841.00 519.00
1947.00 519.00
1038.00 527.00
1945.00 560.00
960.00 571.00
2045.00 576.00
1255.00 578.00
523.00 584.00
1132.00 585.00
904.00 586.00
457.00 590.00
1048.00 591.00
271.00 593.00
335.00 593.00
1200.00 611.00
2000.00 616.00
776.00 623.00
847.00 623.00
282.00 637.00
1680.00 642.00
1904.00 644.00
1087.00 648.00
528.00 649.00
655.00 655.00
359.00 658.00
978.00 661.00
480.00 663.00
1983.00 673.00
1836.00 674.00
418.00 681.00
1056.00 689.00
1113.00 690.00
1636.00 695.00
720.00 703.00
943.00 708.00
1589.00 725.00
410.00 726.00
1163.00 730.00
616.00 735.00
350.00 738.00
791.00 743.00
1054.00 743.00
1671.00 754.00
1927.00 761.00
554.00 767.00
967.00 773.00
303.00 776.00
1794.00 784.00
1747.00 787.00
1838.00 787.00
1881.00 789.00
898.00 790.00
1670.00 806.00
1580.00 811.00
576.00 820.00
624.00 820.00
790.00 821.00
1052.00 823.00
408.00 831.00
1293.00 838.00
1105.00 840.00
472.00 842.00
1437.00 844.00
744.00 860.00
671.00 866.00
1007.00 868.00
426.00 877.00
1051.00 880.00
1887.00 880.00
1688.00 885.00
469.00 889.00
914.00 894.00
959.00 895.00
558.00 897.00
853.00 897.00
1583.00 899.00
1730.00 900.00
1267.00 901.00
1095.00 908.00
422.00 922.00
741.00 925.00
1186.00 935.00
1049.00 936.00
553.00 938.00
600.00 945.00
646.00 946.00
1255.00 952.00
1585.00 960.00
838.00 962.00
955.00 962.00
896.00 963.00
784.00 973.00
723.00 975.00
1722.00 978.00
474.00 982.00
415.00 991.00
1048.00 991.00
515.00 992.00
614.00 1000.00
656.00 1006.00
1996.00 1013.00
755.00 1022.00
470.00 1028.00
1047.00 1033.00
1267.00 1038.00
300.00 1039.00
512.00 1043.00
712.00 1046.00
888.00 1049.00
941.00 1049.00
994.00 1050.00
411.00 1052.00
755.00 1064.00
639.00 1069.00
572.00 1078.00
1840.00 1081.00
980.00 1091.00
917.00 1092.00
508.00 1094.00
1293.00 1095.00
1783.00 1100.00
1046.00 1105.00
1617.00 1111.00
753.00 1112.00
295.00 1113.00
408.00 1113.00
451.00 1114.00
813.00 1125.00
1677.00 1126.00
1105.00 1136.00
1212.00 1152.00
1267.00 1167.00
751.00 1170.00
1158.00 1223.00
1876.00 1240.00
1778.00 1248.00
742.00 1315.00
963.00 1375.00
1539.00 1377.00
1042.00 1440.00
877.00 1543.00
1778.00 1564.00
1007.00 1569.00
1658.00 1579.00
909.00 1667.00
1541.00 1679.00
