1684.00 325.00
2136.00 326.00
1327.00 327.00
1887.00 330.00
1545.00 333.00
1109.00 349.00
754.00 361.00
2399.00 372.00
1388.00 378.00
1615.00 384.00
858.00 391.00
2328.00 402.00
918.00 409.00
1107.00 409.00
746.00 430.00
1591.00 436.00
1456.00 445.00
1277.00 473.00
911.00 495.00
1479.00 504.00
1211.00 512.00
1525.00 524.00
1735.00 537.00
2162.00 544.00
1210.00 558.00
1567.00 572.00
909.00 575.00
1714.00 578.00
1155.00 581.00
1420.00 588.00
2151.00 591.00
678.00 603.00
784.00 613.00
1255.00 623.00
511.00 626.00
729.00 630.00
1102.00 635.00
1927.00 641.00
1212.00 652.00
1477.00 669.00
1835.00 677.00
736.00 679.00
1686.00 687.00
1935.00 690.00
1208.00 693.00
1334.00 694.00
2279.00 696.00
1532.00 702.00
901.00 708.00
505.00 718.00
667.00 719.00
1842.00 719.00
711.00 743.00
1222.00 744.00
1100.00 748.00
2374.00 748.00
546.00 751.00
2107.00 751.00
2039.00 759.00
665.00 760.00
2247.00 769.00
775.00 774.00
963.00 775.00
1277.00 778.00
1491.00 785.00
1234.00 791.00
1750.00 799.00
1678.00 801.00
1351.00 811.00
1809.00 814.00
2250.00 823.00
1547.00 826.00
961.00 832.00
1472.00 834.00
1639.00 846.00
1281.00 863.00
1364.00 867.00
1822.00 867.00
1524.00 874.00
1458.00 880.00
1681.00 903.00
2331.00 909.00
2102.00 920.00
1096.00 922.00
581.00 925.00
512.00 933.00
1183.00 933.00
1951.00 939.00
1482.00 943.00
2009.00 943.00
1784.00 951.00
2336.00 952.00
1540.00 955.00
651.00 975.00
1095.00 980.00
1481.00 987.00
1611.00 993.00
821.00 1004.00
1182.00 1004.00
1530.00 1005.00
2270.00 1007.00
2220.00 1011.00
762.00 1013.00
2178.00 1014.00
2132.00 1019.00
2024.00 1027.00
1959.00 1032.00
1606.00 1034.00
1095.00 1038.00
1206.00 1062.00
1279.00 1077.00
2371.00 1093.00
699.00 1095.00
1117.00 1095.00
1059.00 1120.00
1763.00 1133.00
952.00 1143.00
1116.00 1150.00
1341.00 1154.00
1987.00 1204.00
637.00 1224.00
1093.00 1249.00
1286.00 1352.00
2249.00 1361.00
2239.00 1425.00
2034.00 1433.00
1811.00 1479.00
626.00 1518.00
1815.00 1520.00
1093.00 1534.00
1237.00 1554.00
625.00 1561.00
2309.00 1569.00
1818.00 1583.00
2119.00 1593.00
1116.00 1686.00
2337.00 1689.00
621.00 1691.00
1088.00 1732.00
741.00 1737.00
1246.00 1744.00
1086.00 1773.00
2045.00 1797.00
