983.00 255.00
273.00 267.00
871.00 267.00
1320.00 296.00
616.00 311.00
1253.00 314.00
1378.00 323.00
1212.00 326.00
248.00 334.00
1758.00 334.00
1320.00 345.00
1477.00 375.00
1714.00 376.00
527.00 392.00
1386.00 398.00
800.00 400.00
935.00 416.00
1713.00 427.00
679.00 430.00
173.00 440.00
559.00 440.00
455.00 448.00
833.00 450.00
350.00 455.00
1339.00 459.00
680.00 471.00
1921.00 473.00
56.00 484.00
1656.00 491.00
255.00 501.00
1160.00 503.00
1799.00 509.00
129.00 519.00
1927.00 519.00
1880.00 528.00
1600.00 534.00
599.00 535.00
783.00 535.00
1284.00 542.00
1649.00 544.00
859.00 546.00
1839.00 554.00
1785.00 555.00
444.00 563.00
124.00 567.00
1076.00 577.00
1034.00 582.00
1122.00 582.00
1689.00 586.00
1194.00 599.00
1741.00 607.00
472.00 626.00
1098.00 629.00
1831.00 642.00
1610.00 647.00
1048.00 653.00
256.00 656.00
1790.00 665.00
1432.00 668.00
727.00 671.00
1525.00 680.00
1670.00 689.00
1120.00 699.00
1738.00 699.00
1030.00 701.00
1263.00 703.00
212.00 704.00
566.00 704.00
1459.00 714.00
1595.00 718.00
1215.00 719.00
138.00 728.00
624.00 728.00
264.00 733.00
1673.00 734.00
1748.00 741.00
1046.00 743.00
1846.00 743.00
1262.00 753.00
1436.00 755.00
1377.00 763.00
87.00 765.00
407.00 768.00
796.00 777.00
1754.00 786.00
1094.00 799.00
1696.00 809.00
152.00 813.00
1167.00 815.00
1262.00 823.00
348.00 848.00
413.00 856.00
1093.00 860.00
1322.00 868.00
1262.00 872.00
947.00 882.00
101.00 885.00
1141.00 893.00
1043.00 907.00
1192.00 915.00
1352.00 915.00
542.00 921.00
744.00 933.00
643.00 934.00
474.00 935.00
1090.00 939.00
216.00 965.00
1239.00 967.00
1165.00 973.00
524.00 977.00
473.00 984.00
574.00 985.00
1317.00 986.00
1065.00 990.00
112.00 1008.00
255.00 1026.00
1389.00 1030.00
840.00 1033.00
598.00 1034.00
53.00 1038.00
1263.00 1039.00
1021.00 1040.00
1063.00 1041.00
1335.00 1055.00
1115.00 1094.00
1020.00 1102.00
1406.00 1110.00
1063.00 1113.00
811.00 1116.00
1903.00 1120.00
1113.00 1135.00
1340.00 1138.00
1036.00 1177.00
1169.00 1197.00
1384.00 1206.00
1018.00 1229.00
1334.00 1229.00
1128.00 1230.00
1088.00 1285.00
839.00 1303.00
1938.00 1311.00
1016.00 1377.00
788.00 1399.00
1476.00 1412.00
1016.00 1423.00
1145.00 1469.00
1025.00 1470.00
755.00 1473.00
1745.00 1541.00
1256.00 1556.00
1369.00 1565.00
1510.00 1625.00
1747.00 1720.00
