281.00 296.00
759.00 308.00
591.00 309.00
1107.00 309.00
415.00 314.00
1060.00 325.00
717.00 327.00
222.00 329.00
662.00 350.00
215.00 377.00
1745.00 385.00
710.00 396.00
961.00 397.00
514.00 414.00
567.00 424.00
1737.00 429.00
749.00 438.00
819.00 440.00
1032.00 467.00
310.00 474.00
571.00 480.00
1756.00 481.00
1257.00 488.00
674.00 493.00
923.00 501.00
1340.00 505.00
501.00 507.00
751.00 513.00
1298.00 516.00
1995.00 532.00
565.00 533.00
1954.00 539.00
337.00 548.00
963.00 551.00
800.00 561.00
1191.00 564.00
696.00 574.00
739.00 580.00
1054.00 580.00
869.00 596.00
333.00 598.00
979.00 616.00
933.00 628.00
1495.00 640.00
1334.00 647.00
733.00 651.00
1059.00 656.00
224.00 661.00
688.00 664.00
905.00 680.00
1150.00 687.00
1080.00 701.00
446.00 706.00
1862.00 708.00
686.00 709.00
1814.00 709.00
1037.00 712.00
591.00 721.00
957.00 721.00
728.00 724.00
1133.00 736.00
816.00 741.00
390.00 752.00
431.00 754.00
487.00 763.00
1355.00 772.00
815.00 783.00
1064.00 787.00
1624.00 791.00
995.00 801.00
1536.00 805.00
1433.00 806.00
213.00 828.00
164.00 832.00
478.00 840.00
630.00 842.00
1502.00 846.00
555.00 851.00
1584.00 860.00
199.00 875.00
1665.00 884.00
1492.00 902.00
408.00 918.00
215.00 927.00
1701.00 931.00
343.00 932.00
450.00 937.00
1632.00 941.00
409.00 965.00
669.00 967.00
1438.00 993.00
228.00 997.00
287.00 997.00
528.00 1003.00
1743.00 1004.00
586.00 1017.00
1501.00 1028.00
507.00 1056.00
1983.00 1064.00
1914.00 1068.00
200.00 1069.00
1776.00 1095.00
1637.00 1098.00
1996.00 1112.00
526.00 1114.00
323.00 1115.00
435.00 1118.00
1780.00 1136.00
248.00 1139.00
660.00 1151.00
1657.00 1158.00
338.00 1179.00
1789.00 1194.00
1748.00 1205.00
528.00 1240.00
1792.00 1306.00
1686.00 1391.00
1766.00 1394.00
142.00 1448.00
