251.00 279.00
306.00 279.00
639.00 287.00
1319.00 304.00
269.00 327.00
438.00 335.00
1063.00 344.00
223.00 362.00
667.00 372.00
424.00 392.00
1634.00 408.00
178.00 435.00
978.00 467.00
320.00 472.00
255.00 485.00
1375.00 496.00
778.00 504.00
1701.00 525.00
563.00 528.00
1912.00 531.00
1953.00 531.00
1000.00 535.00
1776.00 535.00
299.00 538.00
355.00 550.00
1556.00 560.00
1208.00 567.00
702.00 575.00
888.00 576.00
1934.00 578.00
1893.00 580.00
1167.00 584.00
1771.00 584.00
1045.00 599.00
1117.00 606.00
1984.00 613.00
1705.00 622.00
793.00 625.00
592.00 634.00
719.00 637.00
1756.00 642.00
1797.00 643.00
19.00 656.00
647.00 656.00
199.00 668.00
1526.00 670.00
1845.00 676.00
259.00 679.00
736.00 679.00
1444.00 688.00
97.00 689.00
550.00 689.00
1739.00 697.00
1395.00 699.00
1698.00 709.00
464.00 711.00
1491.00 715.00
1870.00 718.00
833.00 721.00
201.00 734.00
1128.00 736.00
887.00 738.00
1408.00 753.00
1040.00 755.00
1576.00 755.00
1468.00 756.00
1668.00 757.00
262.00 760.00
543.00 760.00
960.00 767.00
885.00 781.00
175.00 782.00
113.00 786.00
1626.00 788.00
1038.00 796.00
477.00 805.00
1146.00 808.00
353.00 812.00
1930.00 814.00
1688.00 818.00
1809.00 820.00
1981.00 823.00
1582.00 824.00
1494.00 830.00
1402.00 834.00
14.00 848.00
1351.00 848.00
1644.00 849.00
1450.00 869.00
879.00 873.00
778.00 878.00
956.00 880.00
688.00 881.00
111.00 883.00
1796.00 884.00
530.00 888.00
489.00 889.00
407.00 893.00
337.00 896.00
286.00 899.00
1279.00 901.00
1641.00 908.00
1726.00 910.00
1587.00 928.00
1854.00 939.00
727.00 943.00
1322.00 945.00
1000.00 952.00
1701.00 957.00
1072.00 968.00
1257.00 972.00
1647.00 977.00
1781.00 990.00
723.00 1006.00
487.00 1007.00
1590.00 1009.00
367.00 1016.00
88.00 1026.00
824.00 1031.00
1769.00 1032.00
1631.00 1033.00
1150.00 1038.00
756.00 1049.00
1743.00 1080.00
1100.00 1082.00
1801.00 1092.00
54.00 1096.00
439.00 1106.00
383.00 1107.00
520.00 1107.00
606.00 1107.00
960.00 1111.00
1159.00 1122.00
1026.00 1129.00
1116.00 1133.00
1255.00 1194.00
401.00 1198.00
1515.00 1203.00
1577.00 1213.00
1175.00 1217.00
873.00 1224.00
446.00 1255.00
1176.00 1262.00
869.00 1291.00
1547.00 1309.00
503.00 1311.00
442.00 1397.00
