1453.00 204.00
864.00 239.00
542.00 455.00
600.00 468.00
659.00 480.00
528.00 496.00
727.00 501.00
291.00 546.00
692.00 557.00
611.00 623.00
307.00 631.00
534.00 714.00
1611.00 730.00
690.00 738.00
280.00 772.00
427.00 795.00
578.00 803.00
1529.00 808.00
630.00 816.00
291.00 825.00
739.00 868.00
1609.00 871.00
1257.00 878.00
256.00 881.00
1343.00 888.00
331.00 906.00
452.00 921.00
383.00 928.00
510.00 929.00
576.00 947.00
1001.00 993.00
847.00 1014.00
1411.00 1023.00
1141.00 1031.00
898.00 1057.00
368.00 1087.00
914.00 1103.00
1056.00 1112.00
1815.00 1138.00
838.00 1164.00
383.00 1174.00
886.00 1184.00
925.00 1243.00
