802.00 35.00
324.00 95.00
1255.00 268.00
1161.00 273.00
1399.00 290.00
1110.00 296.00
955.00 300.00
1296.00 303.00
1231.00 322.00
820.00 337.00
560.00 344.00
1295.00 344.00
1024.00 347.00
1231.00 363.00
958.00 368.00
1294.00 390.00
1230.00 407.00
816.00 410.00
766.00 430.00
1294.00 433.00
988.00 437.00
1229.00 448.00
882.00 470.00
1292.00 474.00
152.00 485.00
836.00 486.00
1228.00 491.00
84.00 509.00
583.00 514.00
744.00 520.00
1110.00 522.00
1293.00 523.00
475.00 535.00
1227.00 536.00
683.00 542.00
876.00 548.00
615.00 556.00
119.00 559.00
829.00 563.00
928.00 570.00
73.00 579.00
371.00 583.00
536.00 585.00
667.00 593.00
725.00 622.00
870.00 627.00
549.00 632.00
769.00 639.00
823.00 644.00
342.00 651.00
1508.00 655.00
445.00 656.00
1225.00 663.00
694.00 669.00
536.00 677.00
1293.00 691.00
455.00 700.00
122.00 713.00
818.00 719.00
295.00 720.00
1190.00 730.00
352.00 732.00
861.00 740.00
1255.00 740.00
153.00 759.00
51.00 772.00
859.00 791.00
323.00 801.00
811.00 822.00
424.00 827.00
979.00 905.00
804.00 911.00
232.00 918.00
671.00 933.00
196.00 984.00
264.00 1069.00
399.00 1590.00
