1306.00 384.00
1247.00 392.00
1989.00 392.00
527.00 397.00
918.00 401.00
575.00 404.00
1865.00 424.00
1323.00 427.00
1509.00 429.00
2096.00 430.00
839.00 431.00
1460.00 442.00
1102.00 451.00
423.00 463.00
755.00 464.00
2028.00 473.00
1004.00 478.00
2095.00 480.00
465.00 494.00
678.00 495.00
1633.00 500.00
442.00 537.00
1504.00 537.00
1112.00 543.00
862.00 559.00
1058.00 559.00
663.00 563.00
1870.00 568.00
1965.00 570.00
771.00 571.00
716.00 583.00
1328.00 583.00
1261.00 600.00
974.00 611.00
2073.00 617.00
1173.00 623.00
1855.00 623.00
1503.00 624.00
1898.00 628.00
2018.00 630.00
1668.00 632.00
1950.00 638.00
803.00 639.00
863.00 645.00
1391.00 651.00
2184.00 656.00
752.00 657.00
930.00 660.00
1200.00 664.00
1846.00 664.00
2121.00 665.00
1506.00 667.00
2044.00 672.00
1258.00 679.00
1435.00 682.00
1992.00 685.00
1652.00 692.00
1590.00 701.00
1731.00 701.00
1064.00 703.00
383.00 707.00
1135.00 709.00
2050.00 713.00
578.00 714.00
621.00 723.00
791.00 729.00
1800.00 729.00
1992.00 742.00
1742.00 743.00
522.00 747.00
1552.00 760.00
1618.00 763.00
1258.00 767.00
586.00 768.00
1050.00 777.00
808.00 785.00
1996.00 786.00
1952.00 791.00
682.00 799.00
1798.00 812.00
1460.00 814.00
746.00 821.00
1360.00 823.00
503.00 827.00
1696.00 828.00
1055.00 834.00
462.00 837.00
2113.00 843.00
1504.00 849.00
1916.00 849.00
2156.00 850.00
686.00 855.00
1823.00 855.00
1130.00 856.00
1866.00 860.00
602.00 873.00
1327.00 879.00
1393.00 880.00
984.00 889.00
817.00 890.00
1574.00 898.00
1038.00 905.00
1518.00 906.00
1255.00 909.00
1926.00 913.00
896.00 915.00
1130.00 919.00
1982.00 922.00
1302.00 925.00
1941.00 960.00
701.00 961.00
1542.00 961.00
1645.00 966.00
1129.00 982.00
408.00 991.00
1881.00 991.00
915.00 1001.00
697.00 1018.00
1974.00 1025.00
1742.00 1026.00
1103.00 1033.00
2124.00 1036.00
738.00 1039.00
1523.00 1056.00
982.00 1061.00
912.00 1063.00
610.00 1067.00
2182.00 1072.00
780.00 1074.00
409.00 1077.00
1608.00 1080.00
367.00 1082.00
2075.00 1083.00
1435.00 1090.00
1112.00 1096.00
1567.00 1104.00
668.00 1110.00
1664.00 1115.00
1500.00 1117.00
2135.00 1121.00
767.00 1127.00
907.00 1130.00
2075.00 1131.00
2034.00 1133.00
1554.00 1145.00
1089.00 1153.00
973.00 1164.00
1279.00 1165.00
1025.00 1179.00
2132.00 1181.00
1933.00 1187.00
2077.00 1197.00
1127.00 1202.00
1186.00 1206.00
1879.00 1216.00
1380.00 1218.00
1808.00 1219.00
494.00 1232.00
1762.00 1239.00
1697.00 1242.00
1524.00 1248.00
2239.00 1249.00
969.00 1253.00
2074.00 1254.00
671.00 1261.00
2011.00 1263.00
2135.00 1266.00
605.00 1271.00
873.00 1275.00
1383.00 1281.00
1460.00 1293.00
2122.00 1315.00
2247.00 1315.00
1928.00 1316.00
2038.00 1316.00
2202.00 1316.00
2081.00 1317.00
1852.00 1319.00
1784.00 1325.00
1680.00 1326.00
1521.00 1328.00
1615.00 1328.00
770.00 1329.00
1432.00 1359.00
2045.00 1367.00
1680.00 1381.00
1787.00 1400.00
1618.00 1408.00
1896.00 1419.00
1463.00 1451.00
1522.00 1451.00
1227.00 1454.00
1351.00 1461.00
1611.00 1465.00
642.00 1478.00
1824.00 1479.00
2176.00 1488.00
1446.00 1495.00
1312.00 1515.00
1688.00 1515.00
1249.00 1537.00
1827.00 1542.00
1460.00 1562.00
1978.00 1576.00
1353.00 1588.00
1723.00 1592.00
1312.00 1595.00
1594.00 1629.00
1690.00 1636.00
1640.00 1646.00
1868.00 1648.00
1983.00 1656.00
2024.00 1657.00
2194.00 1669.00
1578.00 1694.00
1521.00 1725.00
1579.00 1743.00
745.00 1746.00
1446.00 1758.00
900.00 1776.00
