271.00 21.00
992.00 30.00
102.00 40.00
438.00 67.00
106.00 91.00
200.00 123.00
1600.00 131.00
486.00 135.00
111.00 147.00
1874.00 180.00
162.00 188.00
470.00 191.00
1036.00 274.00
793.00 307.00
204.00 312.00
1521.00 360.00
310.00 364.00
1577.00 390.00
269.00 400.00
332.00 418.00
716.00 427.00
665.00 447.00
323.00 460.00
374.00 522.00
50.00 588.00
398.00 592.00
1488.00 602.00
601.00 609.00
663.00 639.00
878.00 645.00
926.00 646.00
595.00 652.00
1119.00 655.00
703.00 703.00
775.00 718.00
511.00 721.00
565.00 743.00
1375.00 743.00
696.00 759.00
651.00 761.00
506.00 762.00
1118.00 769.00
83.00 771.00
799.00 791.00
1403.00 794.00
1651.00 805.00
663.00 810.00
475.00 811.00
711.00 822.00
1200.00 823.00
56.00 864.00
113.00 872.00
511.00 874.00
166.00 880.00
1485.00 889.00
273.00 895.00
347.00 906.00
418.00 916.00
582.00 919.00
57.00 921.00
1724.00 927.00
128.00 936.00
1303.00 943.00
1528.00 944.00
1663.00 954.00
239.00 956.00
1409.00 959.00
904.00 977.00
481.00 994.00
525.00 994.00
337.00 1006.00
1039.00 1016.00
783.00 1022.00
18.00 1035.00
234.00 1041.00
448.00 1054.00
1241.00 1081.00
343.00 1135.00
896.00 1185.00
1747.00 1188.00
1291.00 1190.00
1579.00 1196.00
950.00 1214.00
1096.00 1217.00
1696.00 1247.00
1655.00 1250.00
1289.00 1252.00
1623.00 1325.00
1448.00 1329.00
892.00 1330.00
1236.00 1331.00
1297.00 1331.00
427.00 1348.00
1150.00 1379.00
1202.00 1382.00
1264.00 1383.00
1323.00 1384.00
1366.00 1385.00
1443.00 1388.00
1484.00 1389.00
1529.00 1390.00
1733.00 1392.00
1677.00 1393.00
1787.00 1393.00
1849.00 1394.00
1175.00 1429.00
1265.00 1436.00
1103.00 1441.00
1365.00 1444.00
1445.00 1449.00
1487.00 1452.00
1623.00 1460.00
1678.00 1461.00
1731.00 1464.00
1790.00 1467.00
1854.00 1471.00
1145.00 1475.00
1206.00 1484.00
1445.00 1510.00
1490.00 1516.00
1531.00 1519.00
1574.00 1523.00
1145.00 1524.00
1626.00 1528.00
1206.00 1533.00
1678.00 1533.00
1732.00 1537.00
1262.00 1541.00
1790.00 1543.00
1858.00 1548.00
1335.00 1554.00
1405.00 1565.00
1446.00 1571.00
1149.00 1572.00
1489.00 1577.00
1531.00 1584.00
1575.00 1589.00
1624.00 1596.00
1679.00 1602.00
1792.00 1617.00
1149.00 1623.00
1404.00 1625.00
1486.00 1640.00
1236.00 1643.00
1532.00 1648.00
919.00 1654.00
1625.00 1663.00
1683.00 1675.00
1405.00 1683.00
1794.00 1695.00
1264.00 1706.00
1098.00 1708.00
1329.00 1723.00
960.00 1727.00
1630.00 1735.00
1681.00 1744.00
1273.00 1749.00
339.00 1757.00
880.00 1760.00
1328.00 1764.00
1489.00 1769.00
1532.00 1779.00
1401.00 1784.00
777.00 1799.00
1487.00 1812.00
1678.00 1816.00
1743.00 1832.00
1680.00 1867.00
1263.00 1882.00
1519.00 1887.00
945.00 1894.00
792.00 1896.00
595.00 1904.00
1711.00 1947.00
1173.00 1952.00
814.00 1953.00
1287.00 1953.00
