2352.00 222.00
2570.00 360.00
477.00 426.00
541.00 438.00
2234.00 472.00
756.00 473.00
475.00 535.00
2132.00 539.00
1442.00 550.00
1950.00 553.00
2489.00 592.00
1426.00 603.00
766.00 617.00
816.00 627.00
2214.00 678.00
2020.00 680.00
1142.00 684.00
576.00 690.00
2500.00 703.00
489.00 711.00
691.00 751.00
1325.00 751.00
1887.00 779.00
1998.00 780.00
1395.00 784.00
1563.00 789.00
665.00 794.00
818.00 807.00
552.00 811.00
1940.00 812.00
1829.00 816.00
1671.00 826.00
1751.00 849.00
1272.00 856.00
2009.00 857.00
2056.00 865.00
1425.00 867.00
811.00 868.00
1654.00 870.00
1605.00 874.00
1927.00 876.00
566.00 877.00
1231.00 880.00
500.00 885.00
1183.00 897.00
2545.00 906.00
1180.00 949.00
1769.00 957.00
940.00 962.00
1966.00 968.00
1640.00 984.00
1896.00 1023.00
1797.00 1026.00
605.00 1027.00
1747.00 1028.00
1683.00 1030.00
776.00 1067.00
1152.00 1079.00
2268.00 1085.00
1418.00 1102.00
814.00 1137.00
1446.00 1143.00
1589.00 1265.00
1654.00 1307.00
2124.00 1765.00
1671.00 1802.00
1158.00 1915.00
1375.00 1990.00
