2479.00 308.00
1855.00 366.00
1821.00 424.00
1879.00 439.00
1327.00 463.00
2174.00 470.00
1754.00 483.00
1477.00 521.00
1653.00 529.00
1799.00 536.00
973.00 540.00
1751.00 554.00
1515.00 571.00
1876.00 583.00
2186.00 583.00
1053.00 586.00
1396.00 593.00
2408.00 597.00
927.00 599.00
1165.00 606.00
871.00 615.00
1848.00 625.00
2482.00 627.00
1313.00 632.00
1485.00 638.00
1247.00 640.00
1790.00 642.00
1085.00 655.00
1712.00 664.00
2558.00 683.00
1398.00 690.00
2241.00 691.00
1802.00 695.00
1168.00 702.00
1213.00 702.00
1865.00 704.00
1551.00 711.00
2325.00 711.00
2470.00 720.00
2427.00 734.00
1047.00 737.00
2009.00 737.00
2340.00 752.00
865.00 765.00
1333.00 774.00
2208.00 778.00
1832.00 779.00
994.00 783.00
1775.00 792.00
2473.00 798.00
1732.00 800.00
1080.00 805.00
1527.00 807.00
909.00 818.00
950.00 820.00
2214.00 842.00
2159.00 846.00
1869.00 856.00
971.00 861.00
1991.00 864.00
858.00 871.00
1057.00 887.00
1393.00 902.00
926.00 905.00
1158.00 909.00
1854.00 912.00
967.00 914.00
862.00 926.00
1231.00 961.00
1707.00 964.00
2055.00 986.00
1666.00 991.00
1847.00 996.00
1390.00 1017.00
1220.00 1094.00
1330.00 1172.00
1401.00 1224.00
1857.00 1241.00
1573.00 1248.00
1614.00 1250.00
1899.00 1271.00
969.00 1279.00
994.00 1325.00
943.00 1327.00
1628.00 1329.00
1879.00 1329.00
910.00 1369.00
2415.00 1440.00
852.00 1455.00
881.00 1573.00
882.00 1614.00
1593.00 1678.00
880.00 1697.00
