1399.00 152.00
838.00 171.00
2152.00 175.00
885.00 179.00
2193.00 183.00
1016.00 292.00
2502.00 295.00
1301.00 326.00
1207.00 328.00
1260.00 335.00
1560.00 388.00
1812.00 438.00
965.00 457.00
2502.00 460.00
2554.00 477.00
1552.00 503.00
2333.00 601.00
942.00 612.00
1214.00 633.00
2192.00 668.00
1211.00 674.00
1126.00 700.00
2079.00 704.00
1168.00 707.00
1232.00 716.00
1069.00 729.00
2338.00 732.00
1336.00 743.00
1543.00 743.00
2239.00 750.00
1128.00 754.00
2119.00 757.00
2160.00 763.00
1926.00 773.00
2015.00 776.00
2064.00 785.00
1415.00 791.00
1223.00 792.00
1613.00 814.00
1368.00 855.00
2515.00 855.00
1949.00 856.00
2267.00 863.00
956.00 893.00
2458.00 896.00
851.00 909.00
2298.00 921.00
1428.00 923.00
1722.00 923.00
2505.00 924.00
1974.00 928.00
1356.00 931.00
1879.00 933.00
1606.00 946.00
1664.00 952.00
940.00 954.00
2574.00 955.00
1557.00 959.00
2300.00 973.00
2200.00 983.00
1864.00 997.00
943.00 1001.00
1942.00 1002.00
2159.00 1005.00
1043.00 1026.00
780.00 1029.00
955.00 1082.00
1561.00 1099.00
1466.00 1101.00
2247.00 1133.00
1658.00 1140.00
772.00 1146.00
1455.00 1152.00
822.00 1158.00
991.00 1169.00
2354.00 1185.00
825.00 1203.00
912.00 1229.00
1263.00 1237.00
1786.00 1253.00
2264.00 1287.00
891.00 1289.00
1789.00 1297.00
547.00 1305.00
1150.00 1307.00
1673.00 1326.00
1742.00 1344.00
2099.00 1352.00
2161.00 1354.00
1024.00 1362.00
853.00 1365.00
1844.00 1368.00
1467.00 1377.00
1168.00 1379.00
1243.00 1379.00
778.00 1382.00
971.00 1384.00
1632.00 1391.00
1687.00 1397.00
2158.00 1402.00
1459.00 1418.00
1383.00 1427.00
2045.00 1427.00
1571.00 1433.00
804.00 1445.00
1944.00 1451.00
944.00 1470.00
1372.00 1471.00
1704.00 1472.00
1992.00 1503.00
2218.00 1509.00
1802.00 1512.00
1364.00 1515.00
1659.00 1516.00
1853.00 1519.00
1216.00 1541.00
1170.00 1543.00
1745.00 1544.00
955.00 1548.00
1947.00 1560.00
1402.00 1566.00
1273.00 1576.00
1627.00 1593.00
1774.00 1596.00
782.00 1599.00
1723.00 1601.00
1577.00 1603.00
1950.00 1609.00
1505.00 1610.00
944.00 1615.00
1871.00 1615.00
1175.00 1633.00
759.00 1643.00
1700.00 1643.00
1639.00 1649.00
1826.00 1650.00
1590.00 1653.00
2000.00 1655.00
1778.00 1656.00
800.00 1675.00
1454.00 1684.00
846.00 1685.00
2082.00 1686.00
1887.00 1690.00
2033.00 1704.00
1303.00 1707.00
1393.00 1711.00
2246.00 1711.00
1251.00 1719.00
1082.00 1722.00
1162.00 1724.00
855.00 1753.00
1760.00 1758.00
1912.00 1759.00
1323.00 1761.00
1282.00 1774.00
780.00 1775.00
1367.00 1778.00
2074.00 1779.00
2025.00 1793.00
844.00 1794.00
1125.00 1804.00
1693.00 1819.00
967.00 1827.00
1438.00 1832.00
1566.00 1844.00
2230.00 1849.00
1390.00 1852.00
1510.00 1864.00
1711.00 1870.00
1649.00 1880.00
1896.00 1881.00
2555.00 1886.00
1195.00 1897.00
1782.00 1902.00
983.00 1906.00
928.00 1909.00
1960.00 1912.00
1288.00 1918.00
1851.00 1927.00
1359.00 1935.00
994.00 1951.00
1513.00 1981.00
1595.00 1988.00
2311.00 2000.00
810.00 2034.00
