391.00 256.00
309.00 296.00
706.00 330.00
750.00 333.00
1510.00 333.00
816.00 337.00
623.00 385.00
838.00 390.00
637.00 437.00
1125.00 439.00
880.00 444.00
754.00 492.00
827.00 493.00
901.00 496.00
801.00 553.00
868.00 578.00
718.00 585.00
577.00 587.00
522.00 598.00
985.00 630.00
670.00 655.00
567.00 658.00
1145.00 710.00
704.00 713.00
1091.00 727.00
561.00 730.00
645.00 743.00
698.00 771.00
558.00 791.00
609.00 795.00
1208.00 823.00
692.00 830.00
580.00 840.00
535.00 872.00
635.00 878.00
687.00 890.00
745.00 894.00
1004.00 896.00
549.00 920.00
1207.00 964.00
704.00 965.00
1287.00 967.00
1063.00 986.00
562.00 995.00
889.00 1028.00
621.00 1116.00
1314.00 1128.00
818.00 1134.00
1308.00 1179.00
563.00 1196.00
1260.00 1198.00
1197.00 1239.00
1071.00 1280.00
