1519.00 48.00
1721.00 89.00
746.00 92.00
1596.00 93.00
1921.00 117.00
901.00 128.00
2112.00 145.00
966.00 157.00
1837.00 165.00
850.00 190.00
1293.00 198.00
938.00 213.00
2069.00 232.00
1208.00 236.00
1385.00 250.00
1332.00 257.00
829.00 272.00
1500.00 275.00
1551.00 291.00
1331.00 300.00
2350.00 303.00
1641.00 304.00
1428.00 311.00
1991.00 311.00
1281.00 319.00
1502.00 332.00
1593.00 337.00
1336.00 343.00
2214.00 348.00
1416.00 359.00
1636.00 363.00
1281.00 382.00
1337.00 385.00
1726.00 397.00
864.00 400.00
1459.00 408.00
1614.00 415.00
1025.00 429.00
1844.00 429.00
1764.00 439.00
1157.00 456.00
1380.00 456.00
1532.00 458.00
1711.00 460.00
1433.00 466.00
1289.00 483.00
1808.00 490.00
1002.00 494.00
1857.00 498.00
1045.00 504.00
1933.00 507.00
1172.00 522.00
1569.00 522.00
1697.00 554.00
976.00 582.00
2551.00 589.00
1787.00 598.00
2242.00 599.00
1583.00 618.00
623.00 632.00
2220.00 642.00
1828.00 658.00
667.00 673.00
731.00 682.00
1266.00 683.00
2220.00 704.00
661.00 716.00
1701.00 719.00
1511.00 730.00
669.00 773.00
597.00 780.00
1428.00 794.00
1164.00 822.00
1085.00 829.00
1211.00 861.00
995.00 879.00
1320.00 897.00
1119.00 906.00
1184.00 955.00
1088.00 963.00
2113.00 1001.00
1236.00 1039.00
2270.00 1057.00
2119.00 1058.00
1642.00 1068.00
2222.00 1078.00
1367.00 1159.00
2106.00 1252.00
2414.00 1256.00
1609.00 1343.00
2100.00 1344.00
1743.00 1351.00
1809.00 1352.00
2566.00 1554.00
2492.00 1561.00
2440.00 1567.00
2173.00 1606.00
1650.00 1611.00
1986.00 1636.00
1890.00 1643.00
2256.00 1705.00
2524.00 1707.00
1658.00 1834.00
