1397.00 166.00
1508.00 180.00
2129.00 215.00
1576.00 216.00
1960.00 240.00
2096.00 263.00
1511.00 273.00
2447.00 310.00
2321.00 328.00
1607.00 341.00
1809.00 351.00
1851.00 359.00
1622.00 417.00
1441.00 419.00
1673.00 422.00
1718.00 440.00
2157.00 460.00
1312.00 472.00
2047.00 479.00
1761.00 484.00
1914.00 506.00
1274.00 523.00
1616.00 526.00
1680.00 526.00
1521.00 530.00
1833.00 541.00
1943.00 552.00
2051.00 563.00
1273.00 565.00
2000.00 567.00
1707.00 574.00
1217.00 582.00
1571.00 600.00
1261.00 616.00
2439.00 627.00
1348.00 631.00
1622.00 633.00
1687.00 633.00
1457.00 641.00
1573.00 652.00
1223.00 676.00
1690.00 677.00
1054.00 685.00
1880.00 691.00
1692.00 723.00
1456.00 743.00
1529.00 762.00
1844.00 769.00
1270.00 775.00
2053.00 785.00
1225.00 804.00
1457.00 807.00
1554.00 823.00
1870.00 841.00
1368.00 865.00
1601.00 872.00
1453.00 878.00
1658.00 883.00
1141.00 892.00
1701.00 905.00
1759.00 912.00
1308.00 918.00
1084.00 929.00
1031.00 932.00
1141.00 935.00
2017.00 938.00
1248.00 942.00
1497.00 952.00
1703.00 955.00
1343.00 972.00
2067.00 973.00
1834.00 979.00
1560.00 984.00
1077.00 985.00
1146.00 987.00
1191.00 989.00
1792.00 997.00
1434.00 1018.00
1706.00 1029.00
1042.00 1030.00
1303.00 1031.00
1392.00 1034.00
1256.00 1054.00
1147.00 1059.00
1639.00 1079.00
1393.00 1088.00
1718.00 1093.00
1285.00 1096.00
1328.00 1098.00
1439.00 1104.00
1189.00 1111.00
1126.00 1129.00
1769.00 1130.00
1710.00 1153.00
1992.00 1168.00
1539.00 1185.00
1736.00 1203.00
1282.00 1210.00
1542.00 1258.00
1645.00 1264.00
1792.00 1275.00
1843.00 1277.00
1543.00 1304.00
1099.00 1315.00
1994.00 1327.00
1717.00 1328.00
1573.00 1351.00
1790.00 1375.00
1743.00 1376.00
1878.00 1435.00
1597.00 1439.00
1931.00 1446.00
1720.00 1457.00
1869.00 1563.00
1721.00 1568.00
1407.00 1579.00
1824.00 1585.00
1547.00 1599.00
2057.00 1601.00
1653.00 1627.00
2058.00 1679.00
2026.00 1791.00
