1867.00 376.00
1923.00 379.00
2239.00 393.00
1969.00 398.00
1762.00 407.00
2332.00 413.00
2010.00 423.00
2250.00 451.00
2306.00 457.00
2180.00 472.00
1007.00 493.00
1818.00 515.00
1230.00 523.00
2141.00 528.00
1452.00 533.00
2406.00 535.00
871.00 544.00
990.00 551.00
1982.00 552.00
1235.00 566.00
1786.00 567.00
2336.00 575.00
2437.00 589.00
2524.00 590.00
943.00 597.00
1183.00 598.00
1050.00 599.00
1825.00 618.00
2388.00 618.00
808.00 631.00
1445.00 632.00
2179.00 632.00
1209.00 640.00
1106.00 646.00
1158.00 646.00
2465.00 651.00
956.00 655.00
1050.00 659.00
2398.00 665.00
1007.00 678.00
2348.00 679.00
2011.00 680.00
2211.00 699.00
1554.00 701.00
1447.00 703.00
1128.00 706.00
2448.00 718.00
2510.00 718.00
1986.00 723.00
1917.00 736.00
1793.00 737.00
1864.00 739.00
1722.00 742.00
1288.00 748.00
1110.00 751.00
2519.00 759.00
2087.00 764.00
2156.00 765.00
2357.00 769.00
2043.00 781.00
1943.00 786.00
1607.00 799.00
842.00 810.00
1720.00 811.00
1398.00 825.00
2143.00 829.00
2414.00 829.00
1564.00 837.00
1928.00 840.00
2460.00 843.00
2534.00 848.00
1320.00 851.00
1824.00 855.00
1727.00 862.00
1878.00 862.00
952.00 871.00
1114.00 872.00
1237.00 872.00
2253.00 878.00
792.00 880.00
1609.00 889.00
1328.00 896.00
1543.00 901.00
971.00 912.00
2183.00 912.00
1023.00 914.00
1175.00 914.00
1950.00 914.00
1895.00 917.00
1257.00 930.00
690.00 938.00
1319.00 945.00
1560.00 949.00
2126.00 949.00
786.00 957.00
1007.00 960.00
1902.00 964.00
2489.00 970.00
2197.00 975.00
946.00 989.00
1467.00 989.00
695.00 990.00
1174.00 1000.00
1690.00 1001.00
1774.00 1007.00
2114.00 1007.00
1568.00 1010.00
760.00 1020.00
2516.00 1021.00
1057.00 1025.00
1101.00 1025.00
1628.00 1031.00
801.00 1039.00
1823.00 1039.00
1386.00 1041.00
1317.00 1044.00
1673.00 1047.00
1570.00 1051.00
1527.00 1052.00
2301.00 1054.00
1470.00 1055.00
1428.00 1057.00
2152.00 1060.00
1084.00 1066.00
2448.00 1080.00
1628.00 1082.00
2524.00 1085.00
1039.00 1094.00
1292.00 1094.00
2208.00 1094.00
2395.00 1101.00
2286.00 1104.00
961.00 1107.00
2006.00 1108.00
1826.00 1120.00
1767.00 1122.00
1227.00 1128.00
2073.00 1137.00
1068.00 1139.00
2530.00 1141.00
790.00 1147.00
1453.00 1149.00
1272.00 1151.00
2400.00 1155.00
2235.00 1157.00
973.00 1158.00
2324.00 1158.00
2178.00 1160.00
1149.00 1163.00
1025.00 1166.00
852.00 1169.00
2282.00 1184.00
2048.00 1191.00
1076.00 1192.00
1761.00 1198.00
1533.00 1204.00
1125.00 1205.00
1684.00 1205.00
1455.00 1209.00
862.00 1212.00
936.00 1219.00
2122.00 1223.00
2265.00 1228.00
1836.00 1231.00
1745.00 1240.00
2040.00 1241.00
1684.00 1246.00
2520.00 1247.00
1195.00 1249.00
2576.00 1252.00
1565.00 1259.00
1389.00 1263.00
934.00 1265.00
1473.00 1266.00
718.00 1270.00
1296.00 1272.00
2271.00 1280.00
2173.00 1285.00
1430.00 1286.00
1191.00 1296.00
1798.00 1297.00
2481.00 1305.00
1240.00 1308.00
1501.00 1308.00
1312.00 1319.00
2117.00 1320.00
2260.00 1328.00
2551.00 1330.00
1922.00 1348.00
1826.00 1349.00
933.00 1356.00
2346.00 1359.00
2141.00 1361.00
2225.00 1386.00
2048.00 1388.00
1500.00 1397.00
909.00 1401.00
1755.00 1402.00
1834.00 1406.00
1955.00 1411.00
1883.00 1418.00
1350.00 1423.00
2457.00 1439.00
1076.00 1441.00
1486.00 1446.00
1586.00 1450.00
1167.00 1457.00
2115.00 1457.00
2051.00 1462.00
2211.00 1465.00
1957.00 1473.00
1417.00 1480.00
1721.00 1480.00
1500.00 1494.00
1183.00 1498.00
1459.00 1510.00
1770.00 1516.00
1052.00 1519.00
1417.00 1524.00
1329.00 1528.00
1811.00 1567.00
1124.00 1579.00
1501.00 1580.00
1616.00 1584.00
1828.00 1612.00
1757.00 1648.00
2255.00 1714.00
2060.00 1744.00
