1175.00 375.00
1747.00 455.00
1954.00 460.00
1022.00 492.00
1649.00 492.00
1853.00 513.00
918.00 517.00
528.00 518.00
2183.00 528.00
1910.00 561.00
1654.00 574.00
693.00 575.00
2074.00 591.00
1858.00 595.00
1808.00 601.00
1555.00 605.00
2023.00 615.00
1480.00 618.00
1969.00 639.00
1862.00 646.00
968.00 655.00
1742.00 655.00
1810.00 658.00
1238.00 659.00
1576.00 664.00
1140.00 677.00
1658.00 678.00
632.00 680.00
1454.00 680.00
1920.00 688.00
950.00 710.00
1244.00 713.00
1559.00 715.00
1175.00 718.00
1831.00 719.00
1763.00 720.00
562.00 742.00
2079.00 751.00
1296.00 755.00
694.00 758.00
1433.00 763.00
1687.00 768.00
976.00 771.00
1872.00 775.00
1927.00 778.00
1139.00 790.00
1981.00 790.00
1561.00 795.00
922.00 798.00
2040.00 801.00
1457.00 806.00
1052.00 808.00
1311.00 808.00
638.00 817.00
1383.00 817.00
536.00 822.00
1664.00 829.00
1716.00 831.00
1986.00 832.00
979.00 835.00
689.00 844.00
1220.00 850.00
2113.00 850.00
1613.00 855.00
1136.00 856.00
1878.00 865.00
1935.00 869.00
1815.00 879.00
1640.00 896.00
1772.00 903.00
1380.00 905.00
1211.00 912.00
901.00 915.00
1093.00 915.00
1313.00 918.00
1421.00 919.00
671.00 939.00
999.00 951.00
625.00 970.00
677.00 982.00
879.00 984.00
1669.00 993.00
2056.00 1005.00
2217.00 1022.00
1429.00 1023.00
1292.00 1027.00
1219.00 1035.00
1886.00 1040.00
1671.00 1042.00
2058.00 1055.00
1362.00 1075.00
919.00 1079.00
1132.00 1086.00
996.00 1096.00
2064.00 1139.00
681.00 1142.00
1237.00 1143.00
1447.00 1154.00
1318.00 1169.00
1986.00 1194.00
2067.00 1200.00
1341.00 1212.00
907.00 1219.00
1282.00 1221.00
2070.00 1247.00
2012.00 1279.00
583.00 1372.00
