1438.00 353.00
1976.00 419.00
1271.00 421.00
1384.00 433.00
1849.00 468.00
1439.00 472.00
402.00 496.00
1430.00 543.00
1857.00 546.00
1210.00 551.00
1384.00 560.00
1277.00 562.00
413.00 563.00
1937.00 611.00
1068.00 625.00
1294.00 625.00
1698.00 629.00
1229.00 630.00
1623.00 631.00
212.00 639.00
262.00 645.00
1958.00 660.00
1445.00 665.00
1911.00 665.00
425.00 666.00
1630.00 681.00
1305.00 692.00
981.00 700.00
1697.00 702.00
256.00 705.00
1176.00 709.00
1262.00 713.00
1412.00 715.00
1870.00 716.00
2043.00 716.00
391.00 721.00
1642.00 722.00
104.00 725.00
1371.00 734.00
907.00 735.00
839.00 736.00
175.00 739.00
1316.00 741.00
279.00 746.00
234.00 750.00
1263.00 767.00
417.00 770.00
1492.00 775.00
578.00 778.00
1429.00 783.00
1120.00 791.00
1323.00 793.00
693.00 816.00
403.00 825.00
1649.00 832.00
327.00 838.00
1962.00 840.00
496.00 846.00
1449.00 850.00
391.00 867.00
1884.00 890.00
1401.00 892.00
1451.00 909.00
2022.00 953.00
1980.00 970.00
1344.00 989.00
1778.00 1265.00
1653.00 1269.00
1667.00 1569.00
2174.00 1821.00
