496.00 508.00
132.00 519.00
359.00 591.00
622.00 592.00
739.00 600.00
408.00 611.00
794.00 621.00
15.00 636.00
249.00 650.00
480.00 673.00
632.00 685.00
686.00 703.00
395.00 717.00
784.00 758.00
390.00 759.00
663.00 775.00
162.00 798.00
214.00 811.00
382.00 828.00
856.00 829.00
897.00 829.00
560.00 846.00
738.00 847.00
128.00 858.00
511.00 871.00
189.00 873.00
773.00 888.00
437.00 892.00
529.00 931.00
483.00 940.00
378.00 946.00
431.00 951.00
833.00 965.00
333.00 966.00
968.00 975.00
667.00 996.00
768.00 1001.00
869.00 1018.00
209.00 1027.00
440.00 1031.00
335.00 1045.00
704.00 1047.00
766.00 1053.00
619.00 1071.00
494.00 1076.00
553.00 1079.00
418.00 1087.00
760.00 1109.00
680.00 1135.00
824.00 1154.00
487.00 1159.00
427.00 1178.00
660.00 1186.00
548.00 1193.00
185.00 1205.00
407.00 1226.00
599.00 1229.00
797.00 1248.00
456.00 1271.00
583.00 1280.00
818.00 1292.00
663.00 1305.00
248.00 1319.00
372.00 1322.00
518.00 1351.00
613.00 1384.00
494.00 1392.00
552.00 1442.00
752.00 1538.00
871.00 1571.00
