2306.00 328.00
1925.00 355.00
1645.00 402.00
2186.00 408.00
1839.00 420.00
1463.00 428.00
1590.00 436.00
1415.00 455.00
2112.00 455.00
2352.00 456.00
1762.00 457.00
1261.00 510.00
2220.00 511.00
1942.00 514.00
1371.00 521.00
1955.00 576.00
1657.00 587.00
2099.00 594.00
1853.00 608.00
1754.00 616.00
2041.00 639.00
1841.00 649.00
1661.00 661.00
2360.00 664.00
2087.00 674.00
1958.00 682.00
1299.00 686.00
1627.00 703.00
2032.00 703.00
1569.00 708.00
2220.00 745.00
1523.00 758.00
2392.00 767.00
1138.00 773.00
1887.00 777.00
1506.00 799.00
2522.00 807.00
2417.00 814.00
1298.00 826.00
2374.00 830.00
2021.00 844.00
1768.00 847.00
2232.00 856.00
2282.00 863.00
1527.00 885.00
1674.00 891.00
1751.00 892.00
1251.00 909.00
2011.00 922.00
2199.00 932.00
1343.00 939.00
2158.00 1009.00
2247.00 1055.00
2203.00 1070.00
1742.00 1071.00
1614.00 1081.00
2142.00 1088.00
1734.00 1128.00
2041.00 1128.00
2240.00 1129.00
2110.00 1135.00
2367.00 1142.00
1682.00 1158.00
2413.00 1160.00
2191.00 1161.00
1776.00 1184.00
2048.00 1215.00
2144.00 1239.00
2087.00 1256.00
1935.00 1264.00
1595.00 1275.00
1831.00 1288.00
2426.00 1288.00
2218.00 1304.00
1727.00 1308.00
2303.00 1312.00
1768.00 1358.00
1886.00 1400.00
1967.00 1421.00
2313.00 1423.00
2241.00 1440.00
1902.00 1446.00
2166.00 1449.00
1732.00 1487.00
2272.00 1487.00
2131.00 1494.00
2320.00 1499.00
1879.00 1510.00
2038.00 1512.00
2570.00 1513.00
1959.00 1523.00
2253.00 1531.00
2149.00 1553.00
2207.00 1563.00
2064.00 1573.00
2344.00 1585.00
2561.00 1599.00
2456.00 1604.00
2135.00 1611.00
1928.00 1628.00
2258.00 1634.00
2072.00 1653.00
2236.00 1694.00
1660.00 1701.00
2032.00 1728.00
1962.00 1753.00
2103.00 1759.00
