630.00 257.00
260.00 306.00
1177.00 418.00
1237.00 428.00
781.00 430.00
1279.00 437.00
842.00 463.00
1313.00 480.00
1194.00 486.00
646.00 504.00
1278.00 521.00
688.00 533.00
824.00 539.00
1236.00 542.00
399.00 544.00
730.00 549.00
1315.00 562.00
455.00 572.00
856.00 582.00
373.00 585.00
442.00 613.00
822.00 625.00
1173.00 644.00
827.00 668.00
768.00 674.00
481.00 678.00
663.00 691.00
704.00 693.00
386.00 703.00
1191.00 703.00
848.00 719.00
1345.00 730.00
745.00 732.00
1170.00 752.00
1290.00 768.00
664.00 769.00
839.00 778.00
785.00 818.00
1325.00 822.00
1277.00 826.00
1213.00 827.00
134.00 836.00
842.00 845.00
487.00 848.00
622.00 855.00
530.00 857.00
385.00 860.00
578.00 860.00
749.00 867.00
689.00 872.00
796.00 873.00
1301.00 884.00
270.00 898.00
331.00 907.00
838.00 909.00
764.00 915.00
708.00 935.00
419.00 948.00
265.00 955.00
758.00 970.00
1063.00 975.00
1249.00 979.00
924.00 983.00
153.00 989.00
569.00 989.00
1167.00 992.00
1301.00 997.00
834.00 1001.00
394.00 1034.00
1167.00 1036.00
334.00 1058.00
823.00 1058.00
1165.00 1168.00
1248.00 1198.00
518.00 1206.00
1164.00 1272.00
528.00 1274.00
869.00 1573.00
680.00 1743.00
558.00 1796.00
204.00 1808.00
28.00 1825.00
