1216.00 471.00
515.00 531.00
797.00 550.00
1968.00 555.00
929.00 571.00
443.00 585.00
1262.00 600.00
2182.00 604.00
1921.00 623.00
1361.00 652.00
2009.00 663.00
1516.00 670.00
2042.00 719.00
623.00 728.00
944.00 752.00
1533.00 767.00
1136.00 773.00
990.00 787.00
2189.00 795.00
1151.00 827.00
1193.00 833.00
1590.00 833.00
1544.00 840.00
1110.00 841.00
2173.00 852.00
1006.00 879.00
1172.00 880.00
2131.00 887.00
1543.00 888.00
1315.00 891.00
887.00 892.00
1494.00 901.00
1721.00 919.00
696.00 920.00
997.00 920.00
567.00 941.00
1171.00 947.00
946.00 965.00
1137.00 1006.00
2047.00 1019.00
932.00 1024.00
1811.00 1028.00
1263.00 1035.00
1617.00 1041.00
1753.00 1059.00
1147.00 1063.00
2038.00 1063.00
1576.00 1065.00
1280.00 1089.00
991.00 1188.00
921.00 1196.00
863.00 1234.00
822.00 1259.00
1143.00 1264.00
723.00 1375.00
1266.00 1377.00
1072.00 1509.00
952.00 1551.00
1044.00 1551.00
