1981.00 280.00
2118.00 290.00
2163.00 293.00
1976.00 337.00
2069.00 341.00
2161.00 343.00
1341.00 360.00
1359.00 408.00
1728.00 425.00
1777.00 442.00
1994.00 448.00
2487.00 448.00
690.00 477.00
831.00 477.00
1240.00 482.00
1382.00 486.00
1482.00 490.00
1755.00 501.00
2151.00 501.00
1847.00 506.00
1948.00 512.00
2007.00 516.00
2081.00 521.00
1577.00 580.00
2283.00 618.00
1815.00 628.00
2355.00 655.00
2452.00 657.00
1578.00 665.00
1011.00 671.00
1154.00 673.00
1337.00 676.00
1399.00 679.00
1677.00 687.00
1854.00 694.00
1908.00 696.00
1992.00 700.00
2037.00 703.00
2285.00 715.00
2344.00 717.00
1256.00 727.00
1816.00 761.00
2376.00 785.00
1351.00 790.00
1799.00 831.00
1720.00 836.00
1921.00 872.00
2485.00 894.00
2367.00 900.00
1807.00 911.00
2065.00 977.00
2349.00 982.00
1751.00 1003.00
2500.00 1014.00
2544.00 1015.00
2139.00 1023.00
1833.00 1037.00
1932.00 1038.00
1999.00 1039.00
2066.00 1040.00
2356.00 1043.00
1895.00 1135.00
2567.00 1155.00
2518.00 1170.00
1940.00 1187.00
2076.00 1187.00
2396.00 1245.00
1784.00 1263.00
2401.00 1296.00
2349.00 1358.00
1920.00 1415.00
2355.00 1432.00
2558.00 1527.00
2172.00 1534.00
2078.00 1550.00
