744.00 95.00
746.00 142.00
172.00 238.00
214.00 274.00
802.00 285.00
444.00 287.00
854.00 310.00
738.00 311.00
287.00 322.00
236.00 334.00
645.00 350.00
1040.00 371.00
284.00 377.00
581.00 383.00
696.00 384.00
352.00 404.00
830.00 412.00
648.00 439.00
1157.00 444.00
714.00 448.00
575.00 476.00
472.00 491.00
623.00 504.00
898.00 504.00
1036.00 546.00
9.00 552.00
700.00 567.00
938.00 590.00
653.00 607.00
920.00 631.00
757.00 633.00
610.00 639.00
516.00 663.00
289.00 664.00
1167.00 675.00
748.00 704.00
703.00 715.00
551.00 729.00
618.00 733.00
1023.00 735.00
509.00 744.00
1183.00 745.00
774.00 750.00
828.00 770.00
1005.00 778.00
506.00 791.00
889.00 791.00
702.00 797.00
548.00 802.00
1300.00 821.00
750.00 824.00
983.00 825.00
1029.00 838.00
501.00 842.00
760.00 871.00
650.00 877.00
912.00 879.00
975.00 888.00
1214.00 921.00
670.00 926.00
493.00 931.00
742.00 939.00
1061.00 968.00
492.00 982.00
600.00 1007.00
784.00 1016.00
289.00 1023.00
501.00 1027.00
894.00 1074.00
1316.00 1091.00
833.00 1101.00
738.00 1127.00
1000.00 1129.00
572.00 1155.00
722.00 1176.00
622.00 1184.00
543.00 1223.00
763.00 1238.00
1128.00 1242.00
844.00 1245.00
640.00 1251.00
711.00 1252.00
581.00 1272.00
762.00 1287.00
1001.00 1343.00
837.00 1348.00
759.00 1352.00
604.00 1375.00
116.00 1391.00
818.00 1415.00
1072.00 1415.00
1239.00 1424.00
641.00 1428.00
758.00 1431.00
812.00 1470.00
587.00 1478.00
1129.00 1494.00
648.00 1519.00
449.00 1524.00
530.00 1527.00
393.00 1536.00
820.00 1541.00
747.00 1558.00
907.00 1569.00
