357.00 227.00
512.00 283.00
397.00 358.00
932.00 364.00
109.00 395.00
552.00 440.00
906.00 443.00
463.00 446.00
512.00 514.00
177.00 519.00
1091.00 527.00
1212.00 552.00
319.00 559.00
824.00 565.00
460.00 575.00
193.00 576.00
1092.00 578.00
529.00 581.00
644.00 602.00
799.00 612.00
1185.00 624.00
527.00 633.00
288.00 636.00
641.00 660.00
1054.00 680.00
1313.00 682.00
433.00 691.00
289.00 696.00
1220.00 720.00
795.00 722.00
1167.00 724.00
79.00 738.00
511.00 755.00
1526.00 757.00
793.00 764.00
201.00 768.00
1131.00 768.00
891.00 772.00
309.00 787.00
697.00 794.00
493.00 800.00
789.00 813.00
1192.00 816.00
24.00 829.00
194.00 830.00
265.00 835.00
1150.00 840.00
620.00 851.00
552.00 853.00
487.00 856.00
815.00 863.00
691.00 875.00
990.00 875.00
1172.00 881.00
863.00 884.00
1431.00 890.00
118.00 893.00
9.00 900.00
605.00 903.00
339.00 909.00
961.00 917.00
185.00 918.00
1025.00 923.00
1103.00 924.00
1619.00 931.00
467.00 952.00
120.00 956.00
105.00 1016.00
1178.00 1023.00
870.00 1040.00
370.00 1056.00
209.00 1063.00
23.00 1078.00
110.00 1078.00
1086.00 1091.00
156.00 1129.00
1812.00 1421.00
132.00 1738.00
