1953.00 320.00
1465.00 409.00
1326.00 471.00
1200.00 482.00
1791.00 487.00
1351.00 533.00
1561.00 536.00
2312.00 632.00
2271.00 639.00
1606.00 650.00
1678.00 702.00
1647.00 800.00
1599.00 935.00
1956.00 1117.00
1684.00 1129.00
2070.00 1164.00
2410.00 1194.00
1993.00 1247.00
1460.00 1248.00
1766.00 1252.00
2394.00 1263.00
1848.00 1286.00
1691.00 1355.00
1742.00 1361.00
1960.00 1383.00
2375.00 1391.00
1915.00 1399.00
2119.00 1401.00
2316.00 1404.00
1708.00 1475.00
1815.00 1545.00
1712.00 1593.00
1640.00 1695.00
1583.00 1727.00
1906.00 1796.00
1914.00 1864.00
1917.00 1952.00
