2384.00 353.00
2373.00 401.00
1380.00 418.00
1249.00 428.00
1151.00 451.00
1452.00 453.00
1718.00 455.00
1895.00 456.00
1772.00 462.00
1667.00 473.00
1244.00 474.00
2134.00 474.00
2359.00 479.00
1379.00 481.00
835.00 482.00
1792.00 511.00
1305.00 515.00
1743.00 526.00
2334.00 527.00
2052.00 539.00
1399.00 552.00
1989.00 554.00
1259.00 559.00
2208.00 559.00
1824.00 568.00
2270.00 586.00
1421.00 607.00
2214.00 607.00
2073.00 616.00
2164.00 616.00
1095.00 637.00
1496.00 642.00
1538.00 647.00
2205.00 652.00
1843.00 654.00
2072.00 662.00
1303.00 663.00
2162.00 664.00
1414.00 679.00
1580.00 679.00
1791.00 679.00
1247.00 697.00
2405.00 697.00
1987.00 704.00
2097.00 706.00
1946.00 712.00
2279.00 716.00
2229.00 720.00
1778.00 721.00
1838.00 737.00
1280.00 751.00
1629.00 751.00
2178.00 754.00
1996.00 757.00
1576.00 768.00
1495.00 782.00
1749.00 789.00
1047.00 790.00
1974.00 798.00
2074.00 799.00
2207.00 800.00
1881.00 836.00
2341.00 887.00
2447.00 890.00
1880.00 903.00
1987.00 919.00
2279.00 927.00
1449.00 944.00
1679.00 948.00
1879.00 968.00
1540.00 969.00
1792.00 971.00
2351.00 973.00
2392.00 1005.00
1919.00 1067.00
2370.00 1097.00
2006.00 1156.00
1822.00 1172.00
1608.00 1256.00
2097.00 1414.00
2043.00 1433.00
1973.00 1484.00
1885.00 1486.00
1546.00 1581.00
1654.00 1600.00
1590.00 1630.00
1549.00 1644.00
