2128.00 335.00
2072.00 340.00
532.00 353.00
1843.00 416.00
1755.00 427.00
1528.00 494.00
2064.00 526.00
2343.00 540.00
1460.00 559.00
2060.00 584.00
2178.00 601.00
2246.00 630.00
976.00 632.00
2057.00 643.00
2290.00 648.00
2007.00 667.00
2203.00 668.00
1851.00 671.00
1806.00 679.00
2146.00 681.00
1746.00 684.00
1573.00 685.00
2063.00 699.00
2005.00 713.00
1933.00 728.00
2251.00 733.00
2210.00 734.00
1266.00 750.00
2096.00 753.00
927.00 756.00
1736.00 771.00
2416.00 776.00
1416.00 779.00
1961.00 779.00
1695.00 780.00
2240.00 788.00
2114.00 822.00
1490.00 827.00
1220.00 831.00
1742.00 831.00
1449.00 836.00
1698.00 844.00
1950.00 845.00
1897.00 856.00
2463.00 864.00
1336.00 873.00
495.00 888.00
1121.00 888.00
1205.00 896.00
1635.00 902.00
2376.00 902.00
1932.00 907.00
1751.00 944.00
1358.00 952.00
2027.00 952.00
2266.00 954.00
2524.00 955.00
979.00 961.00
1029.00 964.00
1921.00 968.00
1870.00 974.00
1286.00 977.00
649.00 978.00
1815.00 978.00
1746.00 985.00
764.00 989.00
1705.00 991.00
1636.00 995.00
851.00 1005.00
915.00 1009.00
1024.00 1012.00
1958.00 1013.00
1432.00 1015.00
1885.00 1022.00
2428.00 1025.00
1369.00 1039.00
958.00 1044.00
1104.00 1045.00
1214.00 1046.00
1030.00 1055.00
664.00 1061.00
1943.00 1063.00
858.00 1066.00
1273.00 1066.00
2058.00 1068.00
1679.00 1072.00
1785.00 1072.00
2413.00 1082.00
758.00 1088.00
1219.00 1090.00
2542.00 1090.00
864.00 1108.00
1904.00 1122.00
1768.00 1123.00
1104.00 1130.00
1177.00 1131.00
1480.00 1135.00
2106.00 1139.00
2317.00 1152.00
1579.00 1161.00
1703.00 1162.00
1789.00 1173.00
2017.00 1177.00
1658.00 1208.00
914.00 1209.00
734.00 1215.00
1092.00 1215.00
967.00 1222.00
1172.00 1240.00
