2086.00 179.00
2093.00 223.00
2513.00 232.00
2155.00 237.00
2333.00 263.00
2158.00 283.00
1304.00 320.00
859.00 335.00
1223.00 348.00
2110.00 354.00
923.00 358.00
755.00 405.00
1287.00 416.00
1487.00 432.00
2328.00 447.00
1939.00 462.00
1301.00 465.00
963.00 472.00
2036.00 474.00
1550.00 480.00
2460.00 487.00
2347.00 490.00
2510.00 490.00
2184.00 494.00
975.00 524.00
1023.00 532.00
1232.00 536.00
1670.00 552.00
1985.00 552.00
2126.00 562.00
1815.00 575.00
1878.00 577.00
1249.00 591.00
1450.00 591.00
1954.00 599.00
989.00 603.00
1066.00 607.00
1300.00 607.00
854.00 608.00
1807.00 623.00
2479.00 638.00
1495.00 639.00
770.00 648.00
2051.00 652.00
1160.00 656.00
2254.00 660.00
954.00 663.00
999.00 677.00
1346.00 679.00
1283.00 680.00
1541.00 689.00
1073.00 692.00
2055.00 695.00
866.00 699.00
796.00 702.00
1724.00 711.00
1438.00 727.00
1886.00 727.00
2125.00 727.00
1224.00 729.00
1272.00 729.00
1007.00 730.00
1144.00 731.00
1672.00 733.00
1341.00 739.00
946.00 752.00
1539.00 761.00
1090.00 763.00
1407.00 776.00
1459.00 778.00
1013.00 783.00
1930.00 796.00
1337.00 797.00
943.00 801.00
2256.00 815.00
2090.00 817.00
2132.00 819.00
1519.00 823.00
1745.00 827.00
1018.00 829.00
1631.00 861.00
1971.00 867.00
1783.00 868.00
1255.00 871.00
966.00 874.00
1040.00 875.00
1894.00 882.00
1708.00 897.00
1423.00 911.00
1331.00 928.00
2303.00 928.00
2515.00 937.00
1375.00 958.00
775.00 959.00
1263.00 959.00
1670.00 966.00
1939.00 966.00
1787.00 974.00
816.00 975.00
931.00 979.00
1118.00 982.00
1717.00 990.00
2334.00 992.00
2521.00 995.00
1859.00 1003.00
845.00 1016.00
890.00 1016.00
1067.00 1016.00
1226.00 1016.00
1283.00 1016.00
1329.00 1016.00
1416.00 1018.00
2144.00 1024.00
2098.00 1030.00
1678.00 1031.00
2416.00 1031.00
965.00 1034.00
1777.00 1047.00
1323.00 1057.00
1943.00 1060.00
1767.00 1095.00
2513.00 1095.00
2100.00 1109.00
1904.00 1125.00
814.00 1127.00
1080.00 1141.00
1222.00 1143.00
1716.00 1143.00
1281.00 1144.00
1789.00 1149.00
2334.00 1160.00
1947.00 1161.00
2538.00 1172.00
2245.00 1177.00
2419.00 1183.00
958.00 1187.00
2136.00 1205.00
1736.00 1209.00
1860.00 1224.00
1950.00 1242.00
2416.00 1299.00
2337.00 1307.00
1696.00 1460.00
784.00 1627.00
1757.00 1645.00
1081.00 1687.00
1401.00 1700.00
