1936.00 325.00
1666.00 387.00
1937.00 401.00
1524.00 423.00
2304.00 425.00
1780.00 450.00
1365.00 458.00
1317.00 460.00
2505.00 470.00
1234.00 480.00
1878.00 486.00
1826.00 493.00
1166.00 495.00
1774.00 496.00
1594.00 502.00
1285.00 503.00
1541.00 505.00
1721.00 511.00
1348.00 514.00
1233.00 527.00
2068.00 533.00
1810.00 537.00
1641.00 560.00
2466.00 566.00
1885.00 567.00
1573.00 571.00
1235.00 573.00
1286.00 575.00
1727.00 575.00
1958.00 580.00
2544.00 588.00
1519.00 592.00
1442.00 599.00
1782.00 603.00
2481.00 616.00
1648.00 622.00
2170.00 626.00
1585.00 631.00
1889.00 633.00
1217.00 639.00
1120.00 646.00
1808.00 649.00
1424.00 655.00
1471.00 658.00
1650.00 664.00
2442.00 665.00
1361.00 676.00
2320.00 680.00
1536.00 687.00
2177.00 691.00
1734.00 696.00
1424.00 698.00
1800.00 699.00
1577.00 702.00
1913.00 717.00
1845.00 723.00
1505.00 730.00
2456.00 735.00
1367.00 746.00
1593.00 749.00
2075.00 753.00
1783.00 756.00
1736.00 760.00
1121.00 767.00
1425.00 776.00
2376.00 776.00
1543.00 800.00
1592.00 800.00
1872.00 818.00
2254.00 823.00
1305.00 829.00
1195.00 834.00
1263.00 834.00
1610.00 846.00
1750.00 846.00
2161.00 863.00
1866.00 883.00
1255.00 885.00
1702.00 894.00
1743.00 898.00
1160.00 908.00
2318.00 908.00
1784.00 932.00
1902.00 935.00
1598.00 948.00
1735.00 948.00
1193.00 954.00
1472.00 955.00
1829.00 959.00
2384.00 961.00
2536.00 965.00
1135.00 966.00
1260.00 974.00
1368.00 1012.00
1790.00 1013.00
1689.00 1024.00
1249.00 1031.00
1312.00 1035.00
2448.00 1038.00
2145.00 1071.00
1311.00 1076.00
2387.00 1088.00
1153.00 1092.00
1482.00 1105.00
2358.00 1129.00
1167.00 1144.00
1254.00 1148.00
1919.00 1169.00
1590.00 1196.00
1982.00 1223.00
1838.00 1239.00
1562.00 1254.00
2305.00 1256.00
2034.00 1268.00
2264.00 1274.00
2220.00 1285.00
2158.00 1288.00
1727.00 1308.00
1991.00 1432.00
2224.00 1441.00
1608.00 1463.00
2203.00 1522.00
1729.00 1590.00
