736.00 100.00
1151.00 111.00
447.00 135.00
474.00 205.00
1378.00 229.00
564.00 239.00
302.00 271.00
918.00 272.00
1017.00 278.00
1340.00 301.00
1280.00 306.00
989.00 327.00
343.00 351.00
1002.00 384.00
456.00 399.00
711.00 414.00
1122.00 419.00
1060.00 448.00
1100.00 490.00
1230.00 496.00
832.00 503.00
1149.00 535.00
672.00 536.00
1515.00 544.00
1198.00 583.00
393.00 600.00
834.00 600.00
745.00 615.00
454.00 618.00
503.00 629.00
1278.00 665.00
711.00 677.00
484.00 687.00
883.00 701.00
275.00 712.00
968.00 721.00
775.00 741.00
698.00 755.00
1143.00 759.00
1036.00 767.00
262.00 778.00
928.00 783.00
478.00 794.00
1289.00 799.00
1233.00 806.00
807.00 830.00
698.00 845.00
1362.00 861.00
889.00 876.00
1479.00 909.00
1520.00 915.00
1385.00 919.00
1311.00 922.00
1127.00 934.00
1080.00 935.00
1173.00 936.00
1060.00 976.00
506.00 980.00
903.00 984.00
401.00 992.00
951.00 1007.00
288.00 1010.00
852.00 1013.00
1044.00 1047.00
806.00 1049.00
1343.00 1059.00
519.00 1086.00
899.00 1095.00
1216.00 1101.00
1045.00 1108.00
1336.00 1138.00
1107.00 1143.00
1287.00 1158.00
801.00 1160.00
1242.00 1199.00
736.00 1225.00
829.00 1231.00
871.00 1261.00
808.00 1345.00
928.00 1385.00
1472.00 1565.00
1323.00 1808.00
