1178.00 210.00
2088.00 211.00
1384.00 244.00
1894.00 257.00
1443.00 259.00
1233.00 260.00
688.00 264.00
414.00 272.00
1824.00 274.00
481.00 287.00
732.00 287.00
2109.00 309.00
647.00 327.00
815.00 352.00
1210.00 353.00
1792.00 354.00
1965.00 361.00
1378.00 383.00
737.00 384.00
1103.00 385.00
1295.00 404.00
1432.00 414.00
952.00 415.00
1984.00 418.00
1382.00 428.00
734.00 432.00
2104.00 432.00
1170.00 439.00
1251.00 439.00
672.00 440.00
1437.00 456.00
788.00 475.00
1923.00 483.00
736.00 488.00
2122.00 511.00
836.00 512.00
1439.00 512.00
877.00 515.00
1390.00 522.00
1646.00 550.00
922.00 552.00
759.00 559.00
1478.00 597.00
1007.00 601.00
1436.00 605.00
1296.00 608.00
1963.00 615.00
1167.00 616.00
928.00 623.00
303.00 625.00
352.00 631.00
783.00 647.00
847.00 648.00
1431.00 657.00
1263.00 663.00
1117.00 664.00
903.00 687.00
1475.00 694.00
1320.00 695.00
745.00 704.00
1200.00 718.00
952.00 719.00
1984.00 719.00
1431.00 735.00
1715.00 755.00
565.00 759.00
967.00 760.00
1285.00 767.00
1531.00 777.00
462.00 780.00
1367.00 793.00
410.00 801.00
325.00 803.00
553.00 803.00
970.00 809.00
1120.00 821.00
1626.00 823.00
909.00 831.00
1758.00 835.00
651.00 861.00
770.00 864.00
1809.00 875.00
1111.00 881.00
2056.00 889.00
1152.00 902.00
1850.00 912.00
1727.00 913.00
1230.00 918.00
824.00 920.00
470.00 929.00
570.00 931.00
924.00 933.00
1311.00 968.00
1775.00 975.00
476.00 976.00
836.00 976.00
1598.00 981.00
1830.00 1001.00
1469.00 1003.00
1978.00 1009.00
1200.00 1015.00
1320.00 1015.00
1088.00 1016.00
1721.00 1016.00
1381.00 1029.00
2086.00 1040.00
1762.00 1051.00
1829.00 1057.00
1662.00 1059.00
1721.00 1065.00
1956.00 1065.00
1914.00 1067.00
1554.00 1075.00
1199.00 1091.00
1771.00 1105.00
1712.00 1108.00
1655.00 1112.00
666.00 1427.00
612.00 1430.00
165.00 1731.00
