1869.00 173.00
1698.00 198.00
1736.00 268.00
1920.00 290.00
2267.00 313.00
1694.00 376.00
1541.00 383.00
1649.00 391.00
2271.00 405.00
2056.00 427.00
1786.00 440.00
1852.00 458.00
1462.00 479.00
1637.00 482.00
1913.00 521.00
1860.00 525.00
2067.00 533.00
1574.00 551.00
1525.00 566.00
1484.00 567.00
1821.00 590.00
2299.00 602.00
1918.00 616.00
1313.00 631.00
1654.00 644.00
1819.00 647.00
1479.00 648.00
1712.00 655.00
2309.00 662.00
1753.00 666.00
1915.00 666.00
1533.00 679.00
1847.00 690.00
2259.00 704.00
2168.00 712.00
1652.00 717.00
1553.00 738.00
1923.00 748.00
1717.00 775.00
1493.00 815.00
1645.00 827.00
2160.00 834.00
1211.00 835.00
1169.00 846.00
2339.00 851.00
1842.00 855.00
1553.00 886.00
1510.00 889.00
1684.00 889.00
1396.00 890.00
1726.00 898.00
1823.00 903.00
1936.00 921.00
1446.00 922.00
2047.00 929.00
1655.00 940.00
1358.00 945.00
1744.00 946.00
1811.00 950.00
1512.00 952.00
1866.00 956.00
1553.00 958.00
1940.00 966.00
1215.00 971.00
2082.00 973.00
1695.00 981.00
2124.00 983.00
1294.00 985.00
1359.00 990.00
1165.00 991.00
1943.00 1009.00
1554.00 1012.00
1276.00 1027.00
2085.00 1029.00
2128.00 1031.00
2423.00 1039.00
2465.00 1044.00
1875.00 1055.00
1422.00 1056.00
1711.00 1068.00
1657.00 1074.00
2041.00 1082.00
1760.00 1091.00
1877.00 1100.00
1263.00 1103.00
1597.00 1104.00
1346.00 1110.00
1464.00 1111.00
1399.00 1112.00
1830.00 1112.00
1950.00 1117.00
1215.00 1119.00
1516.00 1125.00
1722.00 1150.00
1355.00 1153.00
1450.00 1159.00
2022.00 1164.00
2136.00 1164.00
1650.00 1166.00
1954.00 1171.00
1604.00 1176.00
1356.00 1205.00
2023.00 1208.00
1881.00 1212.00
1957.00 1213.00
1518.00 1218.00
2368.00 1229.00
2248.00 1232.00
1213.00 1235.00
2083.00 1247.00
2513.00 1255.00
1940.00 1267.00
1769.00 1271.00
2083.00 1308.00
1190.00 1327.00
1657.00 1361.00
2362.00 1406.00
1238.00 1436.00
1522.00 1436.00
1726.00 1508.00
2186.00 1531.00
1855.00 1532.00
2024.00 1543.00
1481.00 1566.00
1699.00 1574.00
1299.00 1579.00
1538.00 1581.00
1688.00 1644.00
1501.00 1648.00
1886.00 1659.00
1429.00 1669.00
2002.00 1669.00
1777.00 1682.00
1602.00 1703.00
1828.00 1704.00
1981.00 1745.00
