1510.00 93.00
1079.00 247.00
631.00 306.00
2240.00 443.00
2063.00 478.00
2316.00 485.00
2258.00 507.00
1578.00 508.00
1704.00 520.00
1377.00 521.00
1794.00 529.00
2086.00 543.00
2031.00 557.00
1120.00 566.00
709.00 576.00
1519.00 578.00
1038.00 591.00
2344.00 613.00
1899.00 616.00
1256.00 650.00
1380.00 655.00
2344.00 657.00
1702.00 665.00
1102.00 673.00
1523.00 701.00
1908.00 711.00
640.00 715.00
1192.00 715.00
1381.00 724.00
1257.00 784.00
1383.00 795.00
692.00 811.00
1401.00 941.00
1895.00 960.00
2062.00 971.00
2136.00 975.00
1572.00 1001.00
1419.00 1030.00
2395.00 1046.00
366.00 1081.00
2320.00 1202.00
1695.00 1235.00
1318.00 1248.00
1955.00 1264.00
1792.00 1266.00
1022.00 1268.00
1123.00 1268.00
1212.00 1269.00
1410.00 1269.00
2119.00 1302.00
2410.00 1313.00
2338.00 1315.00
2270.00 1316.00
424.00 1318.00
2195.00 1319.00
496.00 1321.00
631.00 1325.00
2045.00 1325.00
1955.00 1326.00
1791.00 1330.00
1410.00 1333.00
1609.00 1333.00
1516.00 1335.00
1213.00 1337.00
1317.00 1337.00
1133.00 1338.00
2552.00 1393.00
2410.00 1399.00
2338.00 1402.00
579.00 1403.00
623.00 1405.00
2274.00 1405.00
2205.00 1408.00
671.00 1410.00
2122.00 1414.00
2039.00 1417.00
1958.00 1420.00
1878.00 1423.00
1784.00 1428.00
1703.00 1431.00
1610.00 1436.00
1411.00 1439.00
1320.00 1440.00
1489.00 1441.00
1209.00 1446.00
522.00 1478.00
576.00 1482.00
2413.00 1487.00
620.00 1489.00
663.00 1495.00
2201.00 1502.00
2092.00 1509.00
2051.00 1512.00
1882.00 1523.00
379.00 1525.00
1777.00 1527.00
1707.00 1530.00
1609.00 1533.00
1019.00 1539.00
1512.00 1539.00
1410.00 1542.00
1315.00 1546.00
1126.00 1550.00
1209.00 1550.00
573.00 1565.00
2563.00 1567.00
2501.00 1570.00
623.00 1572.00
2433.00 1576.00
668.00 1580.00
2357.00 1580.00
2288.00 1587.00
2208.00 1594.00
2055.00 1603.00
446.00 1616.00
1890.00 1618.00
1794.00 1626.00
1710.00 1627.00
1609.00 1638.00
1486.00 1640.00
1018.00 1642.00
566.00 1644.00
1412.00 1646.00
1317.00 1648.00
622.00 1657.00
1127.00 1660.00
2502.00 1661.00
2438.00 1664.00
2365.00 1673.00
2295.00 1679.00
2209.00 1689.00
2138.00 1694.00
481.00 1703.00
2053.00 1704.00
1973.00 1711.00
1792.00 1712.00
525.00 1713.00
1889.00 1718.00
566.00 1726.00
1614.00 1737.00
618.00 1738.00
1512.00 1742.00
1015.00 1743.00
1413.00 1750.00
2510.00 1753.00
1314.00 1759.00
2451.00 1759.00
1214.00 1760.00
2372.00 1763.00
1119.00 1767.00
2289.00 1776.00
2221.00 1781.00
2145.00 1790.00
2055.00 1799.00
1976.00 1809.00
1887.00 1816.00
613.00 1826.00
1760.00 1826.00
1513.00 1844.00
2526.00 1847.00
2458.00 1851.00
1040.00 1855.00
1413.00 1857.00
2382.00 1862.00
1316.00 1863.00
1206.00 1871.00
1115.00 1874.00
