346.00 216.00
810.00 219.00
1760.00 238.00
248.00 267.00
804.00 275.00
1455.00 280.00
1707.00 303.00
1807.00 308.00
857.00 310.00
1934.00 316.00
2048.00 318.00
1811.00 368.00
2070.00 368.00
1081.00 380.00
153.00 382.00
1456.00 391.00
1712.00 391.00
891.00 394.00
1816.00 424.00
912.00 444.00
2025.00 446.00
1767.00 464.00
1857.00 466.00
1716.00 467.00
2126.00 473.00
1418.00 477.00
1598.00 483.00
1672.00 508.00
939.00 509.00
1813.00 511.00
1597.00 525.00
1877.00 528.00
1258.00 531.00
442.00 545.00
310.00 551.00
1673.00 565.00
1097.00 577.00
1599.00 581.00
968.00 585.00
1397.00 607.00
1650.00 616.00
1774.00 617.00
1824.00 618.00
1602.00 630.00
1697.00 639.00
994.00 644.00
572.00 655.00
1532.00 656.00
280.00 658.00
1818.00 682.00
1612.00 687.00
1531.00 697.00
2135.00 699.00
466.00 705.00
1963.00 714.00
1371.00 717.00
1029.00 733.00
1589.00 734.00
396.00 738.00
656.00 738.00
457.00 760.00
2185.00 762.00
1531.00 765.00
1815.00 774.00
1745.00 781.00
2118.00 782.00
1054.00 792.00
1857.00 796.00
591.00 803.00
357.00 812.00
1547.00 812.00
682.00 814.00
516.00 821.00
401.00 823.00
475.00 823.00
312.00 827.00
1611.00 831.00
2160.00 853.00
1086.00 856.00
1130.00 856.00
1206.00 857.00
707.00 858.00
1258.00 858.00
755.00 859.00
803.00 860.00
1334.00 860.00
1656.00 860.00
852.00 861.00
975.00 861.00
1384.00 861.00
1023.00 862.00
1437.00 863.00
2050.00 863.00
1514.00 865.00
2006.00 865.00
2224.00 870.00
344.00 873.00
278.00 897.00
2168.00 897.00
1562.00 907.00
1304.00 918.00
1503.00 918.00
1628.00 919.00
338.00 928.00
1014.00 928.00
416.00 929.00
928.00 942.00
1115.00 942.00
1777.00 945.00
1913.00 951.00
1866.00 958.00
255.00 959.00
1340.00 966.00
1501.00 969.00
860.00 971.00
1005.00 973.00
1455.00 978.00
1207.00 987.00
1153.00 992.00
328.00 1005.00
473.00 1009.00
1511.00 1010.00
1888.00 1010.00
1596.00 1012.00
2048.00 1014.00
1783.00 1017.00
1441.00 1038.00
1010.00 1053.00
1162.00 1057.00
1222.00 1062.00
1573.00 1064.00
1716.00 1077.00
1186.00 1127.00
1303.00 1146.00
1549.00 1162.00
1824.00 1165.00
2085.00 1178.00
2192.00 1204.00
1766.00 1208.00
2074.00 1219.00
1876.00 1249.00
868.00 1343.00
106.00 1392.00
857.00 1398.00
2248.00 1434.00
879.00 1444.00
1731.00 1446.00
1579.00 1490.00
1507.00 1501.00
2075.00 1529.00
1649.00 1603.00
1848.00 1618.00
2015.00 1618.00
