2295.00 152.00
1997.00 176.00
1775.00 224.00
2246.00 236.00
2179.00 256.00
1908.00 294.00
814.00 319.00
897.00 351.00
1487.00 352.00
1423.00 382.00
2032.00 400.00
1367.00 407.00
1591.00 416.00
1415.00 432.00
2439.00 435.00
1456.00 448.00
752.00 478.00
2519.00 485.00
2001.00 487.00
663.00 493.00
876.00 494.00
1129.00 506.00
1383.00 511.00
1568.00 511.00
2054.00 526.00
2079.00 607.00
2167.00 610.00
2121.00 648.00
1231.00 655.00
2418.00 659.00
2232.00 665.00
2548.00 672.00
1775.00 679.00
656.00 686.00
760.00 687.00
1039.00 690.00
1312.00 694.00
1159.00 695.00
1362.00 695.00
919.00 696.00
1407.00 700.00
1687.00 713.00
1591.00 715.00
1838.00 717.00
1728.00 721.00
2096.00 722.00
2024.00 723.00
694.00 742.00
592.00 743.00
1352.00 744.00
1135.00 752.00
1191.00 753.00
1300.00 753.00
741.00 771.00
2001.00 774.00
929.00 775.00
1093.00 776.00
2199.00 779.00
1417.00 783.00
1789.00 783.00
2367.00 784.00
1194.00 806.00
1359.00 809.00
1592.00 813.00
692.00 814.00
1923.00 817.00
2232.00 830.00
2127.00 837.00
1428.00 842.00
1018.00 862.00
1060.00 862.00
1124.00 863.00
1600.00 872.00
1768.00 876.00
2032.00 898.00
880.00 903.00
2339.00 907.00
1600.00 918.00
2128.00 943.00
2493.00 952.00
2248.00 969.00
922.00 978.00
870.00 980.00
1015.00 980.00
1056.00 980.00
1816.00 984.00
1774.00 986.00
2319.00 1006.00
1892.00 1025.00
876.00 1031.00
1063.00 1040.00
800.00 1041.00
920.00 1042.00
1747.00 1042.00
1839.00 1049.00
1476.00 1052.00
2032.00 1057.00
742.00 1078.00
878.00 1081.00
1902.00 1087.00
1240.00 1090.00
1516.00 1101.00
2155.00 1116.00
834.00 1136.00
878.00 1136.00
958.00 1146.00
897.00 1188.00
2212.00 1281.00
902.00 1327.00
942.00 1507.00
1963.00 1538.00
639.00 1602.00
937.00 1607.00
820.00 1626.00
1262.00 1786.00
