1643.00 123.00
1720.00 138.00
1575.00 160.00
1048.00 171.00
564.00 198.00
1223.00 208.00
1143.00 256.00
1638.00 259.00
1384.00 260.00
985.00 262.00
620.00 264.00
549.00 270.00
904.00 270.00
1699.00 284.00
1486.00 285.00
1740.00 308.00
1519.00 328.00
1090.00 348.00
1751.00 380.00
177.00 382.00
830.00 383.00
1077.00 402.00
1365.00 408.00
1096.00 466.00
1519.00 471.00
491.00 505.00
1146.00 512.00
1474.00 519.00
1231.00 535.00
1133.00 559.00
450.00 568.00
1766.00 572.00
1648.00 577.00
1390.00 591.00
1822.00 600.00
329.00 615.00
1769.00 623.00
1141.00 624.00
1638.00 640.00
1248.00 647.00
1191.00 664.00
1129.00 671.00
1511.00 677.00
1728.00 682.00
665.00 684.00
1783.00 688.00
1627.00 695.00
1654.00 771.00
1120.00 775.00
1281.00 780.00
1223.00 782.00
612.00 798.00
1407.00 826.00
1270.00 842.00
907.00 849.00
1327.00 881.00
1272.00 883.00
1626.00 899.00
1054.00 916.00
1197.00 943.00
1333.00 948.00
1279.00 959.00
1078.00 969.00
1015.00 971.00
1749.00 974.00
1195.00 984.00
1252.00 1007.00
1751.00 1027.00
1710.00 1039.00
1201.00 1140.00
922.00 1152.00
1314.00 1222.00
787.00 1262.00
779.00 1518.00
361.00 1568.00
998.00 1606.00
