431.00 262.00
477.00 287.00
41.00 296.00
367.00 314.00
697.00 335.00
34.00 339.00
1115.00 376.00
17.00 384.00
288.00 421.00
162.00 458.00
269.00 480.00
1089.00 483.00
816.00 485.00
982.00 500.00
1032.00 503.00
395.00 504.00
1352.00 511.00
1404.00 519.00
898.00 547.00
828.00 554.00
479.00 567.00
584.00 576.00
103.00 577.00
521.00 583.00
1174.00 584.00
296.00 588.00
758.00 596.00
170.00 599.00
1044.00 600.00
1092.00 605.00
477.00 610.00
523.00 626.00
1302.00 637.00
618.00 646.00
475.00 654.00
800.00 674.00
255.00 678.00
8.00 691.00
1059.00 694.00
472.00 703.00
714.00 706.00
594.00 714.00
1058.00 737.00
1103.00 742.00
1144.00 746.00
710.00 750.00
39.00 755.00
968.00 774.00
1446.00 777.00
1048.00 781.00
592.00 782.00
914.00 787.00
459.00 789.00
104.00 798.00
238.00 800.00
1492.00 803.00
797.00 804.00
27.00 809.00
1142.00 818.00
1199.00 818.00
279.00 828.00
703.00 828.00
458.00 830.00
840.00 834.00
772.00 847.00
645.00 851.00
963.00 853.00
1544.00 857.00
1135.00 861.00
21.00 865.00
1206.00 873.00
1060.00 878.00
890.00 879.00
1004.00 880.00
169.00 894.00
538.00 895.00
944.00 895.00
730.00 899.00
1126.00 902.00
1543.00 903.00
797.00 915.00
1173.00 915.00
641.00 918.00
851.00 920.00
1040.00 921.00
108.00 926.00
449.00 931.00
1085.00 933.00
1454.00 937.00
212.00 945.00
163.00 947.00
933.00 951.00
1167.00 956.00
1413.00 958.00
1281.00 963.00
892.00 965.00
560.00 968.00
1534.00 968.00
1020.00 970.00
398.00 985.00
1368.00 991.00
1470.00 995.00
1173.00 1006.00
338.00 1026.00
1250.00 1028.00
215.00 1036.00
984.00 1040.00
1312.00 1040.00
515.00 1045.00
14.00 1049.00
861.00 1049.00
1371.00 1052.00
913.00 1057.00
699.00 1059.00
625.00 1063.00
278.00 1072.00
1120.00 1078.00
750.00 1090.00
183.00 1102.00
1371.00 1106.00
1223.00 1117.00
1002.00 1164.00
1010.00 1228.00
711.00 1356.00
754.00 1358.00
