1239.00 358.00
1232.00 399.00
1168.00 521.00
1253.00 523.00
1599.00 591.00
920.00 632.00
1176.00 641.00
1304.00 646.00
1536.00 718.00
987.00 738.00
1237.00 790.00
997.00 799.00
789.00 803.00
1426.00 805.00
1223.00 837.00
175.00 848.00
1111.00 857.00
1584.00 872.00
1392.00 878.00
1026.00 903.00
1080.00 904.00
1193.00 911.00
1299.00 917.00
1242.00 923.00
1121.00 941.00
944.00 951.00
847.00 960.00
1206.00 978.00
1156.00 992.00
1058.00 999.00
490.00 1002.00
399.00 1010.00
954.00 1010.00
1302.00 1045.00
849.00 1053.00
941.00 1103.00
981.00 1149.00
881.00 1152.00
1024.00 1163.00
1494.00 1245.00
776.00 1248.00
1574.00 1324.00
1454.00 1352.00
1465.00 1406.00
1515.00 1412.00
856.00 1515.00
989.00 1526.00
1449.00 1554.00
1478.00 1744.00
1608.00 1826.00
