573.00 166.00
631.00 182.00
1080.00 285.00
1866.00 298.00
2003.00 300.00
1805.00 313.00
1423.00 376.00
864.00 444.00
1592.00 447.00
682.00 451.00
1318.00 469.00
1135.00 505.00
701.00 529.00
1279.00 540.00
1447.00 541.00
696.00 579.00
1615.00 585.00
1431.00 595.00
1319.00 610.00
773.00 617.00
1175.00 623.00
1690.00 623.00
353.00 652.00
1535.00 658.00
1903.00 663.00
1586.00 690.00
1711.00 700.00
1860.00 735.00
1414.00 756.00
1298.00 777.00
1036.00 828.00
1103.00 861.00
1608.00 890.00
878.00 959.00
1473.00 1019.00
388.00 1024.00
297.00 1074.00
1396.00 1080.00
444.00 1115.00
329.00 1168.00
919.00 1251.00
944.00 1331.00
1295.00 1505.00
