2434.00 232.00
2378.00 281.00
2469.00 283.00
2405.00 358.00
1973.00 384.00
1818.00 389.00
1916.00 412.00
2414.00 413.00
1870.00 419.00
2515.00 430.00
1782.00 458.00
1247.00 469.00
1952.00 469.00
2458.00 470.00
1375.00 493.00
2412.00 503.00
1107.00 507.00
1970.00 510.00
1892.00 535.00
1754.00 557.00
1796.00 565.00
1669.00 568.00
1623.00 570.00
1933.00 575.00
2515.00 576.00
2422.00 580.00
1355.00 601.00
2523.00 620.00
1990.00 625.00
1567.00 626.00
2430.00 626.00
1888.00 629.00
1510.00 636.00
2538.00 670.00
1061.00 678.00
1545.00 680.00
2438.00 692.00
1639.00 710.00
2579.00 713.00
2535.00 715.00
1651.00 752.00
2447.00 755.00
2021.00 766.00
1910.00 788.00
2570.00 814.00
1660.00 823.00
2026.00 828.00
1867.00 838.00
2460.00 853.00
1665.00 867.00
1556.00 899.00
2035.00 903.00
2465.00 903.00
1654.00 909.00
2540.00 920.00
1935.00 924.00
2335.00 938.00
1546.00 941.00
1808.00 950.00
912.00 957.00
859.00 959.00
962.00 959.00
2039.00 965.00
1245.00 966.00
2100.00 967.00
2142.00 969.00
1896.00 978.00
1938.00 982.00
2572.00 982.00
2475.00 991.00
1067.00 1009.00
1264.00 1011.00
2042.00 1019.00
1734.00 1023.00
1524.00 1026.00
2557.00 1031.00
2481.00 1041.00
2165.00 1042.00
1688.00 1049.00
1010.00 1051.00
907.00 1055.00
1063.00 1056.00
2548.00 1072.00
1739.00 1073.00
2047.00 1090.00
1193.00 1103.00
1322.00 1119.00
1149.00 1128.00
904.00 1133.00
1463.00 1136.00
2026.00 1156.00
1255.00 1185.00
1127.00 1193.00
2052.00 1201.00
2178.00 1218.00
1146.00 1251.00
667.00 1276.00
2525.00 1290.00
621.00 1295.00
1892.00 1313.00
2514.00 1344.00
1903.00 1375.00
773.00 1400.00
2500.00 1443.00
2543.00 1586.00
2514.00 1636.00
1223.00 1716.00
2415.00 1817.00
