1888.00 407.00
1608.00 426.00
1798.00 432.00
2156.00 437.00
1452.00 457.00
1073.00 458.00
1207.00 461.00
2107.00 468.00
894.00 488.00
1680.00 497.00
1008.00 543.00
1416.00 552.00
953.00 566.00
410.00 576.00
1494.00 580.00
1319.00 583.00
1747.00 584.00
890.00 592.00
1638.00 602.00
1006.00 624.00
1331.00 625.00
433.00 627.00
1120.00 640.00
874.00 646.00
1724.00 651.00
1048.00 661.00
569.00 685.00
948.00 691.00
1815.00 694.00
1054.00 704.00
1463.00 706.00
945.00 735.00
512.00 760.00
1263.00 760.00
1086.00 765.00
653.00 781.00
1128.00 784.00
1173.00 790.00
968.00 831.00
1648.00 836.00
1152.00 855.00
547.00 859.00
856.00 892.00
449.00 897.00
946.00 899.00
513.00 910.00
695.00 1024.00
527.00 1077.00
508.00 1328.00
910.00 1504.00
891.00 1591.00
1440.00 1600.00
458.00 1627.00
848.00 1633.00
905.00 1667.00
486.00 1690.00
