490.00 271.00
324.00 285.00
576.00 285.00
874.00 331.00
554.00 352.00
504.00 356.00
872.00 391.00
792.00 422.00
328.00 426.00
1044.00 427.00
699.00 440.00
506.00 441.00
323.00 479.00
764.00 484.00
25.00 501.00
1294.00 502.00
1240.00 507.00
703.00 519.00
185.00 522.00
809.00 531.00
119.00 543.00
256.00 563.00
654.00 568.00
408.00 570.00
167.00 575.00
698.00 577.00
341.00 585.00
462.00 585.00
760.00 592.00
580.00 614.00
376.00 635.00
645.00 650.00
303.00 651.00
755.00 651.00
890.00 656.00
709.00 659.00
797.00 661.00
444.00 674.00
573.00 679.00
507.00 682.00
11.00 687.00
194.00 688.00
950.00 709.00
64.00 711.00
387.00 713.00
631.00 715.00
1015.00 729.00
142.00 740.00
566.00 744.00
337.00 746.00
383.00 754.00
58.00 758.00
438.00 768.00
770.00 779.00
1231.00 779.00
213.00 781.00
496.00 789.00
900.00 794.00
714.00 796.00
559.00 809.00
1030.00 827.00
1102.00 832.00
668.00 847.00
421.00 856.00
348.00 864.00
958.00 871.00
552.00 877.00
602.00 882.00
840.00 882.00
54.00 887.00
272.00 891.00
671.00 895.00
736.00 895.00
1019.00 897.00
780.00 908.00
321.00 913.00
908.00 913.00
103.00 919.00
821.00 923.00
1129.00 923.00
499.00 935.00
657.00 942.00
1281.00 942.00
546.00 946.00
263.00 948.00
596.00 952.00
1041.00 952.00
112.00 964.00
732.00 968.00
1189.00 972.00
775.00 973.00
376.00 978.00
816.00 985.00
1053.00 996.00
1126.00 1005.00
1239.00 1011.00
1176.00 1013.00
593.00 1016.00
980.00 1018.00
80.00 1021.00
866.00 1028.00
729.00 1032.00
787.00 1038.00
1051.00 1040.00
518.00 1051.00
1103.00 1054.00
1174.00 1054.00
371.00 1057.00
1216.00 1058.00
643.00 1072.00
420.00 1103.00
505.00 1110.00
569.00 1115.00
361.00 1122.00
734.00 1127.00
659.00 1135.00
506.00 1167.00
626.00 1200.00
639.00 1249.00
1287.00 1355.00
1246.00 1356.00
527.00 1585.00
575.00 1585.00
792.00 1591.00
810.00 1638.00
976.00 1645.00
494.00 1659.00
894.00 1662.00
935.00 1675.00
614.00 1682.00
808.00 1690.00
560.00 1693.00
670.00 1704.00
354.00 1721.00
1006.00 1721.00
913.00 1727.00
