1286.00 339.00
1871.00 360.00
1394.00 378.00
1431.00 425.00
1287.00 472.00
1354.00 493.00
1081.00 501.00
1197.00 507.00
1435.00 510.00
1634.00 513.00
1761.00 567.00
1816.00 578.00
1865.00 618.00
1591.00 630.00
1356.00 651.00
1634.00 657.00
669.00 661.00
1593.00 671.00
1546.00 673.00
840.00 677.00
1232.00 706.00
591.00 716.00
1456.00 731.00
1824.00 740.00
1686.00 742.00
1359.00 756.00
1730.00 771.00
793.00 774.00
1614.00 774.00
1005.00 787.00
927.00 791.00
1951.00 802.00
1359.00 821.00
850.00 826.00
904.00 833.00
1196.00 839.00
1252.00 850.00
1472.00 855.00
1032.00 860.00
966.00 869.00
1380.00 886.00
1293.00 905.00
1892.00 908.00
1050.00 911.00
1119.00 927.00
1637.00 940.00
785.00 953.00
933.00 980.00
1832.00 981.00
1131.00 989.00
1196.00 989.00
1034.00 994.00
1906.00 998.00
2011.00 999.00
993.00 1021.00
931.00 1037.00
1345.00 1041.00
883.00 1047.00
2126.00 1066.00
1561.00 1076.00
1736.00 1077.00
1607.00 1080.00
1127.00 1086.00
991.00 1098.00
1275.00 1121.00
778.00 1141.00
879.00 1158.00
1250.00 1170.00
1144.00 1193.00
1386.00 1197.00
992.00 1210.00
1033.00 1237.00
1790.00 1249.00
1098.00 1258.00
1862.00 1275.00
1556.00 1325.00
1744.00 1340.00
1793.00 1354.00
1866.00 1367.00
816.00 1376.00
921.00 1382.00
1266.00 1386.00
990.00 1390.00
1659.00 1408.00
1389.00 1419.00
1822.00 1419.00
1572.00 1423.00
1214.00 1448.00
1769.00 1448.00
1511.00 1449.00
1470.00 1455.00
1869.00 1458.00
1367.00 1463.00
1723.00 1482.00
1868.00 1511.00
1769.00 1519.00
1816.00 1521.00
1992.00 1528.00
1574.00 1530.00
1193.00 1537.00
1681.00 1546.00
767.00 1557.00
809.00 1561.00
973.00 1590.00
1695.00 1600.00
1007.00 1631.00
1718.00 1641.00
1193.00 1647.00
1664.00 1654.00
1820.00 1655.00
1879.00 1660.00
1064.00 1680.00
1194.00 1707.00
1234.00 1814.00
