1027.00 455.00
983.00 458.00
849.00 508.00
1839.00 511.00
1199.00 519.00
647.00 520.00
1647.00 528.00
1413.00 535.00
1847.00 568.00
1771.00 574.00
2009.00 574.00
1215.00 576.00
1505.00 620.00
1097.00 622.00
1272.00 624.00
1855.00 624.00
1554.00 653.00
1496.00 662.00
1108.00 664.00
1654.00 674.00
1352.00 679.00
1811.00 679.00
1600.00 685.00
1224.00 691.00
1549.00 695.00
1984.00 695.00
1418.00 701.00
1117.00 713.00
618.00 719.00
1629.00 727.00
1032.00 743.00
1159.00 743.00
1326.00 755.00
990.00 757.00
1392.00 761.00
904.00 768.00
1278.00 768.00
1463.00 768.00
1707.00 768.00
1552.00 769.00
1855.00 777.00
1038.00 790.00
1767.00 794.00
589.00 806.00
1439.00 815.00
938.00 822.00
802.00 824.00
1385.00 831.00
1877.00 850.00
1251.00 854.00
1571.00 856.00
1678.00 856.00
1477.00 863.00
1529.00 869.00
1386.00 884.00
1727.00 888.00
1613.00 889.00
1087.00 902.00
688.00 905.00
944.00 911.00
1448.00 911.00
1295.00 937.00
852.00 963.00
928.00 1024.00
1933.00 1055.00
1723.00 1058.00
823.00 1070.00
1786.00 1081.00
964.00 1083.00
658.00 1091.00
1829.00 1096.00
2113.00 1103.00
740.00 1107.00
808.00 1117.00
2072.00 1125.00
1897.00 1147.00
858.00 1149.00
963.00 1160.00
1906.00 1196.00
1753.00 1204.00
1968.00 1229.00
880.00 1231.00
942.00 1235.00
1903.00 1241.00
1589.00 1245.00
744.00 1246.00
1637.00 1286.00
1995.00 1311.00
1089.00 1323.00
1628.00 1327.00
851.00 1343.00
1518.00 1354.00
958.00 1370.00
1561.00 1377.00
1189.00 1381.00
1603.00 1385.00
2278.00 1390.00
1246.00 1397.00
1230.00 1438.00
1938.00 1455.00
1703.00 1456.00
1417.00 1463.00
1808.00 1483.00
1981.00 1493.00
1760.00 1495.00
1932.00 1498.00
1477.00 1505.00
1631.00 1520.00
1352.00 1530.00
1311.00 1531.00
1793.00 1536.00
1527.00 1550.00
1705.00 1552.00
1568.00 1558.00
2155.00 1572.00
1637.00 1576.00
1792.00 1577.00
1898.00 1588.00
1530.00 1609.00
999.00 1613.00
2111.00 1616.00
2159.00 1626.00
657.00 1627.00
1570.00 1655.00
1992.00 1655.00
855.00 1662.00
1352.00 1667.00
940.00 1669.00
1055.00 1672.00
1528.00 1674.00
1705.00 1675.00
727.00 1677.00
1198.00 1678.00
1275.00 1692.00
1583.00 1697.00
983.00 1699.00
