568.00 114.00
849.00 365.00
1008.00 400.00
709.00 414.00
572.00 517.00
1303.00 579.00
825.00 591.00
773.00 605.00
484.00 608.00
668.00 617.00
1521.00 650.00
1219.00 656.00
997.00 692.00
1394.00 701.00
1342.00 745.00
828.00 830.00
547.00 859.00
1456.00 859.00
1492.00 911.00
1840.00 912.00
1662.00 930.00
1400.00 952.00
813.00 955.00
1457.00 966.00
1901.00 973.00
1855.00 976.00
485.00 982.00
1276.00 1005.00
1974.00 1011.00
1646.00 1023.00
1457.00 1027.00
1865.00 1042.00
1784.00 1049.00
1279.00 1055.00
732.00 1067.00
1867.00 1088.00
1324.00 1092.00
1223.00 1172.00
902.00 1185.00
1456.00 1190.00
955.00 1228.00
2050.00 1366.00
1393.00 1414.00
1593.00 1419.00
1737.00 1422.00
1863.00 1422.00
1285.00 1439.00
1344.00 1450.00
1813.00 1465.00
1890.00 1467.00
2024.00 1469.00
1750.00 1487.00
1664.00 1506.00
1814.00 1511.00
1864.00 1511.00
704.00 1512.00
1404.00 1515.00
1559.00 1522.00
564.00 1534.00
830.00 1538.00
1866.00 1556.00
1105.00 1564.00
784.00 1574.00
849.00 1582.00
1632.00 1598.00
2087.00 1605.00
529.00 1608.00
875.00 1624.00
2042.00 1624.00
720.00 1627.00
1289.00 1688.00
670.00 1694.00
865.00 1821.00
791.00 1844.00
