1866.00 225.00
1431.00 266.00
2255.00 308.00
1221.00 309.00
1169.00 321.00
2295.00 357.00
926.00 360.00
1178.00 362.00
1239.00 368.00
1298.00 378.00
2033.00 386.00
2306.00 407.00
911.00 408.00
1547.00 423.00
2497.00 464.00
1564.00 465.00
1025.00 484.00
1977.00 496.00
2211.00 504.00
912.00 511.00
2046.00 512.00
1494.00 525.00
2204.00 550.00
1390.00 557.00
2043.00 567.00
1565.00 576.00
1926.00 597.00
1127.00 601.00
1191.00 616.00
1481.00 625.00
934.00 651.00
2019.00 672.00
1931.00 693.00
1115.00 697.00
1617.00 703.00
1576.00 707.00
929.00 710.00
1464.00 721.00
1114.00 742.00
1613.00 765.00
988.00 767.00
1239.00 773.00
1479.00 777.00
1143.00 788.00
1547.00 816.00
902.00 818.00
2270.00 823.00
2568.00 828.00
1672.00 833.00
2223.00 837.00
1420.00 844.00
2241.00 883.00
2151.00 887.00
1315.00 889.00
2530.00 890.00
971.00 898.00
2284.00 920.00
2583.00 925.00
2485.00 932.00
2076.00 940.00
1365.00 941.00
990.00 944.00
1775.00 949.00
1604.00 962.00
1818.00 979.00
1213.00 982.00
1774.00 995.00
1070.00 997.00
949.00 1007.00
1881.00 1011.00
2504.00 1029.00
1571.00 1052.00
2160.00 1069.00
946.00 1073.00
987.00 1085.00
1639.00 1096.00
1087.00 1100.00
920.00 1114.00
1055.00 1144.00
962.00 1146.00
958.00 1190.00
2396.00 1314.00
1451.00 1817.00
