1604.00 87.00
1645.00 93.00
1609.00 175.00
853.00 211.00
984.00 247.00
1641.00 281.00
932.00 303.00
1639.00 332.00
1040.00 343.00
1486.00 344.00
1945.00 355.00
1809.00 360.00
1711.00 361.00
1328.00 368.00
1636.00 382.00
906.00 383.00
959.00 383.00
2127.00 384.00
1692.00 402.00
1477.00 430.00
1409.00 439.00
1998.00 439.00
1130.00 445.00
1743.00 451.00
1559.00 477.00
808.00 497.00
1731.00 503.00
1004.00 527.00
1660.00 534.00
1929.00 542.00
2238.00 543.00
1336.00 544.00
889.00 548.00
1529.00 556.00
1791.00 567.00
1727.00 572.00
1600.00 576.00
1079.00 600.00
1691.00 615.00
1399.00 622.00
2182.00 632.00
1735.00 637.00
1481.00 642.00
1081.00 643.00
1794.00 644.00
1122.00 645.00
2125.00 647.00
1551.00 656.00
1607.00 664.00
977.00 699.00
1938.00 703.00
1173.00 732.00
1869.00 736.00
1689.00 747.00
1223.00 749.00
883.00 751.00
1120.00 757.00
1302.00 768.00
2167.00 768.00
1762.00 770.00
1495.00 775.00
1026.00 777.00
1070.00 788.00
1161.00 793.00
1849.00 799.00
1967.00 807.00
955.00 815.00
1374.00 815.00
1642.00 822.00
1501.00 823.00
1308.00 825.00
1566.00 829.00
2025.00 834.00
1138.00 838.00
1728.00 838.00
1249.00 843.00
2069.00 848.00
1832.00 855.00
2126.00 855.00
1447.00 857.00
1367.00 869.00
1730.00 882.00
1069.00 886.00
1203.00 889.00
1687.00 892.00
1567.00 896.00
905.00 899.00
1156.00 900.00
1263.00 901.00
1443.00 901.00
2083.00 912.00
1362.00 919.00
2039.00 921.00
756.00 928.00
1880.00 943.00
802.00 944.00
1732.00 952.00
1954.00 961.00
2071.00 964.00
1582.00 966.00
2013.00 971.00
1653.00 978.00
1507.00 1014.00
2051.00 1014.00
1153.00 1017.00
1202.00 1019.00
2112.00 1028.00
1266.00 1029.00
1570.00 1031.00
2277.00 1034.00
922.00 1050.00
881.00 1055.00
1068.00 1059.00
1771.00 1061.00
2065.00 1061.00
1517.00 1068.00
1204.00 1072.00
1814.00 1074.00
970.00 1078.00
2164.00 1080.00
1913.00 1089.00
1131.00 1095.00
827.00 1097.00
918.00 1097.00
1998.00 1127.00
1379.00 1135.00
1693.00 1136.00
2053.00 1153.00
903.00 1154.00
1433.00 1154.00
2097.00 1155.00
1236.00 1158.00
1315.00 1159.00
950.00 1168.00
2002.00 1185.00
993.00 1188.00
1669.00 1192.00
1600.00 1193.00
1895.00 1202.00
1538.00 1211.00
2043.00 1223.00
1839.00 1228.00
1750.00 1232.00
1969.00 1234.00
1600.00 1235.00
1665.00 1238.00
1542.00 1255.00
1420.00 1259.00
1713.00 1288.00
2010.00 1290.00
1570.00 1303.00
842.00 1308.00
1251.00 1314.00
791.00 1329.00
2029.00 1337.00
1662.00 1358.00
1467.00 1369.00
1528.00 1369.00
1217.00 1376.00
1975.00 1378.00
1858.00 1382.00
1808.00 1384.00
2262.00 1386.00
1577.00 1392.00
703.00 1394.00
1388.00 1399.00
2124.00 1400.00
2080.00 1404.00
1750.00 1407.00
806.00 1421.00
1875.00 1423.00
2240.00 1454.00
2183.00 1456.00
1666.00 1472.00
1746.00 1479.00
2035.00 1483.00
1994.00 1487.00
852.00 1502.00
1666.00 1513.00
1728.00 1520.00
1783.00 1548.00
1687.00 1557.00
1449.00 1562.00
1638.00 1567.00
1826.00 1591.00
1785.00 1598.00
1744.00 1600.00
