1833.00 69.00
2137.00 71.00
2400.00 74.00
1771.00 95.00
1902.00 105.00
2409.00 144.00
473.00 150.00
2272.00 167.00
2145.00 178.00
1913.00 188.00
2058.00 190.00
1447.00 191.00
1622.00 223.00
1924.00 235.00
2319.00 245.00
1032.00 249.00
2241.00 256.00
1785.00 259.00
736.00 269.00
1587.00 270.00
1193.00 283.00
2074.00 283.00
1496.00 286.00
2430.00 288.00
1124.00 291.00
1847.00 296.00
1076.00 304.00
1789.00 305.00
651.00 309.00
1733.00 311.00
2170.00 323.00
1536.00 341.00
912.00 361.00
666.00 371.00
1938.00 375.00
1207.00 379.00
1642.00 391.00
2444.00 397.00
1149.00 407.00
1000.00 415.00
2189.00 438.00
2024.00 451.00
425.00 459.00
1480.00 467.00
1439.00 472.00
1025.00 489.00
974.00 501.00
1759.00 512.00
438.00 520.00
1118.00 528.00
1954.00 528.00
1544.00 542.00
966.00 552.00
2160.00 566.00
463.00 569.00
1482.00 581.00
1568.00 584.00
411.00 599.00
1370.00 601.00
1273.00 608.00
1197.00 615.00
893.00 624.00
380.00 644.00
2040.00 663.00
1165.00 679.00
1384.00 683.00
1505.00 688.00
2208.00 712.00
761.00 730.00
1922.00 731.00
1807.00 735.00
1166.00 744.00
1561.00 744.00
2293.00 746.00
1973.00 767.00
2106.00 768.00
1861.00 776.00
2041.00 783.00
1976.00 809.00
2153.00 811.00
1055.00 853.00
1890.00 860.00
2125.00 861.00
2347.00 862.00
1837.00 910.00
997.00 922.00
909.00 930.00
2111.00 942.00
1767.00 950.00
820.00 952.00
1333.00 982.00
2134.00 986.00
1829.00 997.00
904.00 1001.00
2058.00 1015.00
1990.00 1029.00
1193.00 1056.00
1752.00 1056.00
2064.00 1075.00
1993.00 1077.00
1373.00 1085.00
2214.00 1112.00
1827.00 1115.00
2039.00 1213.00
