494.00 13.00
154.00 103.00
366.00 111.00
305.00 135.00
148.00 282.00
649.00 288.00
674.00 344.00
219.00 407.00
679.00 444.00
1034.00 613.00
856.00 696.00
537.00 724.00
1012.00 818.00
1908.00 937.00
713.00 1022.00
1430.00 1367.00
1376.00 1373.00
1550.00 1384.00
1290.00 1387.00
2145.00 1391.00
105.00 1406.00
846.00 1413.00
1966.00 1418.00
949.00 1456.00
1489.00 1473.00
1558.00 1481.00
1899.00 1481.00
1661.00 1497.00
2074.00 1510.00
933.00 1511.00
1925.00 1553.00
976.00 1560.00
1677.00 1568.00
1853.00 1569.00
1732.00 1571.00
1373.00 1572.00
2014.00 1576.00
1549.00 1580.00
1939.00 1604.00
2079.00 1613.00
975.00 1624.00
1608.00 1626.00
1057.00 1638.00
1184.00 1643.00
862.00 1655.00
1624.00 1670.00
2031.00 1670.00
947.00 1686.00
1572.00 1693.00
1956.00 1700.00
1272.00 1708.00
1047.00 1719.00
882.00 1744.00
1549.00 1744.00
2091.00 1750.00
1677.00 1797.00
1599.00 1801.00
1042.00 1803.00
1427.00 1814.00
1262.00 1821.00
1791.00 1829.00
1372.00 1860.00
2063.00 1864.00
1430.00 1873.00
1427.00 1946.00
1621.00 1987.00
1692.00 1992.00
