2420.00 12.00
2121.00 104.00
1730.00 134.00
2096.00 155.00
1798.00 166.00
1622.00 174.00
1730.00 184.00
1938.00 207.00
1796.00 210.00
1791.00 252.00
1732.00 263.00
2410.00 277.00
1785.00 294.00
2417.00 336.00
1606.00 343.00
1767.00 364.00
2492.00 420.00
1747.00 423.00
1602.00 458.00
1726.00 472.00
1920.00 487.00
2072.00 487.00
1540.00 488.00
2549.00 489.00
2017.00 495.00
2268.00 522.00
2024.00 552.00
2309.00 601.00
1635.00 605.00
2460.00 610.00
2355.00 638.00
1581.00 660.00
2436.00 681.00
2119.00 714.00
2201.00 723.00
2289.00 731.00
1636.00 741.00
2505.00 753.00
2160.00 768.00
2214.00 769.00
2256.00 774.00
1967.00 778.00
1899.00 785.00
1617.00 806.00
2322.00 813.00
1975.00 820.00
2154.00 820.00
2069.00 831.00
2367.00 848.00
1876.00 850.00
2023.00 854.00
2113.00 856.00
1818.00 860.00
2069.00 872.00
2193.00 872.00
1763.00 873.00
1964.00 887.00
1884.00 895.00
2073.00 928.00
1991.00 931.00
2118.00 935.00
1830.00 946.00
2283.00 951.00
2518.00 954.00
1723.00 968.00
2437.00 984.00
2015.00 1005.00
2213.00 1037.00
1617.00 1042.00
2045.00 1054.00
1982.00 1057.00
1833.00 1060.00
2219.00 1096.00
1977.00 1102.00
2020.00 1103.00
1773.00 1111.00
1834.00 1111.00
1628.00 1135.00
1776.00 1239.00
2045.00 1268.00
2552.00 1283.00
2229.00 1287.00
1991.00 1290.00
1991.00 1350.00
2272.00 1358.00
1839.00 1365.00
2463.00 1367.00
1753.00 1447.00
1913.00 1475.00
1839.00 1502.00
1779.00 1542.00
1896.00 1597.00
2164.00 1634.00
1762.00 1733.00
1728.00 1776.00
2057.00 1787.00
1785.00 1798.00
1992.00 1805.00
1949.00 1815.00
1892.00 1831.00
2000.00 1867.00
