2116.00 368.00
1873.00 383.00
2531.00 451.00
1175.00 476.00
1415.00 479.00
1883.00 494.00
1234.00 703.00
1328.00 712.00
1192.00 719.00
1905.00 786.00
1228.00 797.00
1565.00 820.00
1160.00 948.00
1119.00 1063.00
1784.00 1066.00
1223.00 1069.00
1318.00 1073.00
1413.00 1078.00
1076.00 1142.00
1071.00 1256.00
1313.00 1272.00
967.00 1289.00
1063.00 1302.00
1794.00 1318.00
1135.00 1335.00
1171.00 1376.00
1125.00 1408.00
1060.00 1417.00
1804.00 1444.00
1408.00 1457.00
1320.00 1460.00
1098.00 1485.00
1104.00 1527.00
1059.00 1553.00
987.00 1588.00
1060.00 1602.00
944.00 1608.00
992.00 1654.00
1060.00 1681.00
1099.00 1743.00
1838.00 1780.00
