2144.00 219.00
2051.00 264.00
2343.00 316.00
1869.00 350.00
1479.00 355.00
2162.00 366.00
1687.00 367.00
902.00 398.00
1368.00 399.00
1799.00 406.00
2436.00 419.00
1072.00 422.00
1903.00 423.00
2169.00 425.00
955.00 447.00
999.00 453.00
2363.00 460.00
1075.00 464.00
1801.00 464.00
1863.00 464.00
2544.00 469.00
2112.00 471.00
2277.00 472.00
2176.00 480.00
1631.00 484.00
2000.00 495.00
2329.00 508.00
2111.00 513.00
1504.00 515.00
2263.00 517.00
2552.00 521.00
1672.00 526.00
1863.00 535.00
2408.00 543.00
2334.00 551.00
1386.00 561.00
941.00 564.00
2559.00 568.00
1098.00 578.00
1156.00 583.00
1267.00 592.00
955.00 605.00
1001.00 608.00
1393.00 608.00
1484.00 618.00
1072.00 622.00
1528.00 623.00
1216.00 626.00
1128.00 627.00
1175.00 631.00
1590.00 634.00
2194.00 638.00
2321.00 641.00
2063.00 654.00
1909.00 659.00
2573.00 661.00
1006.00 663.00
1111.00 671.00
1685.00 676.00
2199.00 682.00
1434.00 686.00
2327.00 686.00
1592.00 687.00
1377.00 694.00
961.00 695.00
1125.00 717.00
1941.00 742.00
2207.00 745.00
2335.00 749.00
2340.00 791.00
1558.00 824.00
2217.00 831.00
2346.00 855.00
1559.00 873.00
2160.00 877.00
1600.00 913.00
2328.00 913.00
1161.00 947.00
1922.00 973.00
2430.00 1068.00
2240.00 1385.00
2060.00 1393.00
1929.00 1396.00
2121.00 1405.00
2187.00 1406.00
1713.00 1421.00
1224.00 1432.00
1528.00 1434.00
2232.00 1440.00
2141.00 1460.00
1705.00 1465.00
1983.00 1647.00
1510.00 1685.00
1190.00 1703.00
