1240.00 304.00
1280.00 355.00
965.00 360.00
1703.00 367.00
1313.00 406.00
963.00 408.00
1265.00 424.00
1702.00 441.00
1983.00 471.00
486.00 479.00
1815.00 479.00
1255.00 486.00
2039.00 503.00
1528.00 517.00
1612.00 519.00
955.00 522.00
572.00 524.00
1832.00 527.00
2110.00 535.00
359.00 536.00
864.00 537.00
2216.00 544.00
1466.00 565.00
787.00 568.00
1663.00 575.00
594.00 576.00
674.00 577.00
874.00 584.00
1234.00 600.00
2092.00 600.00
2279.00 624.00
2201.00 628.00
917.00 629.00
1449.00 631.00
1583.00 639.00
1407.00 640.00
728.00 642.00
679.00 644.00
783.00 646.00
827.00 654.00
625.00 659.00
1344.00 671.00
1094.00 702.00
1671.00 711.00
1910.00 719.00
1227.00 720.00
823.00 725.00
1823.00 727.00
423.00 728.00
1536.00 728.00
928.00 733.00
985.00 752.00
755.00 753.00
523.00 758.00
627.00 759.00
1226.00 761.00
832.00 766.00
1964.00 767.00
2091.00 772.00
1335.00 773.00
712.00 779.00
914.00 784.00
1090.00 805.00
817.00 807.00
1213.00 810.00
768.00 815.00
1548.00 816.00
391.00 817.00
718.00 841.00
2024.00 843.00
1636.00 860.00
1572.00 862.00
911.00 871.00
2252.00 871.00
2193.00 874.00
549.00 877.00
1902.00 878.00
1374.00 886.00
1286.00 889.00
1100.00 893.00
2114.00 893.00
638.00 903.00
1219.00 906.00
1504.00 908.00
1894.00 937.00
1844.00 938.00
1494.00 951.00
1361.00 953.00
1086.00 954.00
2078.00 959.00
917.00 966.00
1665.00 967.00
1234.00 973.00
743.00 978.00
675.00 981.00
1592.00 987.00
2033.00 992.00
2124.00 992.00
1841.00 997.00
1177.00 1003.00
2083.00 1003.00
464.00 1007.00
619.00 1008.00
884.00 1015.00
738.00 1019.00
405.00 1023.00
991.00 1035.00
2132.00 1035.00
936.00 1042.00
1480.00 1043.00
1811.00 1044.00
1703.00 1045.00
1987.00 1048.00
309.00 1051.00
2033.00 1054.00
2173.00 1059.00
1062.00 1061.00
990.00 1079.00
947.00 1091.00
1514.00 1095.00
736.00 1097.00
2003.00 1098.00
1705.00 1099.00
1663.00 1102.00
2169.00 1119.00
1002.00 1127.00
1951.00 1132.00
1526.00 1148.00
1998.00 1151.00
799.00 1156.00
1666.00 1157.00
459.00 1166.00
923.00 1172.00
1358.00 1180.00
331.00 1181.00
1858.00 1186.00
1446.00 1188.00
2243.00 1189.00
1662.00 1213.00
1321.00 1222.00
2197.00 1222.00
1094.00 1231.00
799.00 1232.00
1170.00 1241.00
1405.00 1241.00
399.00 1242.00
1013.00 1246.00
497.00 1248.00
1861.00 1248.00
556.00 1249.00
1710.00 1249.00
2243.00 1253.00
1212.00 1258.00
1290.00 1263.00
886.00 1265.00
1335.00 1269.00
831.00 1282.00
757.00 1288.00
698.00 1290.00
446.00 1291.00
973.00 1293.00
627.00 1312.00
1358.00 1316.00
830.00 1323.00
1073.00 1344.00
442.00 1350.00
634.00 1353.00
705.00 1356.00
1330.00 1360.00
298.00 1361.00
1124.00 1366.00
552.00 1367.00
1829.00 1376.00
897.00 1388.00
996.00 1391.00
1772.00 1391.00
511.00 1397.00
454.00 1400.00
1347.00 1401.00
366.00 1402.00
325.00 1405.00
715.00 1411.00
648.00 1418.00
567.00 1423.00
1094.00 1425.00
994.00 1438.00
1106.00 1475.00
1559.00 1475.00
1623.00 1476.00
733.00 1478.00
445.00 1483.00
1147.00 1487.00
1228.00 1506.00
658.00 1510.00
1572.00 1516.00
1088.00 1522.00
1143.00 1533.00
751.00 1538.00
358.00 1565.00
691.00 1574.00
1022.00 1584.00
1812.00 1589.00
1358.00 1607.00
357.00 1608.00
616.00 1620.00
566.00 1627.00
728.00 1635.00
427.00 1652.00
944.00 1653.00
806.00 1656.00
611.00 1661.00
622.00 1703.00
373.00 1716.00
319.00 1727.00
1877.00 1728.00
