935.00 57.00
615.00 162.00
513.00 163.00
694.00 165.00
412.00 181.00
1005.00 207.00
624.00 218.00
955.00 231.00
583.00 244.00
415.00 248.00
690.00 260.00
1385.00 263.00
766.00 302.00
620.00 325.00
1416.00 330.00
678.00 350.00
1351.00 351.00
563.00 361.00
438.00 376.00
1414.00 378.00
395.00 383.00
716.00 400.00
502.00 402.00
896.00 402.00
1379.00 438.00
1427.00 439.00
772.00 441.00
909.00 444.00
1113.00 445.00
554.00 450.00
636.00 479.00
1411.00 486.00
792.00 487.00
1830.00 504.00
1096.00 505.00
1415.00 537.00
1160.00 551.00
996.00 552.00
877.00 564.00
935.00 577.00
833.00 597.00
777.00 603.00
1021.00 607.00
1128.00 607.00
1176.00 617.00
573.00 621.00
922.00 636.00
1135.00 657.00
822.00 696.00
871.00 696.00
1150.00 704.00
1328.00 743.00
1381.00 746.00
624.00 752.00
896.00 763.00
1531.00 766.00
520.00 775.00
1067.00 784.00
1161.00 797.00
1256.00 816.00
1717.00 821.00
528.00 851.00
1439.00 871.00
1135.00 875.00
1084.00 889.00
1842.00 891.00
1311.00 892.00
1526.00 895.00
993.00 907.00
1169.00 924.00
1793.00 953.00
1846.00 962.00
984.00 969.00
1109.00 969.00
1493.00 982.00
1060.00 990.00
803.00 1015.00
1494.00 1036.00
1024.00 1037.00
1129.00 1039.00
979.00 1058.00
1139.00 1092.00
1284.00 1189.00
1439.00 1189.00
739.00 1221.00
1391.00 1237.00
1777.00 1258.00
1153.00 1320.00
1781.00 1345.00
986.00 1374.00
1731.00 1384.00
1460.00 1444.00
1170.00 1456.00
1129.00 1457.00
1739.00 1474.00
712.00 1482.00
1862.00 1495.00
927.00 1527.00
801.00 1561.00
