877.00 366.00
256.00 379.00
1290.00 390.00
775.00 416.00
1047.00 432.00
312.00 437.00
1378.00 451.00
508.00 465.00
242.00 477.00
303.00 478.00
1121.00 479.00
813.00 489.00
1519.00 494.00
1059.00 496.00
1271.00 504.00
638.00 510.00
1565.00 528.00
815.00 536.00
1680.00 537.00
1178.00 541.00
1519.00 548.00
554.00 559.00
77.00 562.00
224.00 562.00
282.00 579.00
118.00 582.00
1095.00 586.00
1263.00 599.00
447.00 600.00
215.00 603.00
1194.00 606.00
1019.00 620.00
1320.00 624.00
295.00 631.00
1165.00 647.00
816.00 652.00
117.00 659.00
1658.00 661.00
1088.00 671.00
1812.00 671.00
158.00 676.00
204.00 690.00
534.00 699.00
263.00 703.00
1017.00 704.00
614.00 720.00
351.00 733.00
1024.00 748.00
120.00 759.00
881.00 760.00
513.00 762.00
248.00 789.00
1567.00 792.00
703.00 793.00
605.00 801.00
110.00 808.00
1172.00 826.00
1094.00 831.00
334.00 837.00
1447.00 840.00
61.00 841.00
1568.00 850.00
838.00 851.00
1395.00 866.00
262.00 867.00
1780.00 869.00
1718.00 879.00
387.00 891.00
897.00 893.00
938.00 896.00
1591.00 901.00
1641.00 903.00
640.00 911.00
1505.00 920.00
1713.00 924.00
270.00 927.00
590.00 928.00
1256.00 931.00
1766.00 940.00
1588.00 943.00
1145.00 944.00
1297.00 946.00
1656.00 947.00
1019.00 953.00
192.00 955.00
119.00 967.00
1193.00 980.00
1340.00 986.00
641.00 989.00
1570.00 996.00
1276.00 997.00
1733.00 1000.00
419.00 1016.00
323.00 1017.00
373.00 1020.00
1175.00 1025.00
1684.00 1025.00
471.00 1033.00
1529.00 1046.00
1616.00 1046.00
978.00 1050.00
1755.00 1056.00
1438.00 1073.00
1380.00 1075.00
1710.00 1083.00
414.00 1153.00
167.00 1160.00
1757.00 1171.00
60.00 1215.00
307.00 1244.00
719.00 1293.00
472.00 1320.00
378.00 1348.00
715.00 1374.00
472.00 1428.00
1894.00 1504.00
362.00 1508.00
239.00 1511.00
56.00 1517.00
1113.00 1651.00
1256.00 1654.00
1299.00 1688.00
1295.00 1731.00
281.00 1737.00
