526.00 209.00
16.00 215.00
327.00 267.00
44.00 282.00
1423.00 287.00
973.00 294.00
1367.00 299.00
895.00 311.00
1048.00 311.00
999.00 340.00
373.00 344.00
60.00 352.00
1224.00 367.00
1279.00 368.00
1175.00 383.00
1000.00 428.00
1159.00 431.00
1423.00 436.00
605.00 441.00
1207.00 448.00
427.00 460.00
944.00 463.00
1622.00 492.00
1331.00 494.00
348.00 502.00
1799.00 503.00
920.00 508.00
543.00 526.00
871.00 527.00
1391.00 550.00
1038.00 559.00
340.00 562.00
409.00 583.00
513.00 596.00
1575.00 616.00
763.00 623.00
1635.00 630.00
1297.00 647.00
521.00 655.00
1576.00 658.00
1662.00 674.00
322.00 689.00
1599.00 703.00
514.00 726.00
1644.00 727.00
998.00 730.00
1529.00 743.00
1578.00 748.00
723.00 749.00
1369.00 753.00
1113.00 759.00
1468.00 763.00
331.00 769.00
624.00 773.00
1424.00 778.00
1240.00 805.00
970.00 882.00
1201.00 884.00
1672.00 899.00
1331.00 912.00
1399.00 919.00
1290.00 929.00
1239.00 932.00
1504.00 935.00
1173.00 940.00
1797.00 951.00
1719.00 981.00
987.00 984.00
1614.00 988.00
1172.00 992.00
1293.00 1008.00
1659.00 1011.00
1573.00 1013.00
1250.00 1021.00
1526.00 1031.00
968.00 1048.00
1243.00 1064.00
1092.00 1065.00
1190.00 1080.00
1021.00 1085.00
1396.00 1109.00
1065.00 1140.00
1380.00 1160.00
1291.00 1168.00
1710.00 1175.00
1422.00 1191.00
1534.00 1215.00
1493.00 1235.00
1262.00 1237.00
1364.00 1247.00
1557.00 1261.00
1656.00 1261.00
1721.00 1262.00
1783.00 1263.00
1178.00 1282.00
1289.00 1284.00
1060.00 1318.00
1529.00 1347.00
1117.00 1372.00
1612.00 1400.00
1386.00 1405.00
1183.00 1418.00
1810.00 1426.00
1715.00 1439.00
999.00 1440.00
1725.00 1480.00
793.00 1491.00
1289.00 1507.00
1683.00 1511.00
1153.00 1521.00
230.00 1540.00
1437.00 1566.00
757.00 1580.00
1069.00 1582.00
1495.00 1598.00
1654.00 1599.00
1720.00 1600.00
1161.00 1623.00
797.00 1624.00
1026.00 1624.00
873.00 1626.00
1278.00 1651.00
1111.00 1653.00
946.00 1654.00
756.00 1690.00
1137.00 1725.00
1039.00 1728.00
831.00 1730.00
1770.00 1739.00
1046.00 1779.00
814.00 1783.00
