1495.00 494.00
1378.00 504.00
1555.00 508.00
1454.00 523.00
1620.00 527.00
1511.00 537.00
639.00 557.00
2154.00 559.00
911.00 584.00
2044.00 603.00
1574.00 604.00
1897.00 609.00
1522.00 612.00
1729.00 622.00
830.00 636.00
2032.00 644.00
1796.00 656.00
1432.00 667.00
1283.00 673.00
1871.00 688.00
1715.00 696.00
1804.00 699.00
1285.00 714.00
1659.00 717.00
1001.00 748.00
1814.00 752.00
1996.00 792.00
1771.00 796.00
1848.00 801.00
1185.00 811.00
1755.00 838.00
1470.00 841.00
2000.00 842.00
1926.00 850.00
1020.00 861.00
1799.00 883.00
1519.00 899.00
1847.00 900.00
903.00 901.00
1889.00 913.00
1322.00 918.00
1248.00 929.00
1146.00 931.00
2085.00 937.00
2209.00 946.00
2038.00 957.00
1487.00 960.00
1881.00 960.00
1995.00 968.00
2117.00 999.00
1860.00 1013.00
2201.00 1051.00
1738.00 1068.00
1692.00 1126.00
2056.00 1150.00
2001.00 1319.00
1636.00 1408.00
1570.00 1409.00
1875.00 1434.00
1286.00 1441.00
1034.00 1450.00
1247.00 1490.00
2055.00 1491.00
2008.00 1496.00
799.00 1497.00
1036.00 1522.00
1841.00 1530.00
2063.00 1532.00
1960.00 1546.00
1888.00 1557.00
1585.00 1575.00
1032.00 1589.00
1091.00 1606.00
1467.00 1610.00
1358.00 1623.00
