1802.00 346.00
1891.00 395.00
1836.00 434.00
1641.00 440.00
1765.00 441.00
1877.00 486.00
1609.00 489.00
1691.00 494.00
1797.00 508.00
1970.00 553.00
1812.00 556.00
1868.00 558.00
2265.00 558.00
2084.00 561.00
2164.00 564.00
1619.00 585.00
1912.00 589.00
2238.00 609.00
1711.00 615.00
2248.00 656.00
1600.00 665.00
2366.00 667.00
1542.00 670.00
2205.00 673.00
1832.00 684.00
2084.00 691.00
2023.00 714.00
2371.00 720.00
1554.00 722.00
1316.00 724.00
2274.00 725.00
1972.00 729.00
1865.00 756.00
1776.00 758.00
1415.00 787.00
1841.00 799.00
2262.00 814.00
1846.00 845.00
2164.00 868.00
1542.00 887.00
1670.00 892.00
2283.00 902.00
1746.00 905.00
1927.00 938.00
1608.00 962.00
1715.00 962.00
2510.00 1152.00
1399.00 1495.00
751.00 1528.00
1357.00 1529.00
759.00 1585.00
1195.00 1592.00
1259.00 1595.00
1322.00 1599.00
