1259.00 32.00
870.00 159.00
966.00 215.00
762.00 240.00
1010.00 245.00
152.00 256.00
951.00 291.00
379.00 308.00
838.00 311.00
1083.00 311.00
881.00 336.00
1027.00 337.00
717.00 353.00
925.00 362.00
837.00 363.00
520.00 401.00
948.00 407.00
1186.00 408.00
1144.00 413.00
737.00 418.00
282.00 428.00
667.00 447.00
800.00 447.00
1257.00 457.00
1039.00 463.00
270.00 469.00
1184.00 484.00
1304.00 499.00
331.00 508.00
971.00 509.00
1039.00 527.00
1156.00 542.00
436.00 543.00
258.00 549.00
1220.00 580.00
350.00 610.00
955.00 630.00
438.00 674.00
217.00 678.00
483.00 689.00
1004.00 713.00
1187.00 730.00
569.00 739.00
325.00 757.00
468.00 759.00
698.00 762.00
1109.00 777.00
698.00 808.00
853.00 812.00
476.00 819.00
777.00 820.00
1454.00 845.00
420.00 857.00
1390.00 857.00
1006.00 860.00
538.00 862.00
1215.00 875.00
481.00 876.00
1072.00 881.00
1390.00 898.00
1158.00 908.00
1457.00 911.00
748.00 912.00
1089.00 923.00
303.00 932.00
923.00 956.00
444.00 965.00
1191.00 996.00
1039.00 998.00
1120.00 1000.00
679.00 1004.00
1143.00 1058.00
1202.00 1059.00
247.00 1066.00
860.00 1077.00
586.00 1107.00
1031.00 1116.00
372.00 1117.00
397.00 1173.00
289.00 1178.00
552.00 1180.00
235.00 1186.00
615.00 1210.00
344.00 1215.00
284.00 1227.00
230.00 1230.00
924.00 1244.00
882.00 1267.00
829.00 1384.00
968.00 1401.00
214.00 1412.00
292.00 1438.00
73.00 1441.00
88.00 1495.00
875.00 1504.00
16.00 1518.00
783.00 1526.00
829.00 1560.00
739.00 1565.00
784.00 1571.00
72.00 1624.00
56.00 1725.00
67.00 1769.00
184.00 1770.00
114.00 1829.00
