1822.00 8.00
1906.00 19.00
1315.00 40.00
1688.00 57.00
1827.00 63.00
2279.00 161.00
1395.00 175.00
1175.00 176.00
1345.00 201.00
2057.00 214.00
1296.00 229.00
1163.00 288.00
1235.00 288.00
1290.00 299.00
1853.00 309.00
1599.00 331.00
1803.00 350.00
2056.00 355.00
1611.00 372.00
1567.00 399.00
1844.00 414.00
1210.00 440.00
1561.00 456.00
1955.00 460.00
2036.00 469.00
1906.00 501.00
1988.00 538.00
1633.00 540.00
1731.00 543.00
1777.00 549.00
2143.00 559.00
1878.00 561.00
1757.00 593.00
1454.00 607.00
1538.00 627.00
1143.00 630.00
2155.00 640.00
1714.00 662.00
2076.00 667.00
1402.00 678.00
1478.00 698.00
1794.00 722.00
1207.00 734.00
2007.00 751.00
2173.00 757.00
1795.00 768.00
2121.00 781.00
2321.00 792.00
1215.00 796.00
1719.00 796.00
1624.00 799.00
1480.00 810.00
2435.00 831.00
1222.00 839.00
2494.00 845.00
1233.00 917.00
2449.00 933.00
2363.00 973.00
2454.00 1094.00
1154.00 1110.00
1605.00 1124.00
1367.00 1252.00
