971.00 320.00
912.00 336.00
77.00 382.00
479.00 418.00
1367.00 424.00
1439.00 436.00
474.00 459.00
1313.00 461.00
727.00 467.00
1374.00 480.00
959.00 510.00
1273.00 520.00
669.00 521.00
782.00 535.00
1279.00 561.00
1226.00 567.00
518.00 601.00
616.00 613.00
814.00 656.00
1287.00 696.00
1346.00 704.00
1406.00 712.00
353.00 717.00
1023.00 773.00
1281.00 803.00
1370.00 826.00
495.00 846.00
832.00 911.00
1146.00 914.00
720.00 917.00
1317.00 959.00
1159.00 967.00
993.00 982.00
1639.00 1003.00
616.00 1431.00
635.00 1504.00
576.00 1521.00
675.00 1545.00
661.00 1586.00
620.00 1597.00
732.00 1648.00
446.00 1719.00
750.00 1725.00
687.00 1727.00
