414.00 8.00
114.00 34.00
900.00 64.00
598.00 102.00
551.00 106.00
965.00 153.00
982.00 197.00
82.00 238.00
507.00 269.00
679.00 283.00
255.00 288.00
726.00 295.00
530.00 310.00
258.00 368.00
252.00 429.00
358.00 431.00
944.00 440.00
33.00 444.00
154.00 447.00
1192.00 457.00
470.00 477.00
888.00 477.00
987.00 518.00
903.00 520.00
168.00 521.00
283.00 542.00
211.00 548.00
921.00 561.00
424.00 575.00
599.00 607.00
1019.00 613.00
202.00 614.00
1061.00 635.00
1123.00 640.00
326.00 647.00
255.00 679.00
507.00 679.00
466.00 690.00
583.00 704.00
115.00 712.00
158.00 720.00
747.00 729.00
460.00 736.00
847.00 745.00
317.00 751.00
792.00 762.00
119.00 768.00
1221.00 769.00
371.00 776.00
455.00 791.00
55.00 811.00
1153.00 834.00
871.00 868.00
919.00 880.00
822.00 910.00
1120.00 911.00
781.00 917.00
1384.00 934.00
134.00 1012.00
1240.00 1035.00
332.00 1069.00
47.00 1114.00
166.00 1144.00
449.00 1175.00
1239.00 1179.00
210.00 1251.00
243.00 1315.00
217.00 1420.00
258.00 1427.00
312.00 1447.00
223.00 1473.00
726.00 1550.00
464.00 1611.00
