726.00 461.00
534.00 514.00
1624.00 524.00
1938.00 541.00
1480.00 565.00
1628.00 605.00
1457.00 606.00
922.00 638.00
419.00 650.00
348.00 664.00
1436.00 664.00
1532.00 670.00
656.00 684.00
471.00 690.00
934.00 691.00
1586.00 692.00
522.00 695.00
391.00 712.00
1533.00 717.00
857.00 731.00
583.00 735.00
1588.00 740.00
338.00 741.00
1635.00 753.00
757.00 755.00
1080.00 771.00
1396.00 771.00
460.00 776.00
506.00 776.00
610.00 783.00
1287.00 783.00
1561.00 785.00
2110.00 785.00
747.00 798.00
838.00 799.00
793.00 803.00
1637.00 804.00
553.00 806.00
888.00 807.00
456.00 817.00
360.00 818.00
1347.00 832.00
640.00 851.00
768.00 856.00
717.00 858.00
1461.00 859.00
818.00 907.00
1712.00 915.00
455.00 926.00
1642.00 929.00
747.00 938.00
282.00 942.00
938.00 950.00
850.00 951.00
637.00 953.00
1471.00 958.00
334.00 964.00
1306.00 988.00
1559.00 1000.00
1645.00 1001.00
831.00 1002.00
1383.00 1007.00
329.00 1011.00
464.00 1021.00
240.00 1034.00
543.00 1040.00
1568.00 1041.00
1383.00 1051.00
601.00 1053.00
840.00 1055.00
1520.00 1057.00
930.00 1064.00
399.00 1070.00
1647.00 1075.00
1470.00 1080.00
1975.00 1093.00
320.00 1095.00
1154.00 1095.00
2026.00 1107.00
440.00 1109.00
485.00 1112.00
562.00 1118.00
1600.00 1120.00
1443.00 1127.00
1502.00 1130.00
1399.00 1140.00
1964.00 1141.00
1648.00 1149.00
2050.00 1155.00
1121.00 1160.00
459.00 1186.00
508.00 1189.00
941.00 1206.00
899.00 1212.00
1991.00 1232.00
808.00 1347.00
1123.00 1454.00
1445.00 1493.00
1520.00 1557.00
1656.00 1558.00
1521.00 1606.00
