1415.00 119.00
1804.00 131.00
1537.00 299.00
987.00 318.00
1028.00 336.00
1320.00 350.00
103.00 411.00
1141.00 448.00
1245.00 548.00
1290.00 557.00
408.00 562.00
624.00 575.00
474.00 586.00
515.00 596.00
616.00 623.00
816.00 668.00
1071.00 681.00
570.00 694.00
34.00 699.00
835.00 710.00
1087.00 728.00
614.00 744.00
1479.00 745.00
1214.00 753.00
835.00 754.00
791.00 762.00
711.00 776.00
321.00 788.00
1339.00 791.00
1211.00 798.00
696.00 825.00
983.00 847.00
1036.00 851.00
1211.00 853.00
53.00 856.00
837.00 856.00
1319.00 861.00
100.00 863.00
717.00 871.00
264.00 873.00
1118.00 886.00
784.00 910.00
1095.00 947.00
1362.00 949.00
1321.00 966.00
480.00 967.00
1169.00 1002.00
985.00 1032.00
471.00 1070.00
611.00 1074.00
669.00 1095.00
284.00 1122.00
623.00 1125.00
490.00 1191.00
191.00 1359.00
1101.00 1586.00
196.00 1653.00
188.00 1749.00
271.00 1857.00
844.00 1885.00
