285.00 284.00
544.00 320.00
830.00 341.00
83.00 359.00
325.00 372.00
983.00 373.00
1062.00 375.00
856.00 399.00
1350.00 412.00
1307.00 424.00
1021.00 430.00
650.00 440.00
1065.00 449.00
1631.00 455.00
421.00 476.00
1300.00 498.00
639.00 500.00
711.00 512.00
1055.00 523.00
1437.00 526.00
163.00 550.00
1299.00 559.00
642.00 577.00
766.00 577.00
569.00 583.00
1235.00 600.00
905.00 613.00
535.00 624.00
623.00 633.00
816.00 642.00
1754.00 650.00
1012.00 651.00
531.00 666.00
804.00 685.00
1401.00 696.00
744.00 699.00
615.00 708.00
1524.00 720.00
387.00 725.00
899.00 730.00
716.00 741.00
1378.00 746.00
999.00 751.00
315.00 752.00
1708.00 757.00
1088.00 760.00
1162.00 773.00
1664.00 776.00
1429.00 795.00
218.00 801.00
658.00 810.00
1140.00 814.00
1371.00 832.00
956.00 837.00
1192.00 840.00
1412.00 846.00
603.00 848.00
706.00 850.00
1076.00 858.00
1031.00 860.00
655.00 867.00
770.00 869.00
907.00 881.00
1525.00 885.00
282.00 890.00
960.00 892.00
1182.00 898.00
638.00 908.00
865.00 909.00
1457.00 910.00
1280.00 914.00
806.00 919.00
1096.00 923.00
716.00 925.00
911.00 932.00
1512.00 939.00
590.00 940.00
1357.00 957.00
870.00 971.00
1600.00 971.00
825.00 975.00
750.00 977.00
1250.00 977.00
1494.00 982.00
1681.00 990.00
703.00 996.00
956.00 1000.00
1293.00 1001.00
1375.00 1007.00
492.00 1012.00
780.00 1030.00
1570.00 1032.00
1388.00 1048.00
488.00 1056.00
86.00 1064.00
43.00 1068.00
1443.00 1070.00
1661.00 1070.00
1485.00 1079.00
1838.00 1079.00
889.00 1086.00
1263.00 1093.00
1353.00 1094.00
1536.00 1096.00
1582.00 1096.00
1723.00 1098.00
961.00 1114.00
147.00 1121.00
1635.00 1123.00
1406.00 1125.00
297.00 1128.00
1205.00 1133.00
945.00 1157.00
886.00 1161.00
784.00 1180.00
1485.00 1181.00
1539.00 1182.00
1724.00 1182.00
54.00 1185.00
1640.00 1190.00
1406.00 1196.00
213.00 1204.00
1683.00 1205.00
162.00 1212.00
411.00 1217.00
503.00 1220.00
1832.00 1235.00
658.00 1247.00
96.00 1266.00
192.00 1271.00
239.00 1273.00
470.00 1281.00
412.00 1284.00
747.00 1289.00
193.00 1336.00
270.00 1336.00
92.00 1337.00
312.00 1337.00
33.00 1338.00
366.00 1395.00
308.00 1396.00
267.00 1398.00
178.00 1405.00
134.00 1407.00
459.00 1408.00
79.00 1409.00
23.00 1412.00
984.00 1416.00
712.00 1448.00
220.00 1466.00
1807.00 1466.00
176.00 1471.00
126.00 1477.00
70.00 1481.00
453.00 1501.00
395.00 1503.00
256.00 1524.00
214.00 1531.00
168.00 1540.00
119.00 1548.00
62.00 1558.00
391.00 1558.00
1515.00 1558.00
331.00 1570.00
249.00 1587.00
208.00 1599.00
161.00 1609.00
386.00 1613.00
1785.00 1616.00
80.00 1628.00
284.00 1642.00
698.00 1655.00
625.00 1659.00
1179.00 1689.00
441.00 1695.00
588.00 1700.00
283.00 1705.00
39.00 1711.00
376.00 1712.00
241.00 1718.00
1004.00 1718.00
1117.00 1723.00
190.00 1736.00
149.00 1748.00
1511.00 1751.00
1071.00 1752.00
391.00 1763.00
1128.00 1770.00
540.00 1787.00
431.00 1815.00
