1196.00 330.00
1479.00 359.00
1304.00 375.00
1557.00 378.00
1255.00 394.00
996.00 401.00
1808.00 410.00
1953.00 415.00
421.00 435.00
972.00 442.00
1649.00 449.00
1493.00 463.00
2064.00 463.00
1438.00 465.00
1091.00 466.00
416.00 476.00
560.00 480.00
862.00 480.00
1848.00 481.00
970.00 485.00
1391.00 488.00
1799.00 492.00
1014.00 495.00
2021.00 497.00
1149.00 505.00
1199.00 508.00
1468.00 508.00
903.00 511.00
502.00 513.00
1699.00 515.00
411.00 519.00
792.00 521.00
2066.00 521.00
1960.00 522.00
969.00 527.00
1511.00 541.00
1013.00 549.00
1209.00 550.00
2128.00 551.00
1871.00 552.00
911.00 559.00
1447.00 563.00
1271.00 564.00
1713.00 565.00
2175.00 566.00
805.00 572.00
1075.00 577.00
2040.00 591.00
977.00 595.00
1999.00 598.00
883.00 600.00
1293.00 605.00
1342.00 616.00
489.00 619.00
686.00 622.00
1458.00 627.00
984.00 652.00
1601.00 653.00
1784.00 655.00
783.00 656.00
1085.00 657.00
2054.00 663.00
1300.00 673.00
1422.00 673.00
1661.00 684.00
1204.00 687.00
679.00 690.00
909.00 695.00
1252.00 701.00
407.00 704.00
1609.00 704.00
2190.00 704.00
1459.00 721.00
1653.00 744.00
1252.00 755.00
1207.00 761.00
355.00 762.00
672.00 775.00
1567.00 791.00
505.00 795.00
1302.00 803.00
432.00 805.00
375.00 819.00
855.00 821.00
1483.00 822.00
320.00 832.00
1143.00 836.00
1906.00 840.00
668.00 841.00
593.00 842.00
1975.00 855.00
1313.00 863.00
1824.00 879.00
893.00 892.00
339.00 896.00
787.00 899.00
662.00 909.00
746.00 915.00
432.00 920.00
1658.00 921.00
1951.00 921.00
599.00 928.00
1536.00 928.00
360.00 955.00
900.00 955.00
1481.00 970.00
451.00 972.00
1127.00 972.00
1863.00 996.00
577.00 1024.00
632.00 1032.00
353.00 1034.00
778.00 1048.00
1871.00 1048.00
446.00 1049.00
1406.00 1054.00
1344.00 1082.00
348.00 1087.00
1857.00 1089.00
651.00 1091.00
737.00 1096.00
795.00 1099.00
576.00 1100.00
984.00 1100.00
426.00 1109.00
1693.00 1117.00
345.00 1128.00
1646.00 1133.00
1091.00 1139.00
646.00 1151.00
1269.00 1159.00
734.00 1161.00
859.00 1186.00
384.00 1187.00
1404.00 1189.00
1112.00 1198.00
1262.00 1200.00
1331.00 1200.00
741.00 1229.00
831.00 1242.00
619.00 1253.00
1211.00 1259.00
902.00 1264.00
1468.00 1273.00
1512.00 1274.00
332.00 1281.00
1338.00 1288.00
1232.00 1307.00
607.00 1308.00
685.00 1308.00
1390.00 1309.00
883.00 1317.00
1683.00 1318.00
1029.00 1343.00
759.00 1351.00
345.00 1356.00
410.00 1365.00
805.00 1374.00
621.00 1377.00
737.00 1426.00
1434.00 1517.00
382.00 1523.00
1684.00 1542.00
1751.00 1545.00
1988.00 1562.00
1376.00 1564.00
469.00 1576.00
2200.00 1591.00
1334.00 1608.00
2078.00 1641.00
1159.00 1712.00
1943.00 1728.00
2018.00 1736.00
975.00 1775.00
1173.00 1807.00
