789.00 180.00
770.00 227.00
591.00 237.00
653.00 270.00
950.00 300.00
477.00 304.00
803.00 309.00
534.00 310.00
657.00 320.00
184.00 336.00
787.00 355.00
725.00 361.00
431.00 366.00
926.00 377.00
635.00 384.00
216.00 392.00
476.00 413.00
721.00 414.00
782.00 418.00
385.00 426.00
193.00 443.00
137.00 458.00
466.00 475.00
296.00 480.00
565.00 490.00
215.00 517.00
660.00 519.00
360.00 538.00
926.00 543.00
619.00 554.00
479.00 564.00
856.00 579.00
929.00 593.00
1113.00 606.00
1156.00 609.00
449.00 618.00
370.00 619.00
501.00 622.00
588.00 622.00
928.00 643.00
1315.00 671.00
583.00 677.00
363.00 679.00
15.00 692.00
924.00 699.00
231.00 711.00
1154.00 715.00
1208.00 719.00
664.00 723.00
718.00 728.00
788.00 733.00
844.00 735.00
319.00 738.00
967.00 742.00
923.00 744.00
447.00 748.00
1089.00 751.00
212.00 774.00
807.00 776.00
859.00 804.00
920.00 807.00
206.00 817.00
1153.00 818.00
477.00 843.00
855.00 860.00
918.00 863.00
395.00 870.00
1394.00 877.00
854.00 919.00
916.00 928.00
1313.00 941.00
400.00 943.00
917.00 969.00
206.00 976.00
1321.00 983.00
1088.00 987.00
820.00 998.00
918.00 1013.00
438.00 1016.00
519.00 1029.00
580.00 1045.00
532.00 1080.00
704.00 1087.00
585.00 1089.00
1081.00 1092.00
1239.00 1130.00
764.00 1131.00
951.00 1131.00
450.00 1240.00
251.00 1317.00
1056.00 1335.00
79.00 1359.00
1209.00 1375.00
1095.00 1381.00
613.00 1389.00
246.00 1399.00
51.00 1400.00
1001.00 1435.00
439.00 1471.00
675.00 1552.00
434.00 1575.00
665.00 1664.00
909.00 1702.00
599.00 1709.00
