1154.00 102.00
1195.00 174.00
551.00 186.00
2030.00 257.00
951.00 263.00
1743.00 270.00
1087.00 304.00
349.00 312.00
1591.00 312.00
1282.00 332.00
1479.00 335.00
1639.00 351.00
2260.00 368.00
1536.00 376.00
1726.00 382.00
1303.00 389.00
866.00 398.00
1675.00 400.00
1552.00 424.00
496.00 431.00
1698.00 443.00
1416.00 445.00
1867.00 476.00
1080.00 487.00
470.00 489.00
1027.00 492.00
1519.00 504.00
1799.00 512.00
232.00 530.00
1151.00 536.00
2265.00 543.00
1325.00 554.00
1495.00 568.00
1616.00 568.00
458.00 578.00
311.00 585.00
1015.00 586.00
906.00 592.00
1657.00 596.00
2041.00 612.00
409.00 613.00
1985.00 619.00
1316.00 625.00
282.00 627.00
1719.00 632.00
1652.00 637.00
79.00 647.00
1378.00 659.00
1073.00 663.00
1174.00 663.00
1989.00 672.00
604.00 677.00
668.00 686.00
1498.00 693.00
1254.00 702.00
294.00 706.00
2254.00 712.00
1970.00 723.00
898.00 724.00
459.00 730.00
2258.00 755.00
1279.00 760.00
23.00 771.00
181.00 771.00
895.00 773.00
1161.00 777.00
1357.00 792.00
333.00 809.00
657.00 811.00
1762.00 813.00
2176.00 825.00
72.00 829.00
1312.00 840.00
1003.00 846.00
1224.00 859.00
224.00 863.00
328.00 864.00
954.00 877.00
1980.00 881.00
784.00 883.00
648.00 887.00
2196.00 887.00
1063.00 895.00
407.00 902.00
1001.00 904.00
1647.00 907.00
887.00 914.00
116.00 917.00
1272.00 918.00
830.00 943.00
775.00 945.00
1314.00 948.00
713.00 952.00
1444.00 952.00
588.00 954.00
1640.00 955.00
538.00 957.00
1599.00 960.00
2186.00 961.00
668.00 972.00
311.00 977.00
1123.00 992.00
600.00 995.00
451.00 999.00
384.00 1005.00
1501.00 1037.00
653.00 1040.00
1173.00 1042.00
101.00 1044.00
1020.00 1054.00
879.00 1056.00
960.00 1057.00
723.00 1061.00
1215.00 1063.00
1454.00 1064.00
1294.00 1066.00
52.00 1073.00
270.00 1078.00
199.00 1080.00
583.00 1089.00
524.00 1094.00
338.00 1101.00
763.00 1106.00
480.00 1108.00
265.00 1123.00
1023.00 1128.00
386.00 1130.00
1325.00 1136.00
1399.00 1146.00
876.00 1148.00
497.00 1152.00
1526.00 1169.00
697.00 1175.00
1092.00 1184.00
1275.00 1193.00
1230.00 1195.00
570.00 1205.00
909.00 1205.00
1322.00 1211.00
54.00 1213.00
816.00 1233.00
1382.00 1251.00
1292.00 1252.00
661.00 1255.00
584.00 1279.00
1050.00 1291.00
985.00 1305.00
272.00 1329.00
560.00 1338.00
605.00 1349.00
788.00 1352.00
423.00 1353.00
509.00 1359.00
984.00 1371.00
352.00 1386.00
1111.00 1404.00
231.00 1419.00
1064.00 1458.00
978.00 1493.00
729.00 1517.00
676.00 1530.00
404.00 1591.00
947.00 1672.00
1126.00 1730.00
1491.00 1748.00
