271.00 10.00
1318.00 25.00
1221.00 36.00
1186.00 173.00
1230.00 186.00
1071.00 187.00
1360.00 218.00
1419.00 235.00
1256.00 248.00
1934.00 260.00
1439.00 278.00
1485.00 290.00
1532.00 302.00
1192.00 335.00
1167.00 415.00
1274.00 421.00
1622.00 433.00
1417.00 436.00
1361.00 438.00
1141.00 459.00
1235.00 463.00
750.00 488.00
1594.00 490.00
1445.00 508.00
293.00 509.00
1106.00 517.00
1685.00 528.00
1261.00 533.00
1310.00 544.00
857.00 551.00
1374.00 558.00
804.00 562.00
761.00 571.00
1504.00 580.00
1152.00 583.00
1277.00 585.00
2001.00 587.00
1824.00 588.00
487.00 596.00
1897.00 604.00
1631.00 608.00
734.00 628.00
1110.00 639.00
1778.00 643.00
1200.00 651.00
852.00 657.00
1254.00 670.00
1823.00 700.00
984.00 703.00
513.00 709.00
1758.00 717.00
830.00 725.00
1620.00 736.00
1293.00 737.00
425.00 747.00
1142.00 768.00
797.00 770.00
1752.00 777.00
756.00 783.00
1048.00 799.00
1644.00 808.00
1695.00 816.00
840.00 831.00
1111.00 841.00
1768.00 841.00
1249.00 845.00
1625.00 849.00
1461.00 851.00
1502.00 857.00
614.00 884.00
768.00 884.00
1502.00 902.00
1970.00 919.00
1145.00 924.00
1623.00 957.00
1503.00 964.00
622.00 967.00
1665.00 975.00
1880.00 992.00
473.00 1023.00
552.00 1030.00
630.00 1034.00
679.00 1038.00
1088.00 1038.00
1166.00 1039.00
778.00 1074.00
506.00 1083.00
1143.00 1111.00
1472.00 1136.00
1668.00 1157.00
1293.00 1158.00
756.00 1162.00
1163.00 1177.00
1337.00 1214.00
1648.00 1216.00
1385.00 1232.00
1535.00 1244.00
1294.00 1265.00
1074.00 1267.00
699.00 1289.00
1337.00 1304.00
868.00 1311.00
1032.00 1315.00
1513.00 1317.00
951.00 1332.00
1083.00 1341.00
493.00 1352.00
627.00 1413.00
518.00 1420.00
737.00 1442.00
1502.00 1464.00
674.00 1481.00
647.00 1550.00
729.00 1552.00
793.00 1553.00
838.00 1559.00
543.00 1572.00
712.00 1626.00
631.00 1628.00
829.00 1637.00
787.00 1729.00
1104.00 1744.00
1575.00 1748.00
1528.00 1751.00
948.00 1839.00
1688.00 1840.00
1543.00 1887.00
991.00 1919.00
