191.00 300.00
242.00 321.00
1996.00 334.00
1297.00 344.00
1880.00 366.00
1489.00 376.00
2069.00 392.00
1265.00 402.00
1963.00 412.00
1858.00 413.00
1170.00 416.00
912.00 418.00
1752.00 449.00
1420.00 451.00
573.00 463.00
948.00 464.00
1007.00 468.00
1356.00 471.00
1520.00 523.00
1463.00 538.00
1744.00 538.00
242.00 547.00
1646.00 547.00
1162.00 566.00
1459.00 585.00
336.00 598.00
1084.00 639.00
1172.00 642.00
934.00 680.00
1369.00 693.00
981.00 694.00
384.00 695.00
319.00 727.00
1277.00 728.00
1508.00 737.00
1168.00 747.00
542.00 757.00
990.00 760.00
1127.00 777.00
939.00 778.00
242.00 781.00
1477.00 794.00
538.00 807.00
1012.00 808.00
1529.00 812.00
363.00 816.00
1400.00 826.00
504.00 850.00
872.00 856.00
1478.00 859.00
2015.00 864.00
1958.00 876.00
1893.00 879.00
868.00 917.00
1934.00 924.00
1984.00 932.00
1759.00 945.00
1430.00 956.00
865.00 971.00
1240.00 980.00
522.00 982.00
1064.00 983.00
386.00 992.00
1109.00 996.00
1487.00 1002.00
470.00 1010.00
1889.00 1019.00
1011.00 1021.00
2038.00 1026.00
1994.00 1031.00
1125.00 1042.00
519.00 1055.00
1524.00 1056.00
282.00 1072.00
1401.00 1073.00
1993.00 1082.00
1768.00 1099.00
1552.00 1110.00
1707.00 1119.00
1401.00 1128.00
2094.00 1129.00
512.00 1147.00
1478.00 1159.00
1711.00 1185.00
1642.00 1189.00
1011.00 1190.00
1786.00 1199.00
1576.00 1201.00
1432.00 1220.00
1488.00 1221.00
887.00 1239.00
1744.00 1241.00
500.00 1259.00
783.00 1274.00
1971.00 1338.00
1975.00 1379.00
2021.00 1382.00
2031.00 1423.00
1761.00 1431.00
1815.00 1497.00
1651.00 1499.00
1711.00 1529.00
937.00 1607.00
1146.00 1675.00
