354.00 276.00
280.00 280.00
1185.00 292.00
529.00 315.00
1607.00 316.00
582.00 319.00
1296.00 319.00
1560.00 329.00
1431.00 334.00
1649.00 382.00
986.00 384.00
403.00 390.00
1231.00 396.00
1144.00 401.00
257.00 405.00
832.00 432.00
503.00 435.00
787.00 441.00
408.00 443.00
1488.00 444.00
184.00 447.00
609.00 460.00
248.00 464.00
1776.00 467.00
546.00 471.00
711.00 486.00
1472.00 494.00
1696.00 501.00
188.00 503.00
1955.00 512.00
932.00 514.00
1190.00 519.00
400.00 520.00
584.00 520.00
306.00 525.00
2136.00 542.00
1480.00 552.00
294.00 567.00
232.00 575.00
1864.00 575.00
470.00 578.00
1048.00 605.00
1379.00 605.00
640.00 610.00
285.00 620.00
583.00 630.00
767.00 631.00
831.00 639.00
1174.00 651.00
387.00 655.00
1519.00 655.00
1447.00 659.00
261.00 661.00
719.00 664.00
460.00 691.00
1018.00 704.00
411.00 711.00
214.00 732.00
940.00 732.00
849.00 742.00
364.00 767.00
747.00 776.00
804.00 786.00
548.00 791.00
704.00 791.00
642.00 807.00
1760.00 808.00
199.00 819.00
240.00 828.00
549.00 835.00
497.00 837.00
785.00 837.00
503.00 887.00
343.00 893.00
457.00 897.00
215.00 901.00
1400.00 902.00
1079.00 915.00
575.00 919.00
302.00 927.00
1307.00 932.00
941.00 948.00
362.00 949.00
1150.00 955.00
984.00 968.00
1256.00 973.00
415.00 982.00
1095.00 990.00
1922.00 1008.00
736.00 1085.00
279.00 1111.00
376.00 1113.00
187.00 1135.00
392.00 1157.00
204.00 1200.00
606.00 1266.00
197.00 1277.00
385.00 1284.00
1604.00 1334.00
1204.00 1365.00
1561.00 1459.00
1543.00 1533.00
1251.00 1610.00
