2146.00 153.00
2105.00 166.00
1899.00 186.00
1960.00 199.00
1918.00 227.00
1345.00 292.00
641.00 311.00
570.00 343.00
1345.00 343.00
2412.00 351.00
2371.00 352.00
1545.00 369.00
519.00 375.00
1010.00 379.00
2264.00 395.00
1620.00 399.00
1317.00 408.00
2222.00 414.00
1684.00 426.00
1002.00 436.00
844.00 448.00
1045.00 471.00
981.00 479.00
1949.00 504.00
1884.00 510.00
1608.00 521.00
2579.00 528.00
2154.00 543.00
1984.00 551.00
1129.00 563.00
1281.00 569.00
1463.00 572.00
2225.00 583.00
1395.00 592.00
1042.00 610.00
2095.00 615.00
1584.00 625.00
2145.00 627.00
2282.00 630.00
1994.00 647.00
1945.00 665.00
2287.00 681.00
1842.00 704.00
2163.00 704.00
2293.00 728.00
2198.00 752.00
