2277.00 17.00
2226.00 33.00
2292.00 75.00
2365.00 128.00
2529.00 155.00
2426.00 243.00
1986.00 249.00
1045.00 262.00
2150.00 280.00
858.00 298.00
1045.00 326.00
1185.00 326.00
2281.00 409.00
2494.00 440.00
1095.00 444.00
2425.00 447.00
2353.00 457.00
730.00 466.00
2576.00 471.00
1908.00 484.00
1037.00 497.00
1910.00 550.00
1247.00 577.00
1332.00 623.00
2449.00 659.00
2327.00 671.00
2384.00 679.00
1841.00 732.00
2096.00 743.00
2336.00 746.00
2008.00 759.00
2057.00 800.00
2016.00 806.00
2472.00 816.00
2555.00 830.00
1247.00 882.00
2416.00 888.00
2352.00 892.00
2055.00 913.00
1480.00 940.00
2031.00 954.00
2138.00 958.00
1022.00 962.00
2451.00 979.00
1832.00 985.00
1998.00 1019.00
1671.00 1050.00
1840.00 1054.00
1381.00 1060.00
2192.00 1066.00
1316.00 1088.00
1842.00 1107.00
2515.00 1118.00
2443.00 1122.00
2382.00 1124.00
2136.00 1125.00
1782.00 1159.00
1850.00 1172.00
1263.00 1176.00
2060.00 1200.00
1756.00 1201.00
1016.00 1229.00
1086.00 1237.00
1147.00 1242.00
2328.00 1245.00
2265.00 1286.00
2024.00 1288.00
1763.00 1295.00
2313.00 1315.00
2404.00 1367.00
2472.00 1367.00
2322.00 1393.00
2245.00 1465.00
2373.00 1466.00
1734.00 1471.00
1863.00 1496.00
1812.00 1535.00
2185.00 1550.00
2381.00 1557.00
1367.00 1567.00
2251.00 1586.00
1702.00 1601.00
2433.00 1608.00
2502.00 1611.00
1776.00 1619.00
2047.00 1736.00
