1460.00 378.00
1463.00 473.00
839.00 489.00
1407.00 507.00
1692.00 512.00
1320.00 513.00
1619.00 519.00
1465.00 531.00
1536.00 545.00
453.00 557.00
879.00 557.00
1378.00 563.00
772.00 564.00
819.00 570.00
715.00 573.00
1466.00 575.00
1321.00 582.00
1741.00 606.00
1378.00 616.00
1467.00 617.00
665.00 619.00
1638.00 629.00
673.00 667.00
1673.00 673.00
1002.00 677.00
927.00 695.00
1731.00 708.00
858.00 711.00
731.00 731.00
974.00 735.00
836.00 752.00
900.00 752.00
1363.00 796.00
995.00 799.00
1320.00 799.00
921.00 813.00
975.00 851.00
861.00 855.00
799.00 885.00
590.00 904.00
890.00 936.00
587.00 945.00
1222.00 978.00
872.00 986.00
328.00 994.00
927.00 996.00
1320.00 1000.00
988.00 1022.00
1093.00 1029.00
1321.00 1046.00
492.00 1125.00
1015.00 1231.00
960.00 1276.00
218.00 1830.00
