2084.00 31.00
2456.00 43.00
2080.00 83.00
1031.00 118.00
1940.00 232.00
1057.00 262.00
1000.00 264.00
1752.00 266.00
300.00 347.00
342.00 351.00
2321.00 368.00
644.00 373.00
1482.00 427.00
988.00 459.00
2126.00 461.00
1984.00 464.00
2081.00 467.00
288.00 476.00
1927.00 498.00
1733.00 536.00
1774.00 538.00
1408.00 552.00
1456.00 562.00
1600.00 585.00
1632.00 626.00
2050.00 642.00
1483.00 648.00
1392.00 665.00
796.00 668.00
1484.00 692.00
1581.00 693.00
1937.00 726.00
1765.00 744.00
1653.00 756.00
1277.00 762.00
2073.00 764.00
1545.00 765.00
1843.00 799.00
1915.00 822.00
2000.00 837.00
1707.00 957.00
