1471.00 424.00
935.00 434.00
1522.00 440.00
1884.00 440.00
977.00 444.00
1649.00 457.00
2130.00 479.00
1455.00 487.00
1652.00 504.00
1314.00 508.00
1078.00 522.00
1411.00 533.00
1356.00 554.00
1059.00 567.00
1619.00 571.00
872.00 587.00
1016.00 587.00
822.00 589.00
1557.00 589.00
1107.00 606.00
1057.00 609.00
1223.00 616.00
1313.00 636.00
1567.00 643.00
1071.00 672.00
1313.00 686.00
1070.00 714.00
1982.00 720.00
2103.00 728.00
2025.00 761.00
1255.00 764.00
697.00 772.00
1151.00 779.00
1210.00 782.00
1050.00 810.00
1377.00 823.00
854.00 825.00
684.00 835.00
1943.00 838.00
1629.00 839.00
1454.00 849.00
811.00 850.00
2114.00 859.00
1752.00 862.00
1693.00 864.00
1869.00 869.00
855.00 876.00
715.00 878.00
622.00 882.00
1936.00 895.00
935.00 896.00
771.00 902.00
1156.00 915.00
1595.00 916.00
976.00 917.00
1480.00 917.00
713.00 920.00
2056.00 926.00
1550.00 933.00
1428.00 943.00
2198.00 955.00
727.00 977.00
1990.00 985.00
580.00 988.00
621.00 1000.00
1212.00 1003.00
1344.00 1003.00
2034.00 1003.00
1451.00 1004.00
930.00 1006.00
848.00 1010.00
768.00 1014.00
1619.00 1023.00
1278.00 1025.00
1404.00 1025.00
715.00 1040.00
1212.00 1046.00
843.00 1071.00
672.00 1072.00
2016.00 1099.00
1554.00 1101.00
1681.00 1127.00
584.00 1139.00
2214.00 1164.00
768.00 1168.00
866.00 1182.00
661.00 1191.00
532.00 1192.00
715.00 1194.00
816.00 1199.00
2218.00 1213.00
1975.00 1215.00
1354.00 1218.00
1269.00 1226.00
1120.00 1245.00
977.00 1256.00
1053.00 1256.00
814.00 1340.00
544.00 1345.00
620.00 1357.00
1978.00 1377.00
749.00 1407.00
823.00 1430.00
873.00 1467.00
1033.00 1503.00
877.00 1508.00
1313.00 1571.00
1514.00 1630.00
