371.00 263.00
104.00 266.00
141.00 342.00
567.00 400.00
302.00 408.00
1449.00 426.00
1033.00 441.00
108.00 455.00
879.00 456.00
920.00 481.00
1067.00 496.00
236.00 504.00
578.00 506.00
664.00 517.00
493.00 540.00
246.00 554.00
953.00 555.00
537.00 558.00
867.00 576.00
792.00 583.00
201.00 596.00
425.00 603.00
530.00 625.00
249.00 662.00
965.00 663.00
744.00 671.00
1122.00 693.00
598.00 696.00
1061.00 717.00
521.00 718.00
287.00 731.00
471.00 731.00
410.00 746.00
180.00 752.00
743.00 752.00
1121.00 757.00
817.00 780.00
671.00 799.00
880.00 804.00
1185.00 824.00
1070.00 832.00
1118.00 853.00
963.00 856.00
1356.00 870.00
902.00 881.00
704.00 887.00
1056.00 889.00
1118.00 912.00
581.00 913.00
393.00 944.00
730.00 951.00
522.00 967.00
799.00 968.00
846.00 979.00
897.00 991.00
895.00 1039.00
1414.00 1082.00
386.00 1089.00
637.00 1092.00
200.00 1098.00
439.00 1109.00
1442.00 1129.00
893.00 1135.00
565.00 1142.00
487.00 1145.00
624.00 1148.00
1398.00 1149.00
376.00 1150.00
768.00 1164.00
159.00 1176.00
891.00 1176.00
584.00 1192.00
431.00 1195.00
543.00 1197.00
890.00 1230.00
967.00 1234.00
719.00 1248.00
1025.00 1260.00
495.00 1262.00
813.00 1270.00
874.00 1276.00
1288.00 1277.00
476.00 1311.00
740.00 1320.00
623.00 1354.00
889.00 1368.00
809.00 1371.00
512.00 1377.00
562.00 1379.00
1148.00 1379.00
1222.00 1418.00
845.00 1431.00
1221.00 1459.00
465.00 1546.00
438.00 1588.00
509.00 1613.00
1067.00 1617.00
752.00 1630.00
983.00 1650.00
1286.00 1665.00
1335.00 1679.00
1402.00 1686.00
1037.00 1710.00
1108.00 1734.00
