612.00 35.00
831.00 168.00
1585.00 285.00
1364.00 376.00
1361.00 420.00
973.00 453.00
1380.00 479.00
932.00 482.00
869.00 532.00
928.00 536.00
1011.00 601.00
1164.00 605.00
1345.00 633.00
1080.00 634.00
1010.00 650.00
1124.00 662.00
963.00 672.00
1193.00 676.00
465.00 707.00
510.00 710.00
1346.00 715.00
679.00 795.00
588.00 798.00
22.00 813.00
515.00 825.00
434.00 851.00
515.00 897.00
348.00 924.00
214.00 926.00
297.00 932.00
112.00 963.00
342.00 965.00
279.00 996.00
125.00 1009.00
198.00 1018.00
393.00 1027.00
68.00 1051.00
145.00 1061.00
524.00 1067.00
202.00 1102.00
72.00 1134.00
115.00 1135.00
230.00 1158.00
294.00 1174.00
199.00 1205.00
432.00 1242.00
599.00 1385.00
698.00 1415.00
1439.00 1416.00
878.00 1429.00
290.00 1439.00
931.00 1447.00
597.00 1455.00
1074.00 1462.00
1604.00 1535.00
