479.00 47.00
832.00 128.00
1288.00 203.00
1873.00 315.00
1922.00 315.00
544.00 337.00
589.00 339.00
388.00 391.00
1007.00 487.00
1736.00 501.00
1543.00 504.00
172.00 516.00
1498.00 529.00
308.00 530.00
363.00 535.00
440.00 542.00
481.00 548.00
1711.00 550.00
1328.00 627.00
271.00 640.00
1502.00 649.00
187.00 686.00
1503.00 693.00
1615.00 701.00
262.00 715.00
201.00 727.00
1511.00 735.00
360.00 742.00
1726.00 749.00
687.00 794.00
351.00 805.00
240.00 819.00
1322.00 856.00
272.00 860.00
1504.00 871.00
239.00 937.00
40.00 943.00
1294.00 957.00
659.00 961.00
1513.00 987.00
1095.00 1027.00
127.00 1142.00
1198.00 1167.00
1151.00 1303.00
284.00 1311.00
552.00 1323.00
1377.00 1463.00
277.00 1541.00
1582.00 1569.00
51.00 1629.00
2242.00 1810.00
