1996.00 41.00
1127.00 53.00
1796.00 55.00
1910.00 62.00
1758.00 102.00
2254.00 106.00
1970.00 133.00
1587.00 136.00
2072.00 142.00
1738.00 167.00
2263.00 188.00
24.00 205.00
2015.00 207.00
1118.00 226.00
1984.00 255.00
2272.00 256.00
906.00 257.00
1823.00 272.00
1096.00 279.00
1476.00 285.00
2048.00 288.00
1896.00 289.00
2278.00 301.00
1991.00 311.00
1088.00 323.00
1385.00 325.00
1843.00 327.00
2216.00 327.00
1323.00 329.00
1563.00 341.00
1895.00 351.00
536.00 361.00
495.00 370.00
1332.00 371.00
2289.00 372.00
2032.00 373.00
2121.00 410.00
1692.00 418.00
2297.00 419.00
2016.00 431.00
2210.00 432.00
1845.00 455.00
2304.00 465.00
748.00 466.00
460.00 479.00
1628.00 496.00
1961.00 509.00
2096.00 511.00
2013.00 540.00
1220.00 555.00
2018.00 596.00
1242.00 610.00
1748.00 621.00
1908.00 630.00
2147.00 639.00
1984.00 644.00
2234.00 657.00
1865.00 676.00
403.00 700.00
2152.00 707.00
1816.00 708.00
2215.00 717.00
2263.00 724.00
1993.00 730.00
1998.00 799.00
2275.00 817.00
1869.00 823.00
1529.00 824.00
2215.00 837.00
2001.00 849.00
1749.00 860.00
1848.00 894.00
542.00 895.00
1975.00 898.00
2168.00 910.00
1699.00 913.00
2083.00 922.00
961.00 947.00
418.00 952.00
2012.00 952.00
527.00 957.00
901.00 964.00
1815.00 967.00
2068.00 990.00
2112.00 999.00
1918.00 1003.00
2000.00 1012.00
2161.00 1013.00
1838.00 1016.00
1720.00 1019.00
2216.00 1027.00
1906.00 1049.00
978.00 1062.00
2145.00 1070.00
1956.00 1078.00
1797.00 1090.00
1153.00 1094.00
1889.00 1095.00
2191.00 1101.00
2147.00 1120.00
1971.00 1124.00
2018.00 1127.00
1743.00 1128.00
1901.00 1148.00
2210.00 1166.00
2067.00 1167.00
1970.00 1174.00
1643.00 1191.00
1918.00 1212.00
2275.00 1212.00
2083.00 1216.00
1961.00 1223.00
1877.00 1232.00
2015.00 1236.00
1758.00 1243.00
1715.00 1247.00
2107.00 1262.00
1784.00 1295.00
1906.00 1306.00
1959.00 1310.00
1851.00 1311.00
1687.00 1313.00
1735.00 1316.00
2010.00 1316.00
2223.00 1346.00
1932.00 1352.00
1685.00 1358.00
1887.00 1363.00
1984.00 1366.00
2031.00 1367.00
1842.00 1380.00
2362.00 1406.00
1975.00 1416.00
1879.00 1448.00
1791.00 1449.00
2207.00 1450.00
2312.00 1473.00
2268.00 1475.00
2218.00 1494.00
2109.00 1498.00
1969.00 1502.00
1844.00 1506.00
1015.00 1513.00
839.00 1544.00
1904.00 1544.00
1971.00 1558.00
1846.00 1574.00
1906.00 1588.00
847.00 1593.00
1972.00 1604.00
2039.00 1620.00
2227.00 1664.00
2085.00 1666.00
2129.00 1736.00
1872.00 1766.00
