1277.00 199.00
1438.00 201.00
1368.00 210.00
1319.00 235.00
1954.00 307.00
1496.00 363.00
1639.00 369.00
2518.00 383.00
1119.00 484.00
1555.00 490.00
2131.00 507.00
1624.00 527.00
1457.00 563.00
1532.00 566.00
1976.00 567.00
1037.00 574.00
1351.00 594.00
1394.00 596.00
1880.00 608.00
1067.00 615.00
1061.00 675.00
1675.00 691.00
2159.00 691.00
1104.00 693.00
2114.00 744.00
1375.00 765.00
1707.00 841.00
1143.00 860.00
2054.00 866.00
1002.00 869.00
1052.00 869.00
1295.00 869.00
1362.00 871.00
1894.00 877.00
1842.00 879.00
1845.00 923.00
2029.00 926.00
1986.00 927.00
2077.00 949.00
986.00 961.00
1348.00 964.00
1928.00 988.00
1989.00 988.00
1138.00 1004.00
1258.00 1005.00
2265.00 1011.00
1217.00 1020.00
1047.00 1028.00
1088.00 1030.00
1301.00 1031.00
1363.00 1042.00
2184.00 1044.00
1948.00 1046.00
1503.00 1060.00
1023.00 1070.00
1906.00 1070.00
1258.00 1075.00
1093.00 1076.00
1575.00 1076.00
1705.00 1087.00
1432.00 1098.00
2242.00 1100.00
1545.00 1128.00
2043.00 1164.00
1130.00 1165.00
1127.00 1209.00
1340.00 1255.00
1381.00 1300.00
1292.00 1308.00
2308.00 1323.00
1499.00 1342.00
1458.00 1364.00
2228.00 1395.00
1723.00 1407.00
1381.00 1427.00
1540.00 1441.00
1725.00 1469.00
1591.00 1560.00
2029.00 1565.00
1867.00 1673.00
1958.00 1807.00
