1598.00 80.00
1958.00 80.00
1671.00 97.00
765.00 111.00
1129.00 121.00
1768.00 135.00
1655.00 169.00
1862.00 169.00
1962.00 184.00
367.00 190.00
1390.00 199.00
2416.00 199.00
2215.00 215.00
1809.00 221.00
1200.00 226.00
1889.00 233.00
840.00 263.00
1993.00 279.00
1813.00 286.00
1696.00 293.00
744.00 301.00
1271.00 312.00
1753.00 320.00
296.00 321.00
1023.00 323.00
1378.00 334.00
1810.00 347.00
1968.00 347.00
447.00 350.00
1904.00 398.00
1071.00 407.00
1792.00 411.00
1293.00 423.00
1844.00 458.00
656.00 467.00
863.00 477.00
1674.00 486.00
1957.00 491.00
1721.00 501.00
733.00 502.00
973.00 506.00
2511.00 527.00
810.00 545.00
1883.00 548.00
123.00 562.00
724.00 566.00
1537.00 569.00
1966.00 573.00
1380.00 592.00
1616.00 593.00
1167.00 594.00
248.00 595.00
1011.00 597.00
202.00 599.00
309.00 618.00
369.00 636.00
241.00 640.00
859.00 640.00
1699.00 645.00
182.00 646.00
427.00 653.00
508.00 678.00
1072.00 681.00
580.00 684.00
1680.00 686.00
187.00 687.00
992.00 688.00
1894.00 698.00
851.00 700.00
653.00 722.00
1663.00 734.00
1903.00 739.00
1279.00 741.00
1811.00 742.00
311.00 744.00
865.00 745.00
437.00 753.00
1504.00 768.00
509.00 770.00
723.00 770.00
996.00 778.00
1200.00 788.00
1840.00 791.00
1757.00 798.00
597.00 799.00
465.00 813.00
734.00 815.00
234.00 834.00
92.00 841.00
688.00 863.00
2170.00 877.00
1401.00 878.00
783.00 882.00
534.00 898.00
2264.00 900.00
436.00 906.00
383.00 913.00
342.00 941.00
1469.00 944.00
727.00 948.00
271.00 955.00
184.00 956.00
642.00 959.00
557.00 962.00
139.00 965.00
98.00 966.00
1121.00 974.00
1873.00 975.00
907.00 976.00
972.00 997.00
250.00 1004.00
344.00 1017.00
1566.00 1028.00
1928.00 1031.00
1856.00 1043.00
583.00 1055.00
806.00 1056.00
479.00 1069.00
1175.00 1082.00
1862.00 1086.00
2312.00 1104.00
265.00 1111.00
410.00 1115.00
1751.00 1149.00
1822.00 1163.00
693.00 1175.00
1615.00 1192.00
1935.00 1200.00
1186.00 1215.00
719.00 1228.00
567.00 1234.00
449.00 1236.00
504.00 1237.00
391.00 1238.00
813.00 1257.00
1656.00 1258.00
952.00 1280.00
1115.00 1281.00
621.00 1310.00
1315.00 1320.00
1018.00 1327.00
751.00 1343.00
1856.00 1344.00
617.00 1369.00
1182.00 1370.00
2231.00 1371.00
1919.00 1373.00
1734.00 1376.00
2090.00 1376.00
333.00 1379.00
1502.00 1386.00
1399.00 1389.00
960.00 1391.00
2432.00 1405.00
1248.00 1417.00
283.00 1418.00
1055.00 1441.00
2150.00 1441.00
1014.00 1463.00
1607.00 1464.00
192.00 1472.00
760.00 1507.00
1073.00 1514.00
2167.00 1525.00
1198.00 1531.00
277.00 1541.00
1583.00 1560.00
1328.00 1576.00
2169.00 1584.00
1377.00 1598.00
1251.00 1599.00
1886.00 1600.00
1504.00 1603.00
262.00 1605.00
305.00 1608.00
203.00 1680.00
2371.00 1680.00
1254.00 1681.00
1413.00 1684.00
376.00 1712.00
1639.00 1712.00
1281.00 1751.00
744.00 1770.00
1659.00 1781.00
1046.00 1785.00
1164.00 1802.00
1270.00 1821.00
