657.00 311.00
428.00 349.00
469.00 353.00
540.00 370.00
1063.00 372.00
900.00 376.00
589.00 395.00
1371.00 395.00
1527.00 402.00
664.00 404.00
461.00 409.00
1230.00 432.00
2202.00 436.00
506.00 449.00
656.00 453.00
464.00 456.00
713.00 461.00
1630.00 470.00
892.00 477.00
1201.00 487.00
2334.00 489.00
1255.00 500.00
1105.00 511.00
424.00 517.00
577.00 520.00
974.00 538.00
670.00 545.00
1259.00 552.00
392.00 559.00
1627.00 560.00
2375.00 560.00
1187.00 565.00
1087.00 574.00
1896.00 575.00
1825.00 589.00
1780.00 599.00
1255.00 601.00
700.00 610.00
1391.00 612.00
1101.00 616.00
421.00 622.00
741.00 628.00
1677.00 632.00
633.00 656.00
1325.00 657.00
912.00 664.00
847.00 674.00
481.00 680.00
592.00 680.00
1372.00 686.00
439.00 689.00
1831.00 694.00
803.00 697.00
1488.00 698.00
1312.00 725.00
1874.00 730.00
618.00 733.00
873.00 737.00
996.00 741.00
462.00 755.00
1793.00 760.00
995.00 788.00
1232.00 801.00
682.00 816.00
863.00 834.00
511.00 839.00
1231.00 846.00
704.00 870.00
930.00 870.00
599.00 873.00
548.00 882.00
673.00 914.00
1020.00 918.00
551.00 952.00
773.00 961.00
946.00 965.00
989.00 976.00
623.00 1000.00
943.00 1026.00
880.00 1040.00
721.00 1044.00
671.00 1070.00
941.00 1070.00
567.00 1112.00
659.00 1113.00
487.00 1145.00
574.00 1181.00
759.00 1222.00
445.00 1227.00
891.00 1245.00
942.00 1254.00
643.00 1419.00
925.00 1437.00
436.00 1468.00
