1195.00 513.00
1122.00 519.00
1167.00 555.00
608.00 605.00
29.00 687.00
224.00 735.00
289.00 748.00
549.00 754.00
523.00 795.00
56.00 827.00
109.00 838.00
520.00 892.00
27.00 905.00
234.00 932.00
284.00 937.00
381.00 952.00
499.00 973.00
998.00 985.00
457.00 988.00
388.00 995.00
498.00 1017.00
902.00 1022.00
538.00 1058.00
244.00 1186.00
1064.00 1189.00
187.00 1275.00
129.00 1284.00
796.00 1287.00
18.00 1315.00
752.00 1318.00
1084.00 1353.00
659.00 1374.00
807.00 1378.00
389.00 1380.00
714.00 1380.00
18.00 1392.00
98.00 1415.00
807.00 1425.00
921.00 1439.00
53.00 1446.00
727.00 1466.00
639.00 1532.00
907.00 1539.00
1111.00 1560.00
1040.00 1563.00
10.00 1569.00
106.00 1569.00
820.00 1579.00
877.00 1589.00
1010.00 1621.00
560.00 1681.00
690.00 1705.00
740.00 1716.00
641.00 1719.00
896.00 1765.00
615.00 1768.00
787.00 1775.00
1066.00 1781.00
837.00 1782.00
1020.00 1791.00
521.00 1801.00
1108.00 1826.00
705.00 1836.00
563.00 1852.00
649.00 1873.00
909.00 1885.00
707.00 1903.00
748.00 1951.00
975.00 1954.00
1091.00 1971.00
643.00 1975.00
1160.00 1985.00
863.00 2031.00
660.00 2046.00
440.00 2075.00
998.00 2093.00
467.00 2133.00
508.00 2148.00
807.00 2197.00
491.00 2209.00
427.00 2214.00
1162.00 2242.00
758.00 2338.00
806.00 2362.00
463.00 2394.00
515.00 2404.00
772.00 2460.00
398.00 2465.00
715.00 2469.00
