832.00 323.00
887.00 369.00
1484.00 384.00
1439.00 396.00
217.00 499.00
150.00 514.00
233.00 551.00
374.00 592.00
565.00 647.00
482.00 667.00
1143.00 671.00
379.00 691.00
1312.00 731.00
1270.00 738.00
557.00 775.00
1140.00 796.00
1424.00 843.00
952.00 859.00
1140.00 873.00
553.00 879.00
1459.00 911.00
999.00 919.00
1799.00 923.00
552.00 931.00
14.00 969.00
1433.00 983.00
446.00 994.00
549.00 1000.00
628.00 1009.00
1601.00 1016.00
1718.00 1033.00
72.00 1061.00
911.00 1075.00
429.00 1077.00
1713.00 1077.00
860.00 1082.00
1141.00 1086.00
1022.00 1116.00
602.00 1118.00
547.00 1125.00
776.00 1125.00
413.00 1141.00
1712.00 1145.00
666.00 1150.00
714.00 1152.00
211.00 1160.00
546.00 1169.00
90.00 1177.00
1145.00 1178.00
1722.00 1191.00
599.00 1197.00
714.00 1202.00
28.00 1247.00
88.00 1262.00
1871.00 1268.00
1005.00 1309.00
1571.00 1334.00
1884.00 1334.00
134.00 1340.00
1667.00 1355.00
1015.00 1359.00
1247.00 1366.00
1146.00 1385.00
1057.00 1395.00
1762.00 1400.00
282.00 1476.00
1611.00 1517.00
307.00 1519.00
491.00 1524.00
1656.00 1549.00
1000.00 1556.00
878.00 1740.00
1544.00 1741.00
812.00 1763.00
1370.00 1802.00
773.00 1907.00
1508.00 1974.00
574.00 1993.00
1615.00 1996.00
1503.00 2021.00
1319.00 2070.00
981.00 2168.00
1139.00 2336.00
1056.00 2343.00
