1979.00 267.00
936.00 289.00
985.00 365.00
1037.00 397.00
961.00 420.00
1080.00 454.00
940.00 466.00
1717.00 477.00
1037.00 526.00
1080.00 532.00
1163.00 554.00
1724.00 575.00
971.00 576.00
1072.00 577.00
516.00 591.00
2092.00 614.00
832.00 626.00
1136.00 632.00
950.00 645.00
1730.00 663.00
2021.00 668.00
847.00 669.00
1978.00 671.00
1157.00 687.00
1024.00 701.00
1116.00 707.00
983.00 747.00
1658.00 747.00
1735.00 758.00
1073.00 786.00
941.00 791.00
15.00 821.00
941.00 837.00
1011.00 850.00
104.00 864.00
1074.00 887.00
524.00 888.00
1025.00 896.00
941.00 901.00
757.00 944.00
985.00 948.00
1083.00 957.00
171.00 958.00
987.00 992.00
1041.00 992.00
825.00 1005.00
887.00 1008.00
1083.00 1013.00
2082.00 1025.00
363.00 1028.00
986.00 1039.00
915.00 1060.00
700.00 1061.00
1027.00 1092.00
1084.00 1092.00
958.00 1127.00
1027.00 1142.00
293.00 1150.00
1974.00 1151.00
838.00 1174.00
1085.00 1179.00
703.00 1194.00
1763.00 1195.00
1042.00 1199.00
961.00 1205.00
756.00 1210.00
913.00 1211.00
1224.00 1226.00
838.00 1233.00
1317.00 1233.00
1086.00 1235.00
1443.00 1240.00
1044.00 1252.00
1673.00 1254.00
293.00 1258.00
757.00 1259.00
974.00 1259.00
249.00 1295.00
292.00 1302.00
941.00 1302.00
986.00 1314.00
1059.00 1315.00
821.00 1319.00
2108.00 1324.00
1998.00 1343.00
756.00 1371.00
868.00 1374.00
1084.00 1406.00
2097.00 1411.00
1144.00 1435.00
470.00 1447.00
1082.00 1488.00
2087.00 1517.00
1951.00 1544.00
1083.00 1547.00
1805.00 1572.00
1817.00 1615.00
2099.00 1640.00
745.00 1661.00
1085.00 1695.00
2104.00 1706.00
1962.00 1707.00
1243.00 1729.00
1105.00 1805.00
1186.00 1806.00
1293.00 1808.00
1360.00 1808.00
1552.00 1810.00
681.00 1833.00
1873.00 1883.00
1088.00 1917.00
741.00 1952.00
1467.00 1959.00
1851.00 1976.00
756.00 2020.00
1486.00 2022.00
1089.00 2053.00
1367.00 2086.00
1891.00 2094.00
1089.00 2104.00
1089.00 2145.00
548.00 2207.00
1090.00 2224.00
323.00 2232.00
1090.00 2280.00
1091.00 2352.00
608.00 2355.00
736.00 2356.00
1502.00 2386.00
630.00 2399.00
439.00 2408.00
348.00 2409.00
1503.00 2437.00
707.00 2440.00
778.00 2445.00
649.00 2455.00
517.00 2463.00
1070.00 2465.00
1303.00 2480.00
1190.00 2488.00
875.00 2502.00
801.00 2513.00
668.00 2526.00
522.00 2534.00
918.00 2544.00
1218.00 2579.00
822.00 2609.00
696.00 2613.00
867.00 2621.00
1312.00 2624.00
526.00 2630.00
1637.00 2633.00
