1933.00 8.00
1696.00 74.00
1925.00 93.00
1943.00 164.00
1723.00 223.00
1000.00 320.00
786.00 322.00
841.00 323.00
764.00 367.00
839.00 434.00
772.00 436.00
823.00 492.00
2095.00 580.00
1404.00 759.00
1002.00 821.00
1081.00 830.00
765.00 871.00
1471.00 911.00
2136.00 917.00
2019.00 984.00
1545.00 989.00
1212.00 1030.00
1272.00 1036.00
826.00 1046.00
1018.00 1058.00
881.00 1060.00
1575.00 1071.00
2110.00 1073.00
2151.00 1083.00
830.00 1101.00
879.00 1116.00
1620.00 1127.00
1097.00 1136.00
812.00 1155.00
1339.00 1177.00
1402.00 1178.00
1160.00 1181.00
904.00 1183.00
863.00 1185.00
2116.00 1197.00
1018.00 1210.00
811.00 1215.00
1999.00 1229.00
2101.00 1241.00
1677.00 1257.00
1247.00 1264.00
1057.00 1266.00
1438.00 1273.00
1492.00 1273.00
1201.00 1275.00
759.00 1283.00
1738.00 1284.00
1291.00 1289.00
1056.00 1308.00
1099.00 1318.00
1001.00 1325.00
1207.00 1330.00
1629.00 1336.00
1911.00 1340.00
1404.00 1347.00
941.00 1349.00
900.00 1352.00
859.00 1356.00
1841.00 1356.00
1577.00 1363.00
1153.00 1364.00
1017.00 1367.00
2102.00 1370.00
1671.00 1383.00
1932.00 1386.00
1387.00 1390.00
1075.00 1398.00
1476.00 1398.00
837.00 1406.00
1576.00 1412.00
1521.00 1427.00
2114.00 1449.00
856.00 1457.00
1069.00 1462.00
1319.00 1469.00
1806.00 1476.00
1673.00 1485.00
789.00 1488.00
1442.00 1492.00
1388.00 1493.00
1152.00 1495.00
1220.00 1502.00
924.00 1503.00
1273.00 1506.00
1860.00 1506.00
1337.00 1523.00
1790.00 1535.00
1593.00 1544.00
2040.00 1551.00
1901.00 1556.00
935.00 1557.00
806.00 1563.00
1859.00 1565.00
1337.00 1572.00
1902.00 1600.00
1949.00 1601.00
1285.00 1602.00
1219.00 1603.00
831.00 1608.00
1023.00 1608.00
2001.00 1612.00
1161.00 1617.00
1068.00 1618.00
1328.00 1620.00
843.00 1660.00
1229.00 1660.00
1065.00 1671.00
1125.00 1674.00
1356.00 1676.00
1274.00 1678.00
795.00 1681.00
1062.00 1730.00
981.00 1755.00
915.00 1772.00
803.00 1797.00
1005.00 1804.00
944.00 1819.00
1974.00 1838.00
1148.00 1884.00
2047.00 1890.00
874.00 1924.00
1980.00 1937.00
1876.00 1974.00
1182.00 1978.00
1259.00 2049.00
1320.00 2052.00
2075.00 2154.00
1990.00 2165.00
1138.00 2206.00
2143.00 2248.00
1297.00 2279.00
814.00 2305.00
1137.00 2374.00
2062.00 2396.00
2136.00 2404.00
1931.00 2437.00
2150.00 2460.00
1924.00 2507.00
2007.00 2535.00
957.00 2560.00
1002.00 2563.00
1825.00 2585.00
2033.00 2614.00
1220.00 2617.00
1179.00 2630.00
1143.00 2682.00
1702.00 2684.00
1180.00 2728.00
1091.00 2733.00
