917.00 79.00
412.00 101.00
363.00 206.00
324.00 292.00
581.00 304.00
319.00 394.00
714.00 605.00
383.00 650.00
13.00 763.00
504.00 765.00
569.00 774.00
1028.00 808.00
818.00 831.00
40.00 838.00
591.00 845.00
522.00 848.00
1308.00 855.00
1386.00 861.00
634.00 871.00
39.00 891.00
578.00 917.00
858.00 918.00
622.00 922.00
917.00 961.00
675.00 967.00
1267.00 983.00
32.00 985.00
964.00 997.00
1057.00 1007.00
662.00 1043.00
175.00 1086.00
865.00 1096.00
964.00 1099.00
918.00 1101.00
782.00 1105.00
1513.00 1121.00
173.00 1127.00
430.00 1137.00
488.00 1138.00
823.00 1138.00
1012.00 1147.00
921.00 1155.00
777.00 1158.00
619.00 1177.00
705.00 1186.00
1124.00 1217.00
1168.00 1223.00
687.00 1228.00
1063.00 1236.00
970.00 1237.00
1015.00 1252.00
1403.00 1273.00
478.00 1280.00
922.00 1282.00
408.00 1284.00
605.00 1284.00
520.00 1293.00
731.00 1302.00
1616.00 1315.00
332.00 1317.00
1031.00 1337.00
1184.00 1342.00
1448.00 1363.00
495.00 1364.00
345.00 1370.00
793.00 1377.00
923.00 1387.00
1196.00 1411.00
450.00 1421.00
759.00 1423.00
883.00 1434.00
1044.00 1459.00
1430.00 1484.00
749.00 1488.00
926.00 1490.00
1495.00 1497.00
1224.00 1499.00
1075.00 1512.00
1369.00 1520.00
1424.00 1527.00
597.00 1532.00
1066.00 1556.00
1170.00 1561.00
291.00 1581.00
1272.00 1583.00
455.00 1606.00
1184.00 1625.00
1335.00 1627.00
920.00 1638.00
975.00 1672.00
1174.00 1683.00
440.00 1719.00
1166.00 1729.00
1323.00 1732.00
856.00 1737.00
756.00 1881.00
1098.00 1883.00
1196.00 1894.00
1279.00 1897.00
1051.00 1901.00
597.00 1983.00
644.00 2003.00
688.00 2005.00
732.00 2014.00
1169.00 2019.00
1044.00 2056.00
725.00 2058.00
931.00 2091.00
972.00 2091.00
508.00 2150.00
981.00 2153.00
433.00 2181.00
1257.00 2222.00
1117.00 2225.00
1187.00 2238.00
1087.00 2281.00
863.00 2290.00
811.00 2294.00
748.00 2304.00
802.00 2358.00
499.00 2385.00
674.00 2423.00
591.00 2507.00
693.00 2535.00
330.00 2574.00
710.00 2622.00
