1140.00 248.00
1349.00 248.00
1513.00 318.00
1258.00 343.00
755.00 361.00
957.00 368.00
1063.00 373.00
793.00 407.00
957.00 417.00
1141.00 427.00
1353.00 427.00
956.00 470.00
1292.00 481.00
1090.00 482.00
1870.00 503.00
840.00 527.00
1818.00 540.00
1355.00 544.00
731.00 547.00
1959.00 562.00
863.00 576.00
1445.00 583.00
955.00 596.00
667.00 607.00
1543.00 609.00
712.00 610.00
897.00 620.00
711.00 652.00
955.00 652.00
794.00 660.00
858.00 663.00
621.00 671.00
911.00 676.00
455.00 683.00
1051.00 685.00
1215.00 701.00
820.00 704.00
708.00 708.00
955.00 708.00
1811.00 710.00
776.00 712.00
1699.00 726.00
625.00 734.00
1550.00 737.00
707.00 751.00
1361.00 751.00
574.00 756.00
1802.00 760.00
1632.00 763.00
955.00 766.00
883.00 776.00
999.00 781.00
706.00 793.00
1512.00 802.00
497.00 806.00
954.00 815.00
792.00 817.00
451.00 819.00
748.00 819.00
1362.00 820.00
868.00 825.00
1572.00 827.00
662.00 828.00
704.00 835.00
1668.00 837.00
999.00 842.00
2088.00 853.00
929.00 865.00
1570.00 871.00
487.00 872.00
1799.00 874.00
1053.00 876.00
703.00 878.00
793.00 882.00
997.00 887.00
2044.00 893.00
1364.00 898.00
1676.00 902.00
1183.00 914.00
1073.00 921.00
702.00 922.00
1012.00 933.00
2042.00 945.00
1678.00 949.00
644.00 953.00
956.00 960.00
1732.00 962.00
1613.00 966.00
907.00 968.00
1543.00 970.00
1773.00 990.00
2040.00 990.00
1000.00 994.00
614.00 997.00
769.00 1000.00
356.00 1009.00
1311.00 1035.00
1848.00 1038.00
306.00 1039.00
874.00 1039.00
597.00 1040.00
1759.00 1045.00
931.00 1052.00
1680.00 1052.00
2036.00 1052.00
825.00 1064.00
1145.00 1065.00
872.00 1083.00
558.00 1091.00
1680.00 1093.00
744.00 1097.00
1044.00 1106.00
493.00 1108.00
2031.00 1108.00
1828.00 1119.00
947.00 1121.00
1462.00 1121.00
906.00 1124.00
701.00 1130.00
997.00 1134.00
831.00 1135.00
261.00 1145.00
1607.00 1150.00
1240.00 1152.00
1686.00 1163.00
574.00 1167.00
643.00 1174.00
772.00 1174.00
731.00 1180.00
996.00 1193.00
205.00 1194.00
954.00 1194.00
1838.00 1211.00
2147.00 1220.00
1091.00 1235.00
1147.00 1236.00
2005.00 1244.00
433.00 1247.00
1370.00 1250.00
1583.00 1261.00
2140.00 1277.00
147.00 1285.00
2002.00 1288.00
199.00 1295.00
726.00 1296.00
429.00 1297.00
999.00 1297.00
2087.00 1299.00
536.00 1301.00
1040.00 1307.00
1834.00 1310.00
1902.00 1310.00
1722.00 1312.00
662.00 1318.00
1774.00 1321.00
337.00 1322.00
887.00 1336.00
1448.00 1344.00
1522.00 1345.00
1834.00 1351.00
2037.00 1353.00
528.00 1357.00
1728.00 1358.00
1783.00 1362.00
953.00 1365.00
695.00 1369.00
592.00 1371.00
2095.00 1374.00
1896.00 1378.00
340.00 1389.00
1449.00 1390.00
1040.00 1393.00
550.00 1399.00
804.00 1407.00
1734.00 1410.00
2016.00 1412.00
1375.00 1419.00
1090.00 1421.00
2102.00 1423.00
242.00 1433.00
945.00 1433.00
335.00 1441.00
1451.00 1441.00
1583.00 1448.00
902.00 1454.00
703.00 1463.00
152.00 1487.00
1162.00 1487.00
953.00 1488.00
1422.00 1491.00
1654.00 1494.00
329.00 1502.00
716.00 1511.00
283.00 1520.00
1566.00 1521.00
1045.00 1522.00
1516.00 1522.00
1468.00 1529.00
668.00 1541.00
1378.00 1542.00
370.00 1544.00
180.00 1548.00
1659.00 1557.00
2029.00 1568.00
1091.00 1572.00
1207.00 1579.00
1044.00 1581.00
953.00 1585.00
367.00 1589.00
1003.00 1590.00
699.00 1593.00
1380.00 1617.00
2062.00 1620.00
1044.00 1622.00
1697.00 1638.00
717.00 1642.00
353.00 1644.00
398.00 1647.00
1208.00 1651.00
1324.00 1671.00
1134.00 1675.00
581.00 1683.00
1045.00 1687.00
405.00 1691.00
2071.00 1700.00
750.00 1704.00
1271.00 1709.00
853.00 1728.00
1208.00 1741.00
1321.00 1743.00
1149.00 1745.00
183.00 1746.00
1684.00 1751.00
938.00 1755.00
551.00 1759.00
2066.00 1774.00
810.00 1777.00
998.00 1790.00
1686.00 1799.00
950.00 1800.00
412.00 1803.00
521.00 1808.00
562.00 1810.00
1383.00 1817.00
327.00 1828.00
772.00 1853.00
1691.00 1858.00
1395.00 1862.00
1348.00 1864.00
997.00 1881.00
540.00 1890.00
212.00 1909.00
257.00 1911.00
933.00 1915.00
584.00 1948.00
651.00 1949.00
275.00 1956.00
984.00 1965.00
937.00 1968.00
323.00 1972.00
464.00 1980.00
538.00 1991.00
681.00 1997.00
997.00 2008.00
1041.00 2012.00
906.00 2035.00
302.00 2046.00
1219.00 2047.00
1391.00 2057.00
1044.00 2058.00
176.00 2061.00
342.00 2093.00
1111.00 2096.00
435.00 2111.00
995.00 2128.00
476.00 2134.00
792.00 2155.00
382.00 2162.00
857.00 2163.00
1170.00 2164.00
642.00 2178.00
426.00 2183.00
468.00 2204.00
1404.00 2213.00
752.00 2235.00
938.00 2246.00
180.00 2249.00
1440.00 2260.00
572.00 2273.00
888.00 2275.00
617.00 2276.00
487.00 2284.00
942.00 2296.00
700.00 2299.00
1127.00 2300.00
1573.00 2302.00
183.00 2303.00
538.00 2314.00
387.00 2321.00
1284.00 2335.00
895.00 2337.00
783.00 2354.00
831.00 2376.00
712.00 2387.00
932.00 2394.00
875.00 2399.00
759.00 2402.00
809.00 2426.00
698.00 2428.00
940.00 2453.00
1441.00 2467.00
1040.00 2479.00
865.00 2505.00
482.00 2527.00
1472.00 2531.00
1044.00 2544.00
1215.00 2547.00
1599.00 2581.00
1403.00 2583.00
923.00 2597.00
1144.00 2599.00
1287.00 2602.00
1653.00 2609.00
1341.00 2667.00
1300.00 2684.00
1798.00 2700.00
