843.00 669.00
438.00 792.00
702.00 1151.00
614.00 1165.00
266.00 1181.00
689.00 1197.00
508.00 1273.00
882.00 1296.00
404.00 1310.00
569.00 1369.00
110.00 1394.00
552.00 1410.00
719.00 1412.00
22.00 1450.00
72.00 1455.00
718.00 1477.00
188.00 1505.00
79.00 1515.00
244.00 1525.00
137.00 1527.00
196.00 1682.00
371.00 1686.00
639.00 1719.00
1371.00 1857.00
139.00 1914.00
610.00 1937.00
772.00 1943.00
849.00 1949.00
1027.00 1964.00
1109.00 1971.00
656.00 1972.00
341.00 1974.00
604.00 1978.00
1192.00 1978.00
771.00 1987.00
128.00 2012.00
576.00 2034.00
87.00 2044.00
457.00 2046.00
633.00 2049.00
370.00 2054.00
802.00 2094.00
617.00 2103.00
454.00 2118.00
910.00 2126.00
686.00 2127.00
560.00 2154.00
146.00 2169.00
654.00 2177.00
846.00 2187.00
512.00 2189.00
896.00 2207.00
797.00 2244.00
555.00 2282.00
958.00 2322.00
1388.00 2430.00
1199.00 2478.00
