1375.00 507.00
1237.00 548.00
1134.00 641.00
1607.00 660.00
1924.00 679.00
1196.00 696.00
1689.00 736.00
1617.00 778.00
1047.00 794.00
1546.00 816.00
1303.00 817.00
1910.00 845.00
1587.00 851.00
1215.00 865.00
2028.00 882.00
2074.00 893.00
1743.00 897.00
1191.00 925.00
1913.00 933.00
2106.00 938.00
1700.00 948.00
1801.00 959.00
1559.00 980.00
1488.00 998.00
1319.00 1001.00
1769.00 1008.00
1859.00 1013.00
2121.00 1049.00
1807.00 1095.00
1431.00 1103.00
1245.00 1130.00
1809.00 1148.00
2000.00 1190.00
1826.00 1192.00
1610.00 1211.00
1313.00 1214.00
1400.00 1217.00
1788.00 1235.00
1936.00 1237.00
1612.00 1255.00
1467.00 1260.00
1654.00 1265.00
1829.00 1267.00
2106.00 1270.00
1125.00 1284.00
1768.00 1285.00
1904.00 1299.00
1612.00 1307.00
1831.00 1312.00
1963.00 1338.00
1817.00 1353.00
1614.00 1377.00
1908.00 1381.00
1035.00 1387.00
1103.00 1395.00
1175.00 1419.00
1796.00 1420.00
1063.00 1445.00
1837.00 1446.00
1107.00 1457.00
1204.00 1472.00
1096.00 1515.00
2034.00 1529.00
1840.00 1531.00
2090.00 1545.00
1778.00 1563.00
1732.00 1566.00
1916.00 1570.00
1260.00 1592.00
1090.00 1598.00
1827.00 1608.00
1036.00 1637.00
1323.00 1638.00
1205.00 1640.00
1666.00 1644.00
1277.00 1645.00
2081.00 1649.00
1712.00 1652.00
1846.00 1656.00
1084.00 1665.00
1280.00 1695.00
1400.00 1696.00
1848.00 1705.00
1353.00 1708.00
1225.00 1709.00
2055.00 1711.00
1166.00 1719.00
1280.00 1743.00
2130.00 1771.00
1928.00 1823.00
987.00 1837.00
