325.00 308.00
1021.00 317.00
474.00 356.00
414.00 364.00
519.00 381.00
1136.00 443.00
889.00 454.00
498.00 492.00
290.00 559.00
448.00 607.00
662.00 614.00
555.00 618.00
159.00 632.00
566.00 679.00
1093.00 709.00
1154.00 738.00
143.00 752.00
1076.00 822.00
1130.00 847.00
596.00 851.00
552.00 878.00
647.00 880.00
593.00 907.00
635.00 950.00
279.00 951.00
1051.00 986.00
1098.00 991.00
944.00 996.00
325.00 1019.00
1043.00 1037.00
1085.00 1057.00
9.00 1107.00
399.00 1127.00
663.00 1143.00
1042.00 1159.00
145.00 1223.00
728.00 1227.00
487.00 1255.00
371.00 1261.00
1005.00 1277.00
728.00 1279.00
124.00 1291.00
583.00 1291.00
414.00 1295.00
519.00 1300.00
724.00 1320.00
77.00 1321.00
263.00 1341.00
35.00 1345.00
136.00 1346.00
422.00 1377.00
561.00 1384.00
743.00 1386.00
1130.00 1390.00
474.00 1420.00
784.00 1420.00
951.00 1425.00
574.00 1428.00
1109.00 1433.00
127.00 1446.00
185.00 1452.00
1068.00 1454.00
631.00 1461.00
448.00 1504.00
895.00 1504.00
960.00 1505.00
1048.00 1506.00
642.00 1525.00
400.00 1548.00
528.00 1574.00
327.00 1575.00
814.00 1581.00
160.00 1593.00
479.00 1593.00
1030.00 1598.00
596.00 1607.00
1128.00 1620.00
119.00 1621.00
983.00 1623.00
1026.00 1646.00
1081.00 1650.00
543.00 1652.00
398.00 1712.00
640.00 1726.00
1066.00 1731.00
448.00 1761.00
689.00 1769.00
663.00 1812.00
1007.00 1815.00
1114.00 1827.00
320.00 1835.00
634.00 1853.00
1115.00 1871.00
592.00 1917.00
592.00 1961.00
1101.00 1983.00
955.00 2078.00
612.00 2112.00
601.00 2154.00
612.00 2195.00
677.00 2222.00
643.00 2273.00
739.00 2281.00
902.00 2294.00
1000.00 2329.00
1011.00 2370.00
901.00 2430.00
902.00 2579.00
413.00 2712.00
354.00 2723.00
