760.00 501.00
1136.00 546.00
860.00 549.00
1491.00 626.00
1313.00 689.00
1160.00 711.00
1571.00 734.00
1257.00 736.00
1397.00 750.00
1334.00 755.00
1455.00 755.00
1163.00 759.00
1045.00 771.00
230.00 775.00
767.00 782.00
1240.00 787.00
1116.00 793.00
1289.00 812.00
1572.00 828.00
288.00 853.00
899.00 856.00
1260.00 863.00
329.00 864.00
582.00 871.00
1069.00 878.00
1654.00 892.00
758.00 895.00
960.00 901.00
1382.00 906.00
1564.00 908.00
1514.00 916.00
638.00 917.00
1179.00 921.00
688.00 923.00
475.00 926.00
844.00 939.00
1647.00 960.00
550.00 966.00
1353.00 991.00
684.00 992.00
502.00 994.00
993.00 997.00
550.00 1008.00
1142.00 1018.00
934.00 1026.00
488.00 1035.00
1378.00 1036.00
864.00 1037.00
1305.00 1037.00
746.00 1043.00
1421.00 1046.00
793.00 1047.00
654.00 1055.00
583.00 1060.00
1174.00 1062.00
1799.00 1066.00
700.00 1069.00
1683.00 1071.00
879.00 1105.00
989.00 1108.00
1811.00 1113.00
744.00 1122.00
416.00 1140.00
469.00 1146.00
879.00 1146.00
1584.00 1146.00
559.00 1149.00
1066.00 1157.00
1466.00 1162.00
1637.00 1169.00
1524.00 1171.00
1804.00 1179.00
1231.00 1182.00
879.00 1188.00
816.00 1194.00
1276.00 1199.00
721.00 1205.00
1006.00 1206.00
1599.00 1210.00
1527.00 1219.00
1476.00 1225.00
1429.00 1232.00
1673.00 1234.00
1196.00 1235.00
1314.00 1250.00
1531.00 1262.00
521.00 1264.00
1396.00 1274.00
1260.00 1275.00
1681.00 1275.00
791.00 1278.00
977.00 1278.00
879.00 1279.00
650.00 1281.00
1481.00 1287.00
1826.00 1302.00
1203.00 1317.00
1555.00 1318.00
1751.00 1330.00
880.00 1331.00
1707.00 1334.00
1160.00 1343.00
1387.00 1348.00
1101.00 1354.00
447.00 1356.00
510.00 1361.00
976.00 1365.00
1299.00 1365.00
1748.00 1371.00
790.00 1390.00
1491.00 1399.00
1864.00 1402.00
1108.00 1407.00
556.00 1410.00
1319.00 1412.00
1193.00 1419.00
1371.00 1423.00
1777.00 1424.00
717.00 1437.00
1247.00 1443.00
1067.00 1444.00
944.00 1449.00
1429.00 1461.00
814.00 1471.00
1545.00 1479.00
593.00 1498.00
1758.00 1509.00
878.00 1519.00
1527.00 1524.00
1143.00 1537.00
1311.00 1541.00
1075.00 1551.00
1845.00 1551.00
644.00 1555.00
877.00 1561.00
976.00 1574.00
1311.00 1596.00
1415.00 1596.00
398.00 1599.00
1459.00 1601.00
1841.00 1602.00
291.00 1606.00
1800.00 1620.00
357.00 1623.00
913.00 1639.00
977.00 1651.00
439.00 1652.00
1156.00 1658.00
1080.00 1686.00
1039.00 1688.00
1002.00 1738.00
1744.00 1746.00
875.00 1779.00
1209.00 1829.00
874.00 1836.00
806.00 1871.00
1744.00 1909.00
916.00 1935.00
948.00 1990.00
355.00 2182.00
1034.00 2191.00
892.00 2205.00
91.00 2490.00
