2091.00 547.00
1758.00 551.00
1163.00 558.00
1551.00 577.00
1763.00 719.00
1329.00 720.00
1943.00 733.00
2130.00 740.00
1761.00 779.00
1909.00 792.00
1609.00 840.00
1896.00 842.00
1743.00 845.00
1813.00 912.00
2048.00 928.00
1962.00 938.00
2118.00 971.00
1904.00 998.00
1666.00 1032.00
1907.00 1042.00
1818.00 1065.00
1551.00 1087.00
1703.00 1093.00
1998.00 1115.00
1791.00 1145.00
1931.00 1153.00
1869.00 1173.00
1654.00 1190.00
1792.00 1193.00
1374.00 1194.00
2119.00 1226.00
1919.00 1248.00
1824.00 1265.00
1538.00 1275.00
1482.00 1278.00
1039.00 1284.00
1608.00 1300.00
2060.00 1306.00
1964.00 1324.00
1655.00 1342.00
2080.00 1355.00
1787.00 1363.00
2033.00 1380.00
1175.00 1386.00
1877.00 1430.00
1386.00 1438.00
1930.00 1438.00
1090.00 1457.00
1144.00 1466.00
2067.00 1468.00
1991.00 1471.00
1911.00 1498.00
1089.00 1521.00
1914.00 1546.00
2005.00 1546.00
1016.00 1565.00
2109.00 1622.00
2009.00 1625.00
1392.00 1640.00
1190.00 1724.00
1892.00 1854.00
2038.00 1856.00
1285.00 1887.00
2107.00 1903.00
1267.00 2046.00
1926.00 2054.00
1494.00 2161.00
1971.00 2186.00
1521.00 2227.00
1336.00 2247.00
