1316.00 205.00
1266.00 239.00
676.00 255.00
684.00 467.00
593.00 486.00
1640.00 626.00
619.00 647.00
1397.00 662.00
2028.00 666.00
1623.00 692.00
1899.00 733.00
820.00 736.00
545.00 775.00
2045.00 801.00
504.00 807.00
471.00 856.00
2118.00 863.00
2054.00 882.00
1668.00 887.00
528.00 897.00
475.00 901.00
451.00 980.00
277.00 1002.00
2072.00 1029.00
1187.00 1036.00
476.00 1043.00
546.00 1056.00
371.00 1059.00
1410.00 1072.00
1264.00 1089.00
1465.00 1096.00
1174.00 1103.00
1914.00 1106.00
1539.00 1111.00
2134.00 1124.00
1063.00 1127.00
405.00 1132.00
471.00 1168.00
1517.00 1175.00
334.00 1210.00
1891.00 1215.00
602.00 1226.00
2055.00 1229.00
1831.00 1243.00
1223.00 1248.00
1522.00 1250.00
1338.00 1273.00
1266.00 1280.00
2083.00 1281.00
2140.00 1287.00
1562.00 1294.00
1982.00 1300.00
303.00 1321.00
1873.00 1324.00
2026.00 1330.00
1229.00 1333.00
2141.00 1335.00
1049.00 1340.00
345.00 1342.00
1563.00 1344.00
1793.00 1355.00
1368.00 1385.00
2012.00 1385.00
2074.00 1385.00
24.00 1391.00
493.00 1396.00
1414.00 1396.00
1817.00 1426.00
1001.00 1438.00
460.00 1444.00
1133.00 1444.00
2140.00 1458.00
1948.00 1460.00
1536.00 1461.00
1841.00 1475.00
365.00 1501.00
1613.00 1518.00
415.00 1521.00
211.00 1544.00
2038.00 1551.00
1571.00 1553.00
1624.00 1595.00
1675.00 1611.00
565.00 1631.00
72.00 1632.00
1053.00 1636.00
2126.00 1655.00
1246.00 1657.00
293.00 1660.00
2084.00 1673.00
375.00 1684.00
286.00 1713.00
1610.00 1729.00
1905.00 1740.00
1508.00 1746.00
1305.00 1750.00
1753.00 1757.00
281.00 1761.00
2088.00 1784.00
1967.00 1788.00
1337.00 1810.00
1253.00 1815.00
2019.00 1829.00
2068.00 1842.00
1176.00 1852.00
2099.00 1883.00
1528.00 1888.00
1309.00 1899.00
2043.00 1901.00
2143.00 1911.00
168.00 1964.00
2038.00 1996.00
785.00 2007.00
698.00 2033.00
1270.00 2046.00
2047.00 2052.00
694.00 2081.00
2052.00 2115.00
1541.00 2180.00
1950.00 2199.00
1527.00 2344.00
1600.00 2368.00
