1738.00 427.00
1683.00 441.00
1367.00 621.00
1412.00 622.00
2067.00 667.00
2068.00 741.00
2014.00 769.00
1663.00 858.00
1805.00 865.00
1622.00 880.00
1761.00 888.00
1411.00 905.00
705.00 908.00
1444.00 996.00
1490.00 1036.00
1094.00 1037.00
1153.00 1062.00
1951.00 1063.00
2149.00 1069.00
1540.00 1074.00
2088.00 1076.00
1199.00 1090.00
2146.00 1110.00
2097.00 1118.00
2037.00 1132.00
1988.00 1138.00
1738.00 1147.00
1872.00 1153.00
1514.00 1203.00
1461.00 1206.00
1363.00 1216.00
817.00 1252.00
1068.00 1254.00
1402.00 1272.00
1637.00 1286.00
932.00 1287.00
1572.00 1290.00
775.00 1300.00
1258.00 1301.00
1152.00 1311.00
1057.00 1323.00
1979.00 1325.00
1459.00 1333.00
1909.00 1352.00
1246.00 1370.00
923.00 1376.00
1181.00 1379.00
1303.00 1409.00
1154.00 1428.00
1097.00 1429.00
2071.00 1442.00
1212.00 1447.00
2019.00 1447.00
1253.00 1449.00
1370.00 1449.00
2141.00 1473.00
1764.00 1481.00
1425.00 1484.00
1713.00 1484.00
1998.00 1488.00
1593.00 1492.00
1847.00 1504.00
1122.00 1537.00
946.00 1544.00
1523.00 1544.00
1419.00 1560.00
1256.00 1569.00
1123.00 1587.00
1556.00 1599.00
1656.00 1638.00
1872.00 1658.00
1405.00 1659.00
1277.00 1676.00
1601.00 1678.00
1133.00 1680.00
1189.00 1685.00
1018.00 1692.00
897.00 1699.00
1706.00 1708.00
1572.00 1721.00
1351.00 1740.00
2116.00 1758.00
1569.00 1769.00
1112.00 1772.00
1275.00 1772.00
1042.00 1777.00
1566.00 1821.00
1319.00 1823.00
1506.00 1828.00
422.00 1849.00
534.00 1866.00
1501.00 1871.00
1650.00 1875.00
1227.00 1885.00
997.00 1909.00
1405.00 1917.00
469.00 1923.00
1235.00 1926.00
1808.00 1927.00
1666.00 1928.00
1752.00 1950.00
1865.00 2000.00
1728.00 2001.00
1906.00 2003.00
1648.00 2006.00
2095.00 2015.00
1573.00 2018.00
940.00 2029.00
1798.00 2036.00
1692.00 2055.00
1151.00 2058.00
1045.00 2085.00
1387.00 2108.00
1872.00 2144.00
482.00 2195.00
1528.00 2314.00
1573.00 2342.00
