913.00 366.00
955.00 373.00
179.00 410.00
408.00 498.00
479.00 524.00
208.00 535.00
652.00 644.00
710.00 654.00
303.00 691.00
568.00 725.00
39.00 813.00
508.00 888.00
552.00 892.00
457.00 895.00
364.00 909.00
32.00 931.00
397.00 951.00
401.00 1027.00
269.00 1141.00
486.00 1170.00
68.00 1207.00
663.00 1211.00
288.00 1276.00
533.00 1287.00
672.00 1305.00
425.00 1332.00
276.00 1335.00
277.00 1396.00
167.00 1410.00
90.00 1511.00
479.00 1535.00
62.00 1659.00
413.00 2358.00
411.00 2412.00
343.00 2418.00
49.00 2501.00
240.00 2536.00
