794.00 330.00
1938.00 487.00
1755.00 530.00
767.00 544.00
1851.00 584.00
1772.00 643.00
1857.00 662.00
1175.00 668.00
1855.00 704.00
1635.00 709.00
1402.00 719.00
1490.00 737.00
1155.00 786.00
997.00 787.00
2131.00 802.00
857.00 817.00
784.00 844.00
969.00 846.00
1198.00 872.00
827.00 874.00
778.00 909.00
970.00 911.00
912.00 917.00
1184.00 930.00
1127.00 939.00
2017.00 946.00
1694.00 952.00
1453.00 969.00
1220.00 971.00
928.00 972.00
1580.00 975.00
1494.00 978.00
1369.00 984.00
1171.00 991.00
1535.00 992.00
286.00 1004.00
781.00 1004.00
1038.00 1007.00
733.00 1012.00
983.00 1017.00
2038.00 1023.00
466.00 1030.00
856.00 1038.00
555.00 1043.00
1493.00 1052.00
1882.00 1055.00
782.00 1057.00
679.00 1073.00
284.00 1074.00
2030.00 1077.00
990.00 1080.00
1832.00 1089.00
1133.00 1096.00
555.00 1111.00
1303.00 1112.00
1744.00 1117.00
1254.00 1120.00
783.00 1123.00
1037.00 1125.00
1588.00 1138.00
1126.00 1139.00
1479.00 1140.00
847.00 1141.00
1641.00 1143.00
1372.00 1147.00
957.00 1151.00
484.00 1156.00
440.00 1162.00
1256.00 1164.00
1306.00 1178.00
1542.00 1181.00
681.00 1190.00
785.00 1199.00
940.00 1199.00
884.00 1206.00
1463.00 1215.00
1702.00 1240.00
787.00 1241.00
682.00 1245.00
1261.00 1251.00
1658.00 1251.00
866.00 1252.00
1576.00 1254.00
1364.00 1259.00
957.00 1284.00
787.00 1286.00
1263.00 1296.00
698.00 1297.00
1533.00 1297.00
1435.00 1298.00
1593.00 1301.00
1163.00 1310.00
851.00 1332.00
788.00 1333.00
1288.00 1344.00
684.00 1345.00
1240.00 1349.00
1496.00 1357.00
634.00 1365.00
2076.00 1366.00
1643.00 1368.00
1362.00 1379.00
1944.00 1379.00
884.00 1382.00
1892.00 1382.00
1824.00 1390.00
684.00 1392.00
1162.00 1393.00
732.00 1394.00
1771.00 1396.00
439.00 1402.00
2131.00 1409.00
1532.00 1410.00
1268.00 1415.00
2060.00 1416.00
632.00 1417.00
1698.00 1417.00
1114.00 1419.00
1488.00 1425.00
525.00 1431.00
2006.00 1433.00
1792.00 1441.00
1368.00 1451.00
813.00 1458.00
1726.00 1461.00
1414.00 1462.00
635.00 1465.00
1559.00 1475.00
1368.00 1492.00
1852.00 1493.00
1272.00 1499.00
1438.00 1506.00
964.00 1508.00
733.00 1509.00
1122.00 1523.00
1056.00 1537.00
1178.00 1542.00
1422.00 1547.00
977.00 1553.00
1116.00 1572.00
825.00 1580.00
555.00 1595.00
1000.00 1603.00
859.00 1631.00
1045.00 1634.00
633.00 1635.00
581.00 1639.00
792.00 1674.00
1603.00 1683.00
1310.00 1687.00
941.00 1699.00
582.00 1720.00
1575.00 1726.00
1004.00 1728.00
1160.00 1729.00
962.00 1741.00
900.00 1745.00
847.00 1748.00
793.00 1750.00
734.00 1760.00
663.00 1761.00
1085.00 1784.00
1173.00 1784.00
1237.00 1785.00
579.00 1789.00
1521.00 1799.00
747.00 1804.00
703.00 1806.00
659.00 1808.00
523.00 1815.00
1244.00 1835.00
1381.00 1848.00
599.00 1859.00
691.00 1859.00
1166.00 1872.00
982.00 1877.00
825.00 1880.00
1266.00 1880.00
637.00 1918.00
882.00 1920.00
1121.00 1931.00
1170.00 1931.00
1040.00 1933.00
927.00 1937.00
796.00 1941.00
426.00 1952.00
864.00 1961.00
671.00 1965.00
1039.00 1983.00
1091.00 1983.00
437.00 2000.00
522.00 2014.00
588.00 2023.00
671.00 2027.00
1039.00 2032.00
807.00 2034.00
931.00 2040.00
585.00 2066.00
522.00 2082.00
433.00 2089.00
1140.00 2096.00
806.00 2100.00
1519.00 2101.00
673.00 2104.00
986.00 2126.00
1324.00 2130.00
462.00 2162.00
1044.00 2187.00
659.00 2233.00
597.00 2254.00
1752.00 2405.00
1122.00 2557.00
