1376.00 323.00
900.00 611.00
1031.00 930.00
574.00 985.00
282.00 1008.00
583.00 1046.00
640.00 1046.00
1164.00 1088.00
379.00 1118.00
1106.00 1190.00
405.00 1247.00
1314.00 1255.00
1255.00 1335.00
1379.00 1362.00
538.00 1370.00
324.00 1423.00
1346.00 1459.00
75.00 1461.00
489.00 1533.00
284.00 1540.00
99.00 1543.00
289.00 1590.00
1778.00 1606.00
1658.00 1614.00
1166.00 1623.00
1555.00 1705.00
1904.00 1735.00
1755.00 1738.00
1162.00 1756.00
1620.00 1770.00
1090.00 1798.00
218.00 1799.00
1238.00 1800.00
700.00 1801.00
1908.00 1814.00
1858.00 1869.00
138.00 1909.00
1504.00 1964.00
1881.00 1998.00
1140.00 2019.00
664.00 2146.00
1961.00 2183.00
1714.00 2199.00
1597.00 2233.00
1940.00 2255.00
1453.00 2263.00
1238.00 2321.00
986.00 2405.00
1131.00 2657.00
