1657.00 394.00
1644.00 466.00
1857.00 496.00
527.00 530.00
1572.00 619.00
2090.00 623.00
1488.00 642.00
2139.00 682.00
1021.00 752.00
521.00 778.00
815.00 800.00
609.00 808.00
1099.00 815.00
842.00 855.00
800.00 867.00
660.00 873.00
2102.00 887.00
1234.00 916.00
914.00 924.00
1581.00 930.00
871.00 935.00
792.00 955.00
2016.00 961.00
1975.00 963.00
374.00 966.00
751.00 966.00
680.00 984.00
638.00 994.00
569.00 1011.00
497.00 1029.00
1689.00 1048.00
397.00 1054.00
336.00 1069.00
274.00 1085.00
901.00 1091.00
506.00 1095.00
224.00 1099.00
1429.00 1109.00
349.00 1128.00
1772.00 1133.00
1017.00 1174.00
1917.00 1174.00
1619.00 1216.00
823.00 1218.00
664.00 1240.00
1169.00 1243.00
1888.00 1251.00
1507.00 1255.00
289.00 1258.00
530.00 1296.00
983.00 1303.00
290.00 1305.00
385.00 1310.00
2149.00 1313.00
838.00 1314.00
1947.00 1315.00
1038.00 1332.00
700.00 1338.00
1794.00 1351.00
835.00 1373.00
2016.00 1389.00
1536.00 1405.00
416.00 1417.00
1973.00 1423.00
885.00 1425.00
1290.00 1453.00
736.00 1459.00
523.00 1470.00
1340.00 1470.00
564.00 1474.00
1156.00 1475.00
881.00 1483.00
818.00 1487.00
1939.00 1487.00
1897.00 1489.00
697.00 1500.00
411.00 1505.00
630.00 1507.00
2000.00 1515.00
1302.00 1519.00
519.00 1521.00
1365.00 1533.00
327.00 1535.00
412.00 1548.00
1477.00 1563.00
360.00 1579.00
421.00 1589.00
252.00 1592.00
515.00 1592.00
305.00 1599.00
1240.00 1629.00
1332.00 1693.00
659.00 1731.00
1162.00 1747.00
269.00 1798.00
1165.00 1818.00
2063.00 1896.00
1240.00 1898.00
1286.00 1908.00
1385.00 1958.00
1288.00 2039.00
1438.00 2055.00
1964.00 2165.00
447.00 2338.00
1392.00 2373.00
1058.00 2488.00
