1535.00 46.00
1890.00 92.00
1581.00 120.00
1866.00 164.00
1908.00 168.00
1619.00 184.00
246.00 257.00
1922.00 325.00
1988.00 332.00
1779.00 346.00
1666.00 368.00
1752.00 404.00
1754.00 445.00
1823.00 493.00
1830.00 568.00
1277.00 585.00
1445.00 630.00
847.00 632.00
1660.00 632.00
1696.00 677.00
1548.00 733.00
844.00 738.00
1153.00 789.00
1319.00 793.00
1227.00 817.00
2076.00 832.00
1715.00 859.00
1999.00 871.00
1276.00 883.00
1803.00 899.00
1873.00 915.00
1730.00 916.00
1792.00 978.00
2096.00 998.00
1849.00 999.00
1362.00 1014.00
1269.00 1041.00
2151.00 1104.00
1384.00 1134.00
1806.00 1142.00
1958.00 1143.00
1855.00 1211.00
1583.00 1222.00
1456.00 1236.00
1935.00 1246.00
1553.00 1275.00
1673.00 1291.00
1461.00 1311.00
1985.00 1316.00
2028.00 1325.00
1757.00 1331.00
1611.00 1337.00
1549.00 1348.00
2085.00 1372.00
1856.00 1376.00
1790.00 1397.00
1842.00 1422.00
1982.00 1451.00
1930.00 1487.00
1985.00 1503.00
1458.00 1634.00
1618.00 1987.00
