236.00 480.00
159.00 548.00
123.00 589.00
532.00 611.00
494.00 669.00
62.00 670.00
608.00 677.00
651.00 687.00
692.00 687.00
834.00 702.00
59.00 732.00
717.00 749.00
313.00 764.00
427.00 789.00
257.00 801.00
56.00 804.00
492.00 806.00
438.00 839.00
194.00 845.00
52.00 857.00
480.00 858.00
248.00 880.00
206.00 891.00
706.00 908.00
648.00 940.00
90.00 955.00
41.00 1025.00
936.00 1096.00
377.00 1098.00
286.00 1106.00
217.00 1126.00
101.00 1140.00
55.00 1154.00
1057.00 1156.00
587.00 1167.00
835.00 1204.00
1041.00 1217.00
71.00 1221.00
1119.00 1221.00
734.00 1225.00
197.00 1266.00
721.00 1283.00
251.00 1291.00
604.00 1300.00
23.00 1319.00
274.00 1376.00
503.00 1418.00
286.00 1441.00
353.00 1447.00
618.00 1459.00
127.00 1468.00
32.00 1482.00
232.00 1520.00
462.00 1525.00
191.00 1531.00
143.00 1538.00
28.00 1554.00
261.00 1595.00
490.00 1647.00
1040.00 1699.00
305.00 1713.00
183.00 1719.00
256.00 1736.00
91.00 1747.00
210.00 1797.00
509.00 1811.00
95.00 1929.00
456.00 1965.00
21.00 1973.00
711.00 2021.00
640.00 2052.00
110.00 2060.00
995.00 2062.00
461.00 2085.00
936.00 2093.00
124.00 2114.00
13.00 2144.00
382.00 2153.00
985.00 2165.00
25.00 2197.00
787.00 2206.00
833.00 2207.00
669.00 2212.00
286.00 2245.00
843.00 2255.00
586.00 2275.00
452.00 2279.00
335.00 2292.00
14.00 2293.00
184.00 2305.00
889.00 2315.00
519.00 2327.00
286.00 2332.00
