90.00 182.00
808.00 248.00
559.00 250.00
513.00 311.00
1340.00 350.00
516.00 365.00
730.00 505.00
93.00 525.00
199.00 551.00
688.00 553.00
802.00 606.00
737.00 616.00
686.00 664.00
676.00 716.00
237.00 719.00
361.00 786.00
412.00 829.00
362.00 836.00
471.00 847.00
957.00 852.00
720.00 856.00
382.00 878.00
333.00 885.00
209.00 900.00
774.00 906.00
482.00 908.00
424.00 915.00
1499.00 941.00
1441.00 944.00
423.00 961.00
480.00 962.00
260.00 965.00
1062.00 988.00
447.00 1020.00
316.00 1022.00
728.00 1024.00
842.00 1040.00
448.00 1064.00
836.00 1081.00
1519.00 1084.00
22.00 1094.00
676.00 1120.00
102.00 1127.00
1356.00 1129.00
1856.00 1145.00
946.00 1152.00
989.00 1187.00
1533.00 1188.00
1485.00 1191.00
1883.00 1193.00
744.00 1236.00
1316.00 1256.00
1811.00 1277.00
1522.00 1317.00
921.00 1337.00
1766.00 1348.00
855.00 1357.00
1437.00 1385.00
1194.00 1386.00
1516.00 1397.00
888.00 1398.00
954.00 1400.00
1127.00 1405.00
1825.00 1415.00
1259.00 1416.00
1867.00 1435.00
1953.00 1438.00
852.00 1467.00
1866.00 1491.00
1479.00 1503.00
864.00 1518.00
1148.00 1527.00
1834.00 1532.00
1775.00 1533.00
1676.00 1560.00
864.00 1566.00
1896.00 1588.00
1524.00 1603.00
1661.00 1603.00
1853.00 1607.00
1945.00 1608.00
1812.00 1619.00
1525.00 1648.00
1887.00 1660.00
1819.00 1785.00
1387.00 1806.00
1453.00 1812.00
991.00 1834.00
1714.00 1837.00
1823.00 1858.00
1542.00 1863.00
1738.00 1878.00
1780.00 1905.00
556.00 1939.00
1471.00 1967.00
1925.00 1995.00
1436.00 2025.00
334.00 2040.00
946.00 2066.00
1411.00 2066.00
99.00 2086.00
1289.00 2103.00
1339.00 2103.00
1608.00 2171.00
1239.00 2192.00
1183.00 2215.00
417.00 2224.00
327.00 2278.00
1150.00 2282.00
1493.00 2296.00
959.00 2303.00
629.00 2308.00
754.00 2330.00
1480.00 2337.00
722.00 2391.00
1724.00 2392.00
1000.00 2445.00
1452.00 2448.00
911.00 2465.00
719.00 2483.00
959.00 2490.00
522.00 2518.00
441.00 2533.00
695.00 2589.00
815.00 2601.00
777.00 2654.00
694.00 2674.00
