1532.00 496.00
415.00 563.00
1062.00 640.00
1135.00 640.00
1761.00 657.00
1905.00 680.00
2074.00 691.00
1633.00 702.00
1948.00 704.00
1805.00 711.00
1735.00 724.00
1391.00 729.00
1101.00 731.00
1889.00 755.00
571.00 782.00
1771.00 796.00
1661.00 801.00
1342.00 882.00
2092.00 885.00
1269.00 900.00
1454.00 939.00
1271.00 957.00
1495.00 957.00
1771.00 964.00
247.00 965.00
1689.00 970.00
781.00 975.00
315.00 977.00
1642.00 1013.00
1898.00 1045.00
1553.00 1058.00
1650.00 1071.00
1844.00 1074.00
1499.00 1117.00
907.00 1120.00
524.00 1121.00
481.00 1124.00
1273.00 1138.00
393.00 1151.00
232.00 1185.00
140.00 1201.00
1637.00 1243.00
559.00 1254.00
1216.00 1293.00
2066.00 1338.00
904.00 1404.00
2007.00 1408.00
828.00 1418.00
1205.00 1435.00
1830.00 1533.00
518.00 1590.00
1810.00 1782.00
1614.00 1784.00
956.00 2102.00
1009.00 2111.00
700.00 2216.00
467.00 2228.00
754.00 2274.00
660.00 2309.00
601.00 2344.00
672.00 2377.00
577.00 2392.00
627.00 2396.00
673.00 2438.00
484.00 2450.00
