1142.00 319.00
1140.00 364.00
1569.00 382.00
1188.00 384.00
1021.00 424.00
899.00 430.00
851.00 476.00
876.00 520.00
1193.00 571.00
1765.00 585.00
1937.00 603.00
1298.00 615.00
834.00 627.00
977.00 640.00
1701.00 651.00
1024.00 682.00
2146.00 692.00
1712.00 712.00
1933.00 713.00
2098.00 723.00
1631.00 734.00
1028.00 735.00
1584.00 744.00
1501.00 771.00
1786.00 790.00
1580.00 797.00
1380.00 799.00
1055.00 818.00
836.00 819.00
1906.00 838.00
1620.00 840.00
1187.00 855.00
1380.00 867.00
949.00 888.00
1315.00 893.00
1698.00 902.00
840.00 914.00
1591.00 916.00
1209.00 931.00
883.00 932.00
1534.00 955.00
1281.00 963.00
1385.00 1006.00
1461.00 1011.00
853.00 1013.00
1748.00 1014.00
1899.00 1027.00
1053.00 1031.00
1659.00 1044.00
1520.00 1079.00
1322.00 1082.00
1143.00 1091.00
1682.00 1108.00
1774.00 1121.00
872.00 1128.00
1844.00 1173.00
1427.00 1185.00
911.00 1186.00
1958.00 1204.00
1293.00 1206.00
1209.00 1234.00
1712.00 1235.00
1429.00 1236.00
1516.00 1241.00
1905.00 1272.00
2072.00 1272.00
1473.00 1278.00
1432.00 1298.00
2139.00 1304.00
761.00 1306.00
1702.00 1321.00
1791.00 1349.00
2078.00 1349.00
2128.00 1358.00
1719.00 1370.00
1532.00 1382.00
1869.00 1388.00
1327.00 1396.00
1655.00 1399.00
1764.00 1402.00
913.00 1415.00
1258.00 1415.00
2080.00 1420.00
1002.00 1422.00
1399.00 1427.00
1440.00 1428.00
847.00 1431.00
1430.00 1472.00
2150.00 1475.00
1359.00 1485.00
2087.00 1492.00
1317.00 1507.00
1689.00 1512.00
1739.00 1526.00
1557.00 1530.00
1364.00 1545.00
2090.00 1549.00
1889.00 1555.00
1659.00 1557.00
1306.00 1584.00
973.00 1601.00
1376.00 1606.00
837.00 1610.00
1527.00 1621.00
1743.00 1631.00
1080.00 1642.00
1536.00 1676.00
1465.00 1684.00
1791.00 1690.00
1370.00 1717.00
1998.00 1722.00
1436.00 1728.00
1179.00 1731.00
1754.00 1766.00
1018.00 1779.00
1424.00 1781.00
2030.00 1812.00
1552.00 1826.00
1442.00 1828.00
1001.00 1838.00
919.00 1841.00
1183.00 1864.00
1286.00 1867.00
1558.00 1888.00
1008.00 1899.00
1224.00 1908.00
1284.00 1937.00
992.00 2012.00
1102.00 2097.00
996.00 2103.00
925.00 2109.00
871.00 2111.00
1468.00 2114.00
1636.00 2128.00
1286.00 2138.00
1206.00 2139.00
1083.00 2142.00
923.00 2153.00
1513.00 2160.00
2149.00 2216.00
1031.00 2232.00
1470.00 2239.00
1427.00 2248.00
1287.00 2274.00
1108.00 2284.00
1229.00 2320.00
893.00 2328.00
1006.00 2328.00
1603.00 2338.00
1028.00 2369.00
1473.00 2374.00
1700.00 2445.00
1565.00 2470.00
1452.00 2556.00
