87.00 375.00
1652.00 403.00
1655.00 455.00
1637.00 562.00
790.00 577.00
631.00 580.00
686.00 600.00
629.00 623.00
1284.00 671.00
1011.00 712.00
1373.00 719.00
1814.00 730.00
1354.00 791.00
1575.00 830.00
10.00 841.00
1423.00 848.00
1528.00 869.00
173.00 874.00
92.00 875.00
1676.00 896.00
1486.00 906.00
309.00 914.00
46.00 919.00
365.00 923.00
1548.00 923.00
1309.00 927.00
1168.00 938.00
456.00 945.00
206.00 953.00
1259.00 958.00
551.00 968.00
1174.00 979.00
204.00 995.00
373.00 995.00
31.00 999.00
1122.00 1007.00
742.00 1021.00
570.00 1022.00
1431.00 1025.00
454.00 1044.00
1332.00 1068.00
1117.00 1073.00
779.00 1079.00
1289.00 1086.00
1248.00 1104.00
1016.00 1108.00
265.00 1119.00
968.00 1155.00
700.00 1172.00
1083.00 1177.00
756.00 1186.00
273.00 1222.00
205.00 1261.00
1060.00 1307.00
255.00 1310.00
988.00 1332.00
257.00 1390.00
215.00 1416.00
117.00 1457.00
476.00 1490.00
234.00 1500.00
101.00 1697.00
8.00 1744.00
74.00 1780.00
122.00 1782.00
50.00 1932.00
305.00 1945.00
648.00 1965.00
61.00 1982.00
170.00 1989.00
297.00 2000.00
571.00 2008.00
765.00 2038.00
97.00 2047.00
245.00 2049.00
1061.00 2057.00
649.00 2066.00
719.00 2072.00
542.00 2074.00
788.00 2090.00
102.00 2098.00
233.00 2108.00
349.00 2109.00
722.00 2143.00
810.00 2158.00
767.00 2161.00
352.00 2164.00
73.00 2174.00
293.00 2202.00
510.00 2210.00
769.00 2226.00
16.00 2227.00
77.00 2228.00
1516.00 2245.00
332.00 2248.00
192.00 2259.00
284.00 2259.00
93.00 2277.00
496.00 2317.00
632.00 2326.00
206.00 2343.00
701.00 2350.00
89.00 2356.00
840.00 2359.00
522.00 2364.00
123.00 2397.00
1244.00 2409.00
342.00 2410.00
1468.00 2421.00
1012.00 2424.00
664.00 2428.00
811.00 2441.00
26.00 2457.00
1313.00 2461.00
263.00 2469.00
666.00 2478.00
700.00 2519.00
529.00 2532.00
1274.00 2557.00
837.00 2575.00
714.00 2593.00
496.00 2602.00
651.00 2603.00
1606.00 2606.00
501.00 2661.00
52.00 2706.00
835.00 2714.00
1320.00 2731.00
652.00 2745.00
1534.00 2820.00
1629.00 2862.00
