457.00 311.00
498.00 335.00
1322.00 456.00
859.00 483.00
1164.00 483.00
455.00 502.00
548.00 529.00
440.00 544.00
520.00 572.00
780.00 573.00
1314.00 586.00
1403.00 590.00
923.00 621.00
1391.00 641.00
712.00 647.00
1036.00 657.00
784.00 669.00
72.00 682.00
849.00 690.00
1145.00 730.00
679.00 762.00
1749.00 807.00
1400.00 836.00
1702.00 879.00
1655.00 880.00
845.00 961.00
455.00 979.00
1150.00 983.00
1328.00 996.00
2080.00 1024.00
948.00 1047.00
816.00 1059.00
692.00 1070.00
1049.00 1076.00
205.00 1114.00
1670.00 1134.00
663.00 1140.00
2091.00 1141.00
891.00 1177.00
1700.00 1181.00
1339.00 1214.00
1673.00 1222.00
1895.00 1226.00
1390.00 1256.00
767.00 1266.00
277.00 1273.00
881.00 1276.00
1251.00 1279.00
1339.00 1282.00
1908.00 1285.00
1156.00 1291.00
679.00 1296.00
592.00 1299.00
1296.00 1308.00
916.00 1326.00
1720.00 1332.00
969.00 1341.00
314.00 1343.00
677.00 1347.00
337.00 1392.00
108.00 1396.00
335.00 1449.00
835.00 1475.00
159.00 1488.00
212.00 1503.00
738.00 1507.00
330.00 1519.00
686.00 1523.00
408.00 1528.00
1510.00 1533.00
1929.00 1543.00
1350.00 1564.00
2131.00 1566.00
151.00 1577.00
764.00 1578.00
958.00 1582.00
10.00 1596.00
697.00 1597.00
106.00 1606.00
1165.00 1606.00
327.00 1628.00
440.00 1643.00
932.00 1656.00
114.00 1664.00
1704.00 1668.00
1491.00 1669.00
1942.00 1682.00
31.00 1689.00
2145.00 1693.00
1168.00 1704.00
253.00 1712.00
1411.00 1734.00
94.00 1739.00
192.00 1756.00
1677.00 1769.00
320.00 1774.00
1440.00 1801.00
1020.00 1805.00
564.00 1810.00
2007.00 1821.00
1172.00 1857.00
1530.00 1859.00
1595.00 1876.00
399.00 1911.00
968.00 1911.00
1364.00 1914.00
866.00 1931.00
360.00 2002.00
407.00 2005.00
1422.00 2008.00
573.00 2010.00
838.00 2054.00
1012.00 2075.00
377.00 2084.00
557.00 2093.00
1373.00 2118.00
2030.00 2155.00
768.00 2183.00
915.00 2183.00
1394.00 2186.00
1849.00 2191.00
1909.00 2197.00
924.00 2224.00
1467.00 2242.00
768.00 2260.00
2114.00 2271.00
1878.00 2281.00
1491.00 2292.00
1241.00 2295.00
923.00 2356.00
1292.00 2384.00
609.00 2469.00
743.00 2541.00
1103.00 2639.00
