1532.00 548.00
356.00 569.00
479.00 570.00
485.00 687.00
1879.00 692.00
1272.00 702.00
775.00 756.00
466.00 762.00
1604.00 782.00
1915.00 873.00
465.00 879.00
242.00 904.00
1335.00 936.00
1878.00 936.00
523.00 953.00
1689.00 957.00
1437.00 995.00
1759.00 1011.00
1232.00 1026.00
237.00 1036.00
465.00 1071.00
778.00 1071.00
820.00 1079.00
531.00 1099.00
1983.00 1099.00
719.00 1111.00
665.00 1121.00
490.00 1126.00
446.00 1128.00
531.00 1144.00
623.00 1147.00
930.00 1165.00
124.00 1186.00
1947.00 1190.00
836.00 1191.00
383.00 1231.00
1575.00 1233.00
328.00 1237.00
96.00 1239.00
229.00 1253.00
462.00 1277.00
587.00 1291.00
1231.00 1296.00
1492.00 1330.00
1811.00 1332.00
460.00 1334.00
622.00 1351.00
1962.00 1355.00
1131.00 1365.00
541.00 1370.00
224.00 1371.00
1918.00 1384.00
1002.00 1400.00
355.00 1411.00
539.00 1413.00
1774.00 1420.00
397.00 1421.00
203.00 1444.00
589.00 1447.00
119.00 1456.00
1705.00 1458.00
1349.00 1464.00
851.00 1467.00
291.00 1480.00
1839.00 1480.00
337.00 1483.00
782.00 1492.00
950.00 1498.00
70.00 1511.00
857.00 1513.00
242.00 1518.00
283.00 1521.00
668.00 1535.00
1660.00 1548.00
1891.00 1564.00
998.00 1567.00
1363.00 1567.00
1660.00 1590.00
1426.00 1604.00
225.00 1608.00
764.00 1608.00
523.00 1615.00
682.00 1619.00
141.00 1621.00
268.00 1624.00
310.00 1624.00
1878.00 1638.00
864.00 1640.00
1423.00 1646.00
250.00 1673.00
959.00 1674.00
171.00 1683.00
363.00 1683.00
303.00 1698.00
1538.00 1719.00
643.00 1724.00
893.00 1734.00
1393.00 1743.00
168.00 1769.00
1229.00 1780.00
1888.00 1780.00
744.00 1788.00
480.00 1796.00
1526.00 1801.00
167.00 1810.00
1922.00 1821.00
1673.00 1822.00
1800.00 1834.00
1349.00 1843.00
840.00 1852.00
197.00 1856.00
1005.00 1857.00
1646.00 1865.00
87.00 1873.00
1117.00 1877.00
962.00 1879.00
701.00 1887.00
1227.00 1887.00
136.00 1888.00
1058.00 1900.00
1427.00 1909.00
1807.00 1914.00
87.00 1916.00
1127.00 1923.00
1669.00 1929.00
1011.00 1933.00
1309.00 1936.00
1626.00 1943.00
338.00 1946.00
114.00 1961.00
646.00 1966.00
842.00 1967.00
386.00 1975.00
480.00 1991.00
337.00 2000.00
395.00 2040.00
1280.00 2088.00
1276.00 2299.00
1368.00 2361.00
1759.00 2377.00
1685.00 2385.00
1631.00 2400.00
1546.00 2412.00
1466.00 2450.00
1284.00 2496.00
1547.00 2502.00
1258.00 2567.00
