513.00 704.00
434.00 730.00
848.00 745.00
912.00 769.00
603.00 809.00
692.00 809.00
1272.00 823.00
826.00 858.00
642.00 865.00
8.00 876.00
1257.00 884.00
910.00 896.00
108.00 897.00
826.00 901.00
685.00 939.00
1531.00 962.00
54.00 977.00
1473.00 989.00
1279.00 990.00
825.00 999.00
1169.00 1008.00
911.00 1011.00
678.00 1026.00
398.00 1031.00
1641.00 1032.00
1389.00 1062.00
1281.00 1071.00
1346.00 1091.00
1076.00 1094.00
18.00 1101.00
1202.00 1106.00
1487.00 1111.00
960.00 1116.00
856.00 1118.00
1282.00 1121.00
1309.00 1162.00
382.00 1164.00
1114.00 1188.00
855.00 1205.00
437.00 1229.00
1361.00 1237.00
508.00 1243.00
651.00 1275.00
1520.00 1286.00
1307.00 1296.00
880.00 1302.00
1164.00 1333.00
1574.00 1346.00
884.00 1362.00
783.00 1365.00
1363.00 1395.00
1207.00 1405.00
418.00 1426.00
1436.00 1427.00
1305.00 1431.00
503.00 1441.00
311.00 1450.00
1516.00 1586.00
1425.00 1746.00
1545.00 1802.00
1514.00 2155.00
142.00 2177.00
1378.00 2183.00
917.00 2187.00
