1612.00 25.00
1715.00 77.00
837.00 83.00
985.00 93.00
1730.00 143.00
1665.00 144.00
831.00 160.00
1613.00 183.00
938.00 247.00
1057.00 258.00
1667.00 266.00
448.00 289.00
684.00 315.00
1686.00 338.00
373.00 342.00
1139.00 369.00
767.00 381.00
456.00 418.00
1120.00 456.00
1827.00 494.00
897.00 504.00
1892.00 567.00
993.00 594.00
1836.00 606.00
1999.00 612.00
806.00 637.00
1763.00 642.00
969.00 644.00
1284.00 647.00
1869.00 680.00
762.00 684.00
540.00 713.00
844.00 728.00
1426.00 733.00
909.00 761.00
983.00 772.00
1394.00 776.00
833.00 798.00
734.00 833.00
1245.00 834.00
1015.00 838.00
896.00 842.00
1064.00 844.00
1171.00 846.00
601.00 859.00
1217.00 889.00
882.00 898.00
1093.00 899.00
600.00 905.00
1570.00 906.00
1512.00 917.00
1156.00 958.00
842.00 966.00
1033.00 973.00
1567.00 980.00
1994.00 1002.00
1920.00 1004.00
871.00 1017.00
647.00 1025.00
1158.00 1039.00
1492.00 1067.00
842.00 1068.00
1986.00 1071.00
1392.00 1094.00
1256.00 1119.00
967.00 1122.00
1043.00 1126.00
403.00 1133.00
515.00 1133.00
1744.00 1135.00
1588.00 1158.00
1538.00 1162.00
1238.00 1164.00
1458.00 1166.00
871.00 1176.00
1159.00 1182.00
1116.00 1186.00
398.00 1200.00
706.00 1206.00
1455.00 1213.00
1540.00 1214.00
1758.00 1215.00
1498.00 1216.00
1048.00 1217.00
974.00 1220.00
1609.00 1227.00
1160.00 1230.00
840.00 1231.00
1103.00 1239.00
1987.00 1247.00
1927.00 1252.00
449.00 1255.00
1382.00 1258.00
1546.00 1279.00
1020.00 1292.00
785.00 1293.00
1670.00 1294.00
970.00 1299.00
447.00 1304.00
1983.00 1304.00
1127.00 1305.00
1754.00 1310.00
1576.00 1328.00
1472.00 1340.00
1516.00 1344.00
1243.00 1345.00
1042.00 1353.00
1001.00 1359.00
1977.00 1366.00
1923.00 1371.00
1720.00 1374.00
1663.00 1389.00
1161.00 1395.00
440.00 1423.00
1057.00 1430.00
1581.00 1434.00
750.00 1436.00
1323.00 1436.00
1701.00 1445.00
1237.00 1446.00
1791.00 1453.00
1930.00 1466.00
1632.00 1478.00
721.00 1485.00
1498.00 1503.00
876.00 1505.00
1417.00 1516.00
1303.00 1518.00
926.00 1523.00
822.00 1528.00
1620.00 1534.00
1798.00 1534.00
983.00 1540.00
1857.00 1540.00
1541.00 1550.00
870.00 1552.00
1670.00 1564.00
1291.00 1570.00
1119.00 1572.00
818.00 1573.00
1398.00 1574.00
1163.00 1575.00
2025.00 1579.00
1242.00 1580.00
1818.00 1583.00
618.00 1588.00
1047.00 1589.00
1544.00 1601.00
1647.00 1617.00
2106.00 1634.00
2049.00 1640.00
1953.00 1647.00
1054.00 1659.00
1492.00 1674.00
1428.00 1690.00
2020.00 1697.00
1881.00 1699.00
1376.00 1700.00
878.00 1703.00
1769.00 1703.00
967.00 1710.00
1307.00 1711.00
1076.00 1719.00
811.00 1726.00
1674.00 1730.00
606.00 1734.00
2146.00 1740.00
2011.00 1743.00
1236.00 1745.00
1317.00 1758.00
1090.00 1763.00
1011.00 1768.00
1136.00 1770.00
916.00 1801.00
831.00 1810.00
980.00 1810.00
774.00 1811.00
1651.00 1811.00
2046.00 1820.00
1190.00 1827.00
436.00 1843.00
1649.00 1858.00
1315.00 1866.00
1543.00 1871.00
1324.00 1946.00
1648.00 1986.00
1272.00 1990.00
1578.00 2048.00
1348.00 2118.00
2089.00 2130.00
723.00 2196.00
1351.00 2197.00
645.00 2214.00
476.00 2224.00
2137.00 2248.00
752.00 2263.00
615.00 2281.00
1848.00 2327.00
1429.00 2436.00
519.00 2438.00
378.00 2593.00
