2004.00 605.00
1975.00 703.00
1639.00 715.00
1563.00 732.00
2039.00 750.00
1623.00 759.00
1953.00 779.00
2089.00 790.00
1608.00 834.00
2057.00 849.00
1933.00 852.00
1892.00 869.00
1839.00 871.00
2036.00 901.00
953.00 939.00
2142.00 940.00
2038.00 950.00
1638.00 960.00
1566.00 969.00
1866.00 971.00
1813.00 986.00
1009.00 1015.00
1881.00 1026.00
1962.00 1049.00
1914.00 1070.00
2005.00 1087.00
1625.00 1096.00
1584.00 1099.00
1658.00 1140.00
1920.00 1143.00
1970.00 1151.00
1568.00 1164.00
1609.00 1164.00
2079.00 1166.00
1478.00 1171.00
1143.00 1199.00
2148.00 1199.00
1596.00 1207.00
1942.00 1207.00
888.00 1211.00
1845.00 1224.00
1900.00 1230.00
2107.00 1230.00
2064.00 1238.00
1610.00 1252.00
1929.00 1284.00
1877.00 1286.00
2090.00 1295.00
1595.00 1297.00
2033.00 1299.00
1780.00 1301.00
1427.00 1312.00
1857.00 1334.00
1918.00 1346.00
1444.00 1357.00
2019.00 1362.00
1623.00 1366.00
1839.00 1375.00
1677.00 1389.00
1907.00 1395.00
1752.00 1408.00
1477.00 1419.00
1435.00 1425.00
1823.00 1432.00
1598.00 1441.00
1663.00 1443.00
2019.00 1455.00
1801.00 1479.00
1615.00 1482.00
1446.00 1490.00
1708.00 1504.00
1945.00 1506.00
1393.00 1528.00
1842.00 1531.00
1606.00 1553.00
1671.00 1561.00
2130.00 1564.00
2056.00 1571.00
1825.00 1572.00
1900.00 1599.00
1767.00 1604.00
1546.00 1607.00
2094.00 1612.00
1663.00 1622.00
1843.00 1623.00
1417.00 1638.00
1901.00 1641.00
1611.00 1650.00
1949.00 1656.00
2137.00 1665.00
1658.00 1672.00
1539.00 1683.00
1609.00 1694.00
2033.00 1698.00
1939.00 1704.00
1688.00 1716.00
1776.00 1795.00
1909.00 1822.00
1668.00 1826.00
1729.00 1830.00
1994.00 1884.00
1782.00 1892.00
1933.00 1913.00
1602.00 1977.00
1963.00 2001.00
2130.00 2033.00
1510.00 2058.00
1603.00 2059.00
1775.00 2060.00
2136.00 2135.00
1782.00 2281.00
1854.00 2286.00
