1498.00 118.00
1360.00 143.00
1362.00 320.00
268.00 331.00
1999.00 332.00
1444.00 336.00
259.00 470.00
869.00 503.00
2117.00 516.00
59.00 548.00
254.00 551.00
1320.00 551.00
334.00 560.00
1127.00 570.00
139.00 572.00
2102.00 576.00
378.00 583.00
214.00 593.00
1457.00 627.00
359.00 632.00
1083.00 644.00
93.00 658.00
372.00 684.00
193.00 686.00
618.00 702.00
76.00 709.00
841.00 709.00
678.00 719.00
1083.00 721.00
1679.00 758.00
214.00 774.00
905.00 782.00
144.00 798.00
1067.00 828.00
196.00 838.00
28.00 852.00
85.00 864.00
1477.00 870.00
141.00 876.00
1364.00 884.00
1256.00 898.00
1726.00 919.00
1664.00 924.00
98.00 928.00
535.00 928.00
800.00 933.00
683.00 955.00
96.00 971.00
803.00 974.00
177.00 989.00
889.00 994.00
614.00 998.00
1093.00 1041.00
1165.00 1057.00
679.00 1066.00
613.00 1067.00
1340.00 1094.00
806.00 1095.00
713.00 1130.00
1275.00 1132.00
1997.00 1142.00
1324.00 1150.00
1037.00 1212.00
1118.00 1220.00
2001.00 1237.00
1029.00 1255.00
1465.00 1265.00
2006.00 1287.00
1332.00 1382.00
820.00 1436.00
1553.00 1476.00
617.00 1496.00
733.00 1537.00
803.00 1550.00
659.00 1639.00
1685.00 1863.00
760.00 1936.00
803.00 2080.00
799.00 2178.00
797.00 2273.00
1809.00 2750.00
