1831.00 163.00
1145.00 532.00
1649.00 615.00
1121.00 619.00
1911.00 621.00
977.00 697.00
1038.00 699.00
1090.00 710.00
1139.00 722.00
1073.00 763.00
1003.00 768.00
1243.00 804.00
950.00 842.00
1607.00 844.00
2151.00 888.00
1939.00 901.00
1613.00 907.00
2126.00 932.00
2068.00 963.00
2128.00 982.00
842.00 990.00
1571.00 991.00
2053.00 1017.00
1446.00 1058.00
956.00 1092.00
1794.00 1096.00
1625.00 1097.00
1958.00 1102.00
1323.00 1132.00
2053.00 1169.00
1134.00 1190.00
1264.00 1216.00
1449.00 1220.00
1632.00 1232.00
1587.00 1239.00
1974.00 1264.00
1367.00 1290.00
1257.00 1294.00
1313.00 1324.00
1214.00 1329.00
1641.00 1363.00
1464.00 1366.00
1499.00 1416.00
1606.00 1478.00
1651.00 1503.00
1821.00 1548.00
2001.00 1570.00
2007.00 1621.00
954.00 2024.00
1550.00 2683.00
