1623.00 104.00
1058.00 190.00
1683.00 209.00
1771.00 232.00
1055.00 285.00
1248.00 348.00
1143.00 353.00
1870.00 423.00
1104.00 435.00
778.00 455.00
1045.00 467.00
1245.00 473.00
1901.00 480.00
1524.00 520.00
1417.00 531.00
1934.00 540.00
1248.00 544.00
1523.00 570.00
402.00 594.00
549.00 599.00
1048.00 607.00
1974.00 618.00
1922.00 622.00
1620.00 623.00
1342.00 631.00
1665.00 642.00
510.00 654.00
1463.00 666.00
1387.00 675.00
1522.00 679.00
1140.00 680.00
881.00 682.00
922.00 694.00
732.00 695.00
502.00 719.00
908.00 742.00
1228.00 744.00
1648.00 757.00
1154.00 763.00
1006.00 765.00
2054.00 768.00
2078.00 809.00
1804.00 814.00
2024.00 814.00
1288.00 820.00
539.00 828.00
1650.00 832.00
468.00 847.00
1076.00 853.00
2103.00 860.00
1466.00 869.00
532.00 877.00
1652.00 888.00
868.00 915.00
1362.00 919.00
1467.00 921.00
764.00 924.00
529.00 944.00
1235.00 948.00
1179.00 955.00
1654.00 960.00
1931.00 972.00
1466.00 975.00
866.00 976.00
527.00 985.00
1002.00 988.00
1389.00 990.00
638.00 991.00
2133.00 995.00
1824.00 1019.00
1975.00 1027.00
1000.00 1036.00
527.00 1039.00
2143.00 1039.00
1904.00 1040.00
722.00 1047.00
486.00 1055.00
1318.00 1072.00
1528.00 1077.00
563.00 1084.00
1900.00 1086.00
1658.00 1089.00
1717.00 1093.00
1590.00 1103.00
1080.00 1116.00
658.00 1120.00
1538.00 1123.00
2052.00 1123.00
1467.00 1128.00
1882.00 1135.00
480.00 1138.00
995.00 1144.00
1345.00 1145.00
1178.00 1146.00
1769.00 1159.00
588.00 1163.00
672.00 1167.00
1078.00 1169.00
720.00 1172.00
2075.00 1174.00
778.00 1179.00
1279.00 1179.00
1969.00 1184.00
1706.00 1189.00
1186.00 1191.00
1660.00 1193.00
1528.00 1194.00
1234.00 1196.00
1320.00 1211.00
1585.00 1216.00
1967.00 1227.00
2126.00 1235.00
815.00 1241.00
918.00 1244.00
2079.00 1256.00
1660.00 1260.00
1248.00 1262.00
646.00 1266.00
1537.00 1270.00
696.00 1271.00
1388.00 1283.00
1710.00 1286.00
1786.00 1286.00
1988.00 1288.00
817.00 1292.00
995.00 1293.00
2130.00 1294.00
1602.00 1298.00
1301.00 1304.00
2082.00 1304.00
1468.00 1319.00
1662.00 1319.00
1726.00 1327.00
671.00 1335.00
630.00 1336.00
1770.00 1336.00
1596.00 1346.00
864.00 1347.00
394.00 1357.00
1991.00 1357.00
1067.00 1370.00
1322.00 1373.00
1265.00 1382.00
993.00 1384.00
1137.00 1384.00
1468.00 1385.00
2113.00 1386.00
1651.00 1398.00
828.00 1403.00
1548.00 1408.00
2036.00 1411.00
1341.00 1418.00
514.00 1427.00
1129.00 1434.00
991.00 1442.00
1289.00 1442.00
1596.00 1442.00
1390.00 1446.00
1665.00 1446.00
770.00 1449.00
624.00 1457.00
1733.00 1462.00
1540.00 1466.00
1125.00 1476.00
1195.00 1476.00
1825.00 1491.00
1236.00 1492.00
1597.00 1492.00
558.00 1498.00
2072.00 1504.00
615.00 1513.00
1333.00 1520.00
681.00 1528.00
1720.00 1537.00
1561.00 1542.00
1390.00 1547.00
1470.00 1554.00
1235.00 1556.00
195.00 1565.00
878.00 1592.00
2013.00 1592.00
2137.00 1600.00
1693.00 1601.00
1363.00 1612.00
1608.00 1627.00
1957.00 1636.00
1193.00 1637.00
1740.00 1642.00
1628.00 1677.00
1194.00 1680.00
390.00 1700.00
1544.00 1718.00
1724.00 1734.00
404.00 1763.00
1922.00 1765.00
1557.00 1769.00
1204.00 1777.00
1970.00 1779.00
1467.00 1780.00
1776.00 1786.00
744.00 1787.00
965.00 1796.00
1392.00 1803.00
1346.00 1810.00
2034.00 1831.00
1969.00 1843.00
1802.00 1845.00
991.00 1868.00
741.00 1870.00
2061.00 1876.00
1568.00 1891.00
1730.00 1892.00
1550.00 1941.00
1680.00 1947.00
1972.00 1955.00
1872.00 1966.00
1923.00 1966.00
1682.00 2000.00
1550.00 2003.00
1609.00 2007.00
1608.00 2050.00
1794.00 2079.00
1856.00 2100.00
1621.00 2104.00
1987.00 2121.00
1945.00 2130.00
1641.00 2159.00
2050.00 2161.00
1875.00 2166.00
1787.00 2167.00
1687.00 2173.00
958.00 2239.00
1554.00 2239.00
1416.00 2290.00
1326.00 2321.00
2007.00 2357.00
1083.00 2361.00
1560.00 2404.00
1700.00 2417.00
740.00 2427.00
1342.00 2440.00
969.00 2467.00
1269.00 2471.00
2106.00 2493.00
723.00 2536.00
2045.00 2566.00
1699.00 2605.00
1953.00 2615.00
1632.00 2658.00
2064.00 2680.00
1976.00 2803.00
