1387.00 287.00
1805.00 401.00
621.00 430.00
692.00 454.00
1900.00 460.00
1508.00 466.00
1388.00 495.00
765.00 511.00
1838.00 519.00
569.00 567.00
1252.00 582.00
1967.00 620.00
1511.00 647.00
1390.00 677.00
1408.00 718.00
1962.00 733.00
2018.00 740.00
1448.00 760.00
1974.00 798.00
1682.00 815.00
1168.00 834.00
1284.00 858.00
384.00 868.00
2075.00 872.00
1808.00 891.00
1573.00 893.00
1391.00 901.00
769.00 904.00
1615.00 919.00
850.00 931.00
1065.00 936.00
2059.00 940.00
1438.00 941.00
2110.00 953.00
1516.00 983.00
1207.00 984.00
2069.00 991.00
1909.00 1000.00
1330.00 1015.00
1440.00 1017.00
1714.00 1027.00
1866.00 1033.00
2084.00 1040.00
1811.00 1042.00
847.00 1047.00
508.00 1069.00
781.00 1076.00
985.00 1082.00
1892.00 1086.00
1716.00 1096.00
1555.00 1114.00
1792.00 1122.00
1849.00 1134.00
1894.00 1139.00
1303.00 1148.00
1419.00 1152.00
2046.00 1177.00
763.00 1214.00
1182.00 1215.00
1117.00 1216.00
1751.00 1218.00
1419.00 1219.00
971.00 1221.00
1633.00 1223.00
1062.00 1224.00
804.00 1230.00
1818.00 1243.00
1418.00 1260.00
1663.00 1272.00
1721.00 1288.00
1281.00 1291.00
1001.00 1305.00
1978.00 1305.00
1419.00 1313.00
1521.00 1313.00
1234.00 1315.00
1333.00 1316.00
1097.00 1339.00
1921.00 1344.00
800.00 1353.00
1040.00 1354.00
1391.00 1355.00
1865.00 1374.00
1148.00 1375.00
945.00 1379.00
989.00 1392.00
432.00 1396.00
728.00 1397.00
1345.00 1404.00
1087.00 1405.00
1295.00 1412.00
1030.00 1422.00
1421.00 1423.00
1197.00 1424.00
911.00 1425.00
784.00 1432.00
1868.00 1436.00
1698.00 1437.00
727.00 1440.00
1604.00 1447.00
1360.00 1451.00
1261.00 1460.00
862.00 1472.00
1724.00 1494.00
1104.00 1495.00
1326.00 1495.00
1851.00 1499.00
932.00 1507.00
647.00 1512.00
1203.00 1520.00
998.00 1522.00
2068.00 1530.00
1254.00 1533.00
872.00 1534.00
1758.00 1542.00
1827.00 1548.00
1436.00 1558.00
1459.00 1600.00
1139.00 1603.00
964.00 1609.00
1188.00 1628.00
1880.00 1632.00
1370.00 1647.00
1755.00 1660.00
1315.00 1680.00
718.00 1681.00
867.00 1695.00
1204.00 1695.00
1268.00 1704.00
1005.00 1708.00
1885.00 1709.00
1093.00 1716.00
1317.00 1725.00
1241.00 1747.00
1439.00 1754.00
925.00 1760.00
1110.00 1771.00
1196.00 1776.00
1291.00 1783.00
1241.00 1811.00
1470.00 1813.00
1119.00 1824.00
1398.00 1846.00
1676.00 1850.00
1248.00 1860.00
1767.00 1887.00
1397.00 1891.00
1752.00 1934.00
1030.00 1937.00
1126.00 1949.00
1232.00 1959.00
1563.00 1973.00
1487.00 1975.00
1234.00 2010.00
1049.00 2014.00
1936.00 2020.00
1562.00 2025.00
1193.00 2032.00
1398.00 2036.00
1345.00 2044.00
1049.00 2072.00
1621.00 2077.00
1563.00 2080.00
1282.00 2086.00
1400.00 2110.00
1898.00 2116.00
1825.00 2146.00
1935.00 2175.00
1356.00 2181.00
1759.00 2195.00
1400.00 2199.00
1817.00 2204.00
1678.00 2209.00
809.00 2222.00
1567.00 2258.00
1403.00 2269.00
1328.00 2300.00
1453.00 2309.00
1175.00 2325.00
884.00 2360.00
