42.00 628.00
50.00 686.00
687.00 702.00
1646.00 769.00
716.00 924.00
1636.00 937.00
1158.00 955.00
904.00 981.00
1416.00 986.00
575.00 1025.00
518.00 1030.00
1108.00 1046.00
244.00 1053.00
1620.00 1058.00
56.00 1062.00
1567.00 1063.00
650.00 1076.00
1471.00 1078.00
1144.00 1087.00
1195.00 1091.00
1920.00 1098.00
521.00 1142.00
386.00 1149.00
198.00 1161.00
923.00 1182.00
1670.00 1222.00
522.00 1230.00
964.00 1288.00
1073.00 1304.00
1942.00 1368.00
1012.00 1371.00
517.00 1383.00
1644.00 1483.00
1131.00 1500.00
841.00 1503.00
1686.00 1507.00
1424.00 1527.00
1784.00 1548.00
1702.00 1776.00
1979.00 1880.00
1969.00 2020.00
624.00 2054.00
557.00 2118.00
1253.00 2139.00
1692.00 2168.00
