760.00 394.00
620.00 539.00
731.00 641.00
1050.00 647.00
1130.00 647.00
1505.00 677.00
1088.00 691.00
1155.00 729.00
1022.00 758.00
1356.00 782.00
1141.00 795.00
232.00 806.00
29.00 822.00
727.00 911.00
187.00 925.00
1127.00 1001.00
69.00 1004.00
368.00 1009.00
1078.00 1018.00
913.00 1021.00
959.00 1023.00
680.00 1024.00
1019.00 1027.00
217.00 1031.00
732.00 1049.00
23.00 1059.00
1453.00 1074.00
827.00 1080.00
1317.00 1094.00
291.00 1110.00
381.00 1114.00
718.00 1121.00
937.00 1121.00
590.00 1125.00
873.00 1169.00
1455.00 1195.00
1572.00 1198.00
375.00 1204.00
946.00 1222.00
739.00 1228.00
502.00 1229.00
1122.00 1229.00
85.00 1231.00
1073.00 1232.00
844.00 1237.00
372.00 1245.00
427.00 1246.00
579.00 1246.00
156.00 1261.00
209.00 1273.00
732.00 1285.00
565.00 1288.00
287.00 1293.00
191.00 1314.00
874.00 1319.00
915.00 1320.00
79.00 1323.00
532.00 1331.00
1025.00 1331.00
1315.00 1353.00
149.00 1359.00
1641.00 1375.00
102.00 1381.00
448.00 1382.00
893.00 1383.00
958.00 1401.00
812.00 1402.00
222.00 1403.00
697.00 1415.00
872.00 1434.00
913.00 1436.00
445.00 1447.00
764.00 1453.00
979.00 1481.00
847.00 1489.00
195.00 1507.00
588.00 1507.00
358.00 1508.00
414.00 1508.00
483.00 1533.00
330.00 1555.00
277.00 1560.00
598.00 1561.00
844.00 1564.00
389.00 1587.00
927.00 1589.00
723.00 1591.00
682.00 1598.00
779.00 1606.00
991.00 1610.00
639.00 1628.00
325.00 1629.00
268.00 1644.00
382.00 1656.00
766.00 1657.00
967.00 1667.00
696.00 1668.00
554.00 1719.00
652.00 1719.00
909.00 1719.00
360.00 1721.00
697.00 1739.00
855.00 1745.00
373.00 1779.00
532.00 1783.00
649.00 1809.00
173.00 1811.00
468.00 1851.00
630.00 1853.00
309.00 1862.00
485.00 1896.00
601.00 1902.00
393.00 1911.00
279.00 1917.00
235.00 1920.00
57.00 1948.00
112.00 1950.00
350.00 1987.00
252.00 1991.00
417.00 1995.00
524.00 2027.00
460.00 2029.00
61.00 2042.00
331.00 2057.00
74.00 2104.00
8.00 2105.00
307.00 2108.00
148.00 2136.00
1643.00 2140.00
8.00 2148.00
350.00 2149.00
202.00 2172.00
1627.00 2244.00
320.00 2251.00
19.00 2314.00
1791.00 2406.00
