1648.00 266.00
847.00 363.00
1289.00 393.00
1840.00 404.00
1179.00 440.00
1238.00 442.00
1447.00 447.00
1945.00 471.00
457.00 506.00
1753.00 520.00
775.00 532.00
1874.00 541.00
1915.00 583.00
1095.00 593.00
1687.00 595.00
1051.00 608.00
435.00 620.00
773.00 624.00
1620.00 627.00
992.00 641.00
1690.00 646.00
1062.00 664.00
1122.00 666.00
772.00 674.00
1742.00 678.00
335.00 716.00
772.00 719.00
1357.00 728.00
1447.00 731.00
1595.00 742.00
651.00 763.00
764.00 766.00
539.00 808.00
770.00 822.00
1280.00 824.00
1548.00 828.00
1357.00 843.00
937.00 859.00
453.00 862.00
1467.00 871.00
719.00 872.00
1303.00 874.00
872.00 875.00
539.00 880.00
2147.00 894.00
675.00 912.00
726.00 913.00
360.00 919.00
1350.00 919.00
539.00 928.00
1400.00 940.00
743.00 985.00
701.00 988.00
1093.00 991.00
1298.00 991.00
464.00 993.00
652.00 993.00
1017.00 994.00
1411.00 995.00
1141.00 1002.00
604.00 1009.00
1972.00 1014.00
911.00 1023.00
1261.00 1033.00
1042.00 1035.00
1302.00 1036.00
1438.00 1040.00
1982.00 1055.00
655.00 1058.00
499.00 1071.00
881.00 1084.00
949.00 1086.00
999.00 1090.00
1650.00 1090.00
1223.00 1091.00
1336.00 1099.00
579.00 1104.00
1408.00 1114.00
1087.00 1125.00
1691.00 1128.00
2063.00 1132.00
1088.00 1166.00
1960.00 1170.00
377.00 1179.00
1399.00 1184.00
2047.00 1184.00
2117.00 1184.00
1157.00 1188.00
1751.00 1195.00
1532.00 1197.00
1483.00 1200.00
1852.00 1213.00
2123.00 1225.00
2015.00 1228.00
1409.00 1231.00
357.00 1264.00
1019.00 1266.00
1624.00 1270.00
1239.00 1281.00
1417.00 1293.00
1689.00 1304.00
1290.00 1308.00
1527.00 1342.00
1192.00 1355.00
2099.00 1356.00
1463.00 1361.00
1145.00 1364.00
1241.00 1364.00
353.00 1382.00
1872.00 1388.00
424.00 1409.00
1284.00 1411.00
604.00 1416.00
800.00 1419.00
493.00 1426.00
551.00 1457.00
439.00 1474.00
489.00 1479.00
1589.00 1492.00
1535.00 1530.00
513.00 1538.00
1627.00 1546.00
1009.00 1579.00
1744.00 1581.00
635.00 1605.00
1266.00 1612.00
1156.00 1619.00
1037.00 1626.00
891.00 1633.00
1768.00 1648.00
1095.00 1649.00
1681.00 1649.00
1186.00 1736.00
1355.00 1895.00
551.00 1901.00
610.00 1921.00
1573.00 1957.00
1763.00 2015.00
1720.00 2170.00
700.00 2218.00
1776.00 2240.00
383.00 2284.00
1101.00 2290.00
1442.00 2296.00
1396.00 2305.00
699.00 2307.00
439.00 2316.00
548.00 2331.00
1597.00 2358.00
905.00 2368.00
855.00 2375.00
1668.00 2427.00
1482.00 2447.00
1031.00 2448.00
1583.00 2479.00
424.00 2501.00
1165.00 2505.00
1458.00 2534.00
1257.00 2545.00
1701.00 2551.00
1340.00 2554.00
1503.00 2555.00
1157.00 2565.00
876.00 2581.00
939.00 2603.00
