727.00 389.00
384.00 430.00
698.00 449.00
1460.00 510.00
1325.00 553.00
1257.00 574.00
1831.00 644.00
1435.00 651.00
830.00 654.00
1392.00 655.00
871.00 657.00
925.00 751.00
654.00 752.00
863.00 752.00
486.00 781.00
1291.00 781.00
979.00 792.00
1239.00 796.00
1787.00 805.00
1189.00 806.00
928.00 807.00
980.00 844.00
859.00 847.00
926.00 849.00
276.00 871.00
32.00 914.00
1442.00 920.00
620.00 922.00
1574.00 945.00
1532.00 954.00
805.00 957.00
983.00 972.00
28.00 973.00
70.00 976.00
1223.00 977.00
1413.00 980.00
585.00 990.00
1367.00 991.00
1525.00 999.00
413.00 1010.00
147.00 1015.00
983.00 1015.00
1382.00 1035.00
322.00 1043.00
25.00 1044.00
1536.00 1044.00
188.00 1046.00
551.00 1049.00
1578.00 1058.00
984.00 1076.00
616.00 1077.00
321.00 1085.00
930.00 1087.00
1116.00 1087.00
567.00 1096.00
1588.00 1099.00
1052.00 1104.00
19.00 1125.00
319.00 1126.00
69.00 1139.00
771.00 1140.00
1565.00 1150.00
615.00 1152.00
1823.00 1153.00
130.00 1157.00
542.00 1166.00
730.00 1166.00
1388.00 1182.00
1169.00 1206.00
524.00 1208.00
1055.00 1238.00
187.00 1241.00
1423.00 1244.00
1007.00 1246.00
1822.00 1247.00
306.00 1251.00
55.00 1268.00
1110.00 1275.00
8.00 1281.00
1618.00 1295.00
1425.00 1296.00
846.00 1309.00
537.00 1324.00
63.00 1325.00
1759.00 1330.00
1811.00 1340.00
649.00 1345.00
302.00 1363.00
420.00 1375.00
562.00 1376.00
125.00 1392.00
1783.00 1394.00
1738.00 1398.00
1092.00 1399.00
926.00 1404.00
268.00 1405.00
1833.00 1408.00
622.00 1418.00
1339.00 1429.00
1597.00 1440.00
1411.00 1445.00
304.00 1449.00
1794.00 1450.00
1227.00 1451.00
114.00 1459.00
50.00 1461.00
713.00 1463.00
1186.00 1482.00
581.00 1520.00
1797.00 1521.00
367.00 1530.00
72.00 1532.00
702.00 1532.00
461.00 1540.00
123.00 1544.00
1088.00 1553.00
1746.00 1556.00
632.00 1557.00
887.00 1562.00
1612.00 1565.00
583.00 1570.00
389.00 1582.00
435.00 1584.00
1249.00 1585.00
1032.00 1596.00
1683.00 1597.00
1816.00 1600.00
1517.00 1605.00
589.00 1613.00
131.00 1620.00
836.00 1621.00
1640.00 1630.00
9.00 1632.00
1166.00 1660.00
1348.00 1673.00
1513.00 1679.00
1014.00 1711.00
1339.00 1733.00
901.00 1734.00
1696.00 1758.00
1518.00 1801.00
1007.00 1810.00
1340.00 1821.00
1055.00 1825.00
1566.00 1829.00
1628.00 1829.00
13.00 1844.00
1522.00 1846.00
1412.00 1887.00
1023.00 1889.00
1697.00 1914.00
637.00 2122.00
28.00 2555.00
