1661.00 813.00
1562.00 885.00
717.00 956.00
1360.00 968.00
1493.00 973.00
510.00 1000.00
845.00 1048.00
533.00 1060.00
1098.00 1074.00
1226.00 1079.00
1436.00 1087.00
1039.00 1119.00
695.00 1131.00
1259.00 1132.00
1310.00 1138.00
349.00 1143.00
1593.00 1148.00
829.00 1149.00
782.00 1150.00
573.00 1169.00
712.00 1177.00
870.00 1177.00
1228.00 1199.00
764.00 1202.00
1391.00 1209.00
1466.00 1210.00
490.00 1217.00
843.00 1219.00
906.00 1221.00
951.00 1223.00
716.00 1227.00
1145.00 1230.00
1016.00 1257.00
1466.00 1265.00
487.00 1271.00
846.00 1287.00
931.00 1296.00
1002.00 1299.00
1092.00 1331.00
776.00 1336.00
979.00 1346.00
827.00 1347.00
1263.00 1350.00
1323.00 1351.00
658.00 1353.00
580.00 1354.00
439.00 1359.00
715.00 1368.00
513.00 1370.00
1140.00 1389.00
619.00 1395.00
670.00 1396.00
1322.00 1396.00
937.00 1400.00
978.00 1401.00
1055.00 1401.00
1418.00 1402.00
283.00 1408.00
204.00 1413.00
865.00 1428.00
1188.00 1435.00
509.00 1449.00
1422.00 1449.00
648.00 1451.00
691.00 1452.00
605.00 1453.00
1026.00 1456.00
812.00 1477.00
898.00 1478.00
943.00 1484.00
1074.00 1487.00
1135.00 1487.00
704.00 1497.00
1256.00 1521.00
509.00 1532.00
985.00 1533.00
903.00 1534.00
1065.00 1546.00
1150.00 1550.00
1207.00 1556.00
845.00 1557.00
410.00 1573.00
614.00 1575.00
568.00 1595.00
917.00 1597.00
1150.00 1599.00
756.00 1607.00
701.00 1608.00
856.00 1614.00
1034.00 1623.00
1084.00 1623.00
1505.00 1643.00
524.00 1647.00
610.00 1648.00
781.00 1650.00
1136.00 1651.00
848.00 1657.00
705.00 1661.00
994.00 1669.00
918.00 1674.00
439.00 1681.00
381.00 1684.00
1392.00 1687.00
1545.00 1695.00
1096.00 1699.00
809.00 1710.00
924.00 1718.00
995.00 1727.00
739.00 1738.00
630.00 1740.00
581.00 1751.00
820.00 1751.00
681.00 1753.00
1278.00 1753.00
433.00 1754.00
519.00 1756.00
865.00 1761.00
924.00 1761.00
976.00 1773.00
1433.00 1777.00
766.00 1788.00
1058.00 1793.00
723.00 1797.00
682.00 1809.00
1536.00 1809.00
807.00 1811.00
1186.00 1811.00
867.00 1813.00
991.00 1816.00
1061.00 1846.00
1261.00 1848.00
1011.00 1863.00
893.00 1866.00
832.00 1890.00
779.00 1895.00
704.00 1899.00
1069.00 1899.00
999.00 1919.00
879.00 1925.00
823.00 1947.00
772.00 1981.00
615.00 1991.00
1327.00 1994.00
1088.00 2012.00
689.00 2017.00
758.00 2025.00
992.00 2029.00
1478.00 2039.00
1367.00 2043.00
1417.00 2060.00
836.00 2063.00
1246.00 2079.00
888.00 2087.00
1363.00 2088.00
1151.00 2089.00
1049.00 2092.00
1426.00 2106.00
1495.00 2115.00
961.00 2122.00
823.00 2129.00
1094.00 2137.00
1014.00 2139.00
1360.00 2144.00
1237.00 2147.00
707.00 2178.00
1493.00 2190.00
851.00 2201.00
1104.00 2205.00
1008.00 2207.00
1189.00 2232.00
1608.00 2238.00
