1127.00 260.00
783.00 280.00
675.00 287.00
1511.00 303.00
679.00 340.00
523.00 377.00
1460.00 378.00
674.00 418.00
1118.00 433.00
1411.00 449.00
1274.00 456.00
615.00 496.00
1371.00 506.00
2081.00 506.00
1900.00 544.00
668.00 549.00
1331.00 562.00
663.00 602.00
1296.00 613.00
1909.00 624.00
1139.00 656.00
662.00 658.00
1263.00 660.00
1116.00 703.00
1232.00 703.00
657.00 750.00
560.00 759.00
614.00 774.00
1178.00 782.00
641.00 819.00
1134.00 823.00
1080.00 848.00
419.00 865.00
484.00 874.00
932.00 877.00
873.00 886.00
542.00 891.00
1079.00 901.00
594.00 936.00
449.00 943.00
1602.00 952.00
898.00 953.00
648.00 955.00
1327.00 992.00
929.00 1001.00
1157.00 1008.00
1139.00 1049.00
1631.00 1050.00
863.00 1052.00
909.00 1055.00
792.00 1065.00
584.00 1094.00
642.00 1097.00
531.00 1104.00
1045.00 1111.00
1689.00 1115.00
395.00 1116.00
758.00 1118.00
1166.00 1124.00
1089.00 1134.00
893.00 1136.00
1447.00 1146.00
1380.00 1148.00
602.00 1161.00
1215.00 1167.00
844.00 1169.00
946.00 1170.00
1704.00 1171.00
492.00 1173.00
444.00 1176.00
542.00 1182.00
701.00 1192.00
802.00 1200.00
1103.00 1215.00
1718.00 1215.00
1059.00 1219.00
891.00 1222.00
1275.00 1222.00
620.00 1228.00
735.00 1238.00
1536.00 1253.00
1474.00 1254.00
1316.00 1255.00
1061.00 1263.00
538.00 1269.00
2061.00 1293.00
963.00 1298.00
832.00 1308.00
1772.00 1315.00
1059.00 1316.00
1543.00 1328.00
1603.00 1328.00
404.00 1330.00
578.00 1359.00
1923.00 1365.00
2116.00 1365.00
1282.00 1378.00
643.00 1383.00
1335.00 1397.00
1462.00 1401.00
462.00 1403.00
1095.00 1409.00
913.00 1419.00
1991.00 1421.00
626.00 1424.00
1283.00 1442.00
1337.00 1442.00
1514.00 1445.00
1215.00 1469.00
959.00 1476.00
1581.00 1479.00
1418.00 1483.00
1530.00 1496.00
1283.00 1500.00
1338.00 1500.00
392.00 1508.00
1882.00 1508.00
715.00 1514.00
1761.00 1516.00
1948.00 1516.00
1404.00 1529.00
392.00 1550.00
862.00 1559.00
816.00 1560.00
1884.00 1572.00
450.00 1575.00
1805.00 1596.00
389.00 1601.00
490.00 1617.00
1747.00 1635.00
1827.00 1637.00
630.00 1638.00
499.00 1668.00
1815.00 1751.00
375.00 1908.00
498.00 2015.00
1228.00 2112.00
1464.00 2264.00
2008.00 2308.00
480.00 2335.00
2007.00 2350.00
1293.00 2416.00
2040.00 2508.00
2047.00 2670.00
512.00 2689.00
2050.00 2715.00
1719.00 2775.00
