1621.00 47.00
1652.00 124.00
1317.00 133.00
1229.00 189.00
1052.00 207.00
1375.00 210.00
1134.00 223.00
1411.00 258.00
117.00 273.00
1357.00 283.00
164.00 301.00
1993.00 309.00
1039.00 330.00
1237.00 334.00
1530.00 367.00
1992.00 367.00
164.00 370.00
1087.00 376.00
1869.00 415.00
1132.00 460.00
1173.00 496.00
1018.00 508.00
965.00 512.00
1416.00 526.00
1273.00 543.00
1111.00 584.00
1562.00 590.00
1827.00 614.00
1235.00 643.00
727.00 648.00
1648.00 668.00
1321.00 670.00
615.00 674.00
1133.00 679.00
400.00 693.00
1238.00 704.00
1057.00 707.00
125.00 709.00
1563.00 748.00
442.00 751.00
725.00 756.00
1240.00 756.00
1327.00 759.00
1058.00 763.00
640.00 786.00
1392.00 787.00
485.00 812.00
558.00 818.00
708.00 826.00
91.00 828.00
760.00 833.00
1042.00 834.00
830.00 838.00
514.00 897.00
176.00 900.00
1291.00 904.00
738.00 905.00
1249.00 922.00
1064.00 925.00
1870.00 926.00
512.00 946.00
384.00 976.00
123.00 984.00
1566.00 1000.00
1296.00 1001.00
1818.00 1004.00
1706.00 1010.00
259.00 1031.00
1408.00 1038.00
1576.00 1041.00
1742.00 1057.00
1692.00 1066.00
1474.00 1068.00
1255.00 1076.00
2068.00 1080.00
1948.00 1086.00
283.00 1099.00
1411.00 1110.00
2141.00 1112.00
1889.00 1116.00
1575.00 1122.00
1257.00 1123.00
1805.00 1133.00
1968.00 1140.00
1746.00 1145.00
1133.00 1152.00
1347.00 1154.00
1660.00 1184.00
1076.00 1219.00
1569.00 1240.00
767.00 1241.00
666.00 1246.00
1077.00 1272.00
513.00 1281.00
1118.00 1316.00
232.00 1317.00
769.00 1340.00
435.00 1359.00
2133.00 1365.00
260.00 1391.00
783.00 1401.00
1096.00 1403.00
154.00 1409.00
640.00 1452.00
1273.00 1457.00
1188.00 1477.00
257.00 1507.00
1146.00 1514.00
998.00 1515.00
1087.00 1524.00
267.00 1591.00
170.00 1596.00
764.00 1935.00
472.00 1961.00
418.00 2104.00
752.00 2160.00
497.00 2211.00
1496.00 2322.00
892.00 2341.00
781.00 2361.00
613.00 2501.00
1390.00 2639.00
747.00 2818.00
