1154.00 47.00
259.00 54.00
255.00 98.00
38.00 118.00
999.00 132.00
253.00 139.00
596.00 161.00
1040.00 173.00
34.00 206.00
1405.00 219.00
1102.00 235.00
248.00 246.00
115.00 253.00
1758.00 257.00
1360.00 287.00
991.00 294.00
1126.00 296.00
32.00 301.00
1607.00 320.00
1399.00 333.00
1538.00 341.00
288.00 354.00
713.00 355.00
1344.00 372.00
610.00 403.00
1591.00 408.00
1854.00 417.00
1247.00 453.00
289.00 482.00
1395.00 499.00
1263.00 501.00
608.00 504.00
1310.00 514.00
1351.00 521.00
835.00 525.00
1094.00 531.00
1688.00 531.00
340.00 552.00
1399.00 567.00
810.00 572.00
684.00 574.00
294.00 575.00
1638.00 605.00
16.00 608.00
356.00 608.00
1530.00 615.00
1414.00 618.00
1061.00 620.00
685.00 639.00
1478.00 644.00
452.00 650.00
1571.00 656.00
527.00 660.00
1088.00 661.00
96.00 670.00
1803.00 677.00
1646.00 691.00
1504.00 698.00
640.00 701.00
933.00 714.00
1557.00 718.00
1219.00 720.00
736.00 721.00
1649.00 735.00
1053.00 743.00
1319.00 792.00
1804.00 792.00
1763.00 796.00
1711.00 797.00
1549.00 832.00
687.00 835.00
304.00 836.00
1726.00 846.00
1940.00 849.00
1216.00 863.00
1165.00 864.00
1071.00 875.00
1785.00 875.00
355.00 876.00
1304.00 885.00
1715.00 888.00
1362.00 894.00
714.00 899.00
1469.00 920.00
1405.00 923.00
1142.00 925.00
607.00 932.00
1789.00 935.00
1519.00 956.00
425.00 957.00
559.00 958.00
1897.00 959.00
1473.00 968.00
177.00 986.00
320.00 988.00
1820.00 993.00
1990.00 1000.00
958.00 1009.00
383.00 1015.00
1919.00 1015.00
1281.00 1019.00
1579.00 1020.00
1475.00 1023.00
828.00 1034.00
309.00 1038.00
1727.00 1045.00
1114.00 1050.00
1057.00 1081.00
309.00 1090.00
1966.00 1091.00
1333.00 1095.00
375.00 1103.00
1854.00 1108.00
1694.00 1113.00
1157.00 1128.00
1962.00 1141.00
558.00 1142.00
1894.00 1153.00
1637.00 1158.00
1075.00 1160.00
1836.00 1163.00
143.00 1165.00
1473.00 1168.00
1335.00 1178.00
888.00 1190.00
733.00 1192.00
1187.00 1193.00
224.00 1204.00
988.00 1213.00
1980.00 1216.00
1262.00 1225.00
1317.00 1237.00
698.00 1241.00
1458.00 1241.00
315.00 1260.00
2016.00 1271.00
750.00 1278.00
1649.00 1278.00
1956.00 1296.00
76.00 1299.00
428.00 1300.00
689.00 1311.00
935.00 1312.00
1068.00 1312.00
1806.00 1312.00
1702.00 1318.00
924.00 1358.00
697.00 1368.00
1026.00 1383.00
136.00 1423.00
1132.00 1435.00
1724.00 1450.00
974.00 1455.00
2009.00 1458.00
1560.00 1472.00
715.00 1488.00
118.00 1492.00
399.00 1504.00
556.00 1517.00
656.00 1526.00
824.00 1539.00
322.00 1547.00
215.00 1548.00
127.00 1559.00
1782.00 1560.00
1423.00 1564.00
966.00 1575.00
1580.00 1580.00
1517.00 1584.00
418.00 1598.00
754.00 1613.00
1757.00 1618.00
1934.00 1628.00
1989.00 1637.00
1099.00 1640.00
444.00 1650.00
13.00 1678.00
229.00 1682.00
599.00 1708.00
1997.00 1719.00
233.00 1731.00
1865.00 1732.00
1234.00 1734.00
660.00 1746.00
455.00 1768.00
550.00 1815.00
982.00 1847.00
1867.00 1878.00
775.00 1886.00
1960.00 1910.00
791.00 1927.00
1938.00 1959.00
504.00 1984.00
1266.00 2027.00
1199.00 2039.00
1957.00 2048.00
1849.00 2049.00
1120.00 2074.00
873.00 2103.00
303.00 2108.00
496.00 2123.00
598.00 2126.00
547.00 2127.00
1962.00 2127.00
714.00 2135.00
820.00 2135.00
1197.00 2165.00
905.00 2180.00
1015.00 2191.00
74.00 2199.00
1596.00 2200.00
543.00 2312.00
1923.00 2371.00
1013.00 2389.00
1239.00 2481.00
1252.00 2543.00
815.00 2544.00
1872.00 2561.00
1149.00 2566.00
343.00 2609.00
289.00 2626.00
1493.00 2653.00
203.00 2663.00
275.00 2680.00
715.00 2686.00
1336.00 2687.00
343.00 2701.00
537.00 2755.00
593.00 2769.00
707.00 2803.00
1161.00 2848.00
500.00 2851.00
