1002.00 369.00
1733.00 426.00
1160.00 429.00
1740.00 530.00
1657.00 575.00
790.00 603.00
801.00 697.00
1617.00 697.00
1562.00 734.00
1624.00 756.00
818.00 759.00
544.00 800.00
903.00 808.00
722.00 852.00
1520.00 866.00
1748.00 904.00
920.00 905.00
768.00 916.00
1306.00 918.00
1514.00 964.00
760.00 979.00
1927.00 988.00
558.00 989.00
888.00 1014.00
1501.00 1015.00
471.00 1018.00
1637.00 1047.00
1499.00 1056.00
1917.00 1062.00
1072.00 1084.00
1140.00 1104.00
744.00 1106.00
1258.00 1108.00
1828.00 1132.00
1185.00 1136.00
1366.00 1137.00
1764.00 1143.00
349.00 1161.00
736.00 1167.00
2021.00 1171.00
779.00 1180.00
649.00 1187.00
286.00 1191.00
458.00 1218.00
856.00 1218.00
1507.00 1218.00
566.00 1241.00
443.00 1267.00
1328.00 1274.00
627.00 1277.00
710.00 1278.00
1872.00 1287.00
915.00 1291.00
1536.00 1291.00
1175.00 1304.00
112.00 1309.00
844.00 1312.00
773.00 1313.00
1007.00 1321.00
1242.00 1324.00
1333.00 1325.00
1855.00 1328.00
2038.00 1333.00
1283.00 1336.00
1968.00 1337.00
1654.00 1339.00
755.00 1355.00
796.00 1364.00
1177.00 1366.00
1446.00 1377.00
1688.00 1381.00
879.00 1402.00
1783.00 1405.00
1974.00 1405.00
1349.00 1406.00
2046.00 1411.00
163.00 1414.00
1002.00 1416.00
2051.00 1456.00
1082.00 1461.00
1025.00 1466.00
1504.00 1468.00
1408.00 1471.00
976.00 1473.00
1125.00 1476.00
1896.00 1484.00
1425.00 1516.00
627.00 1521.00
1317.00 1528.00
704.00 1536.00
1929.00 1536.00
1985.00 1543.00
1056.00 1558.00
575.00 1561.00
1108.00 1561.00
1702.00 1574.00
461.00 1576.00
1274.00 1597.00
611.00 1613.00
1181.00 1615.00
192.00 1621.00
707.00 1621.00
1096.00 1623.00
1024.00 1625.00
1232.00 1629.00
1469.00 1636.00
1717.00 1645.00
245.00 1652.00
1912.00 1659.00
938.00 1678.00
662.00 1697.00
1683.00 1706.00
1566.00 1710.00
1062.00 1712.00
1866.00 1714.00
1980.00 1719.00
2037.00 1749.00
1166.00 1764.00
1655.00 1768.00
1862.00 1778.00
1118.00 1784.00
1261.00 1788.00
1770.00 1802.00
1364.00 1841.00
1166.00 1851.00
1574.00 1866.00
1555.00 1921.00
1628.00 1955.00
1560.00 1974.00
1935.00 2005.00
1668.00 2011.00
1559.00 2049.00
998.00 2062.00
1494.00 2071.00
1282.00 2078.00
1684.00 2086.00
2149.00 2341.00
1481.00 2429.00
1318.00 2519.00
