72.00 26.00
1527.00 108.00
40.00 114.00
144.00 187.00
550.00 204.00
87.00 244.00
1464.00 278.00
173.00 410.00
1390.00 412.00
533.00 429.00
752.00 467.00
338.00 480.00
954.00 507.00
875.00 521.00
511.00 566.00
555.00 588.00
64.00 600.00
1249.00 645.00
980.00 673.00
685.00 678.00
1026.00 696.00
847.00 740.00
1137.00 760.00
61.00 761.00
1179.00 783.00
1281.00 785.00
954.00 795.00
1116.00 809.00
311.00 851.00
538.00 864.00
804.00 935.00
898.00 942.00
761.00 952.00
978.00 987.00
663.00 991.00
734.00 1000.00
707.00 1055.00
463.00 1070.00
147.00 1087.00
558.00 1100.00
636.00 1103.00
974.00 1114.00
720.00 1120.00
895.00 1146.00
70.00 1198.00
1055.00 1201.00
895.00 1204.00
1097.00 1216.00
951.00 1223.00
1148.00 1233.00
1189.00 1245.00
554.00 1249.00
894.00 1258.00
351.00 1260.00
1271.00 1273.00
673.00 1278.00
1110.00 1304.00
1352.00 1334.00
347.00 1336.00
1157.00 1343.00
1273.00 1349.00
1504.00 1350.00
284.00 1367.00
93.00 1368.00
1092.00 1382.00
1383.00 1382.00
1175.00 1384.00
1506.00 1399.00
1285.00 1412.00
281.00 1417.00
1089.00 1442.00
1142.00 1442.00
1185.00 1476.00
1425.00 1479.00
278.00 1482.00
1023.00 1491.00
351.00 1500.00
1268.00 1504.00
957.00 1520.00
1328.00 1525.00
1381.00 1539.00
1477.00 1557.00
84.00 1559.00
1431.00 1577.00
1073.00 1593.00
1279.00 1605.00
1032.00 1609.00
1480.00 1614.00
1392.00 1633.00
346.00 1667.00
972.00 1668.00
257.00 1672.00
1419.00 1685.00
69.00 1711.00
143.00 1714.00
1407.00 1745.00
1453.00 1748.00
312.00 1763.00
1188.00 1864.00
336.00 2135.00
397.00 2185.00
