273.00 130.00
1227.00 235.00
1269.00 259.00
1321.00 284.00
75.00 425.00
882.00 427.00
682.00 461.00
155.00 468.00
810.00 510.00
43.00 538.00
1305.00 578.00
106.00 609.00
470.00 650.00
328.00 677.00
807.00 688.00
429.00 690.00
384.00 692.00
1337.00 696.00
649.00 699.00
490.00 702.00
711.00 713.00
547.00 720.00
603.00 732.00
975.00 739.00
315.00 744.00
662.00 748.00
510.00 782.00
400.00 783.00
720.00 783.00
10.00 789.00
1019.00 805.00
1363.00 805.00
623.00 810.00
508.00 827.00
407.00 831.00
226.00 837.00
927.00 853.00
15.00 860.00
358.00 864.00
316.00 880.00
621.00 888.00
227.00 889.00
403.00 890.00
891.00 909.00
313.00 926.00
505.00 930.00
541.00 971.00
311.00 982.00
1169.00 994.00
209.00 1003.00
935.00 1026.00
702.00 1037.00
340.00 1046.00
296.00 1056.00
826.00 1066.00
438.00 1079.00
920.00 1089.00
213.00 1092.00
659.00 1094.00
151.00 1095.00
392.00 1111.00
1080.00 1111.00
302.00 1121.00
779.00 1127.00
851.00 1133.00
123.00 1138.00
714.00 1138.00
436.00 1141.00
900.00 1142.00
959.00 1153.00
368.00 1157.00
546.00 1163.00
1347.00 1165.00
208.00 1174.00
779.00 1175.00
1265.00 1176.00
829.00 1183.00
662.00 1185.00
892.00 1190.00
414.00 1194.00
79.00 1206.00
357.00 1219.00
288.00 1222.00
763.00 1223.00
705.00 1225.00
487.00 1231.00
138.00 1232.00
871.00 1243.00
179.00 1244.00
546.00 1257.00
814.00 1265.00
763.00 1269.00
431.00 1272.00
473.00 1278.00
294.00 1281.00
29.00 1282.00
1098.00 1289.00
201.00 1291.00
634.00 1299.00
882.00 1307.00
79.00 1320.00
943.00 1325.00
452.00 1339.00
581.00 1342.00
807.00 1342.00
1232.00 1344.00
515.00 1346.00
1125.00 1379.00
241.00 1389.00
136.00 1393.00
359.00 1394.00
196.00 1398.00
530.00 1400.00
788.00 1402.00
18.00 1409.00
74.00 1412.00
909.00 1414.00
1022.00 1420.00
1078.00 1426.00
222.00 1443.00
524.00 1447.00
301.00 1455.00
597.00 1455.00
181.00 1460.00
361.00 1461.00
655.00 1462.00
907.00 1478.00
44.00 1481.00
598.00 1496.00
1196.00 1498.00
640.00 1505.00
413.00 1520.00
779.00 1520.00
95.00 1522.00
710.00 1522.00
1254.00 1524.00
511.00 1525.00
136.00 1531.00
1108.00 1548.00
612.00 1549.00
663.00 1551.00
322.00 1566.00
511.00 1582.00
756.00 1593.00
183.00 1594.00
655.00 1605.00
1288.00 1622.00
545.00 1627.00
1143.00 1630.00
207.00 1654.00
569.00 1672.00
1245.00 1677.00
1198.00 1689.00
1148.00 1713.00
590.00 1715.00
748.00 1743.00
527.00 1755.00
920.00 1762.00
471.00 1806.00
1047.00 1821.00
558.00 1852.00
672.00 1859.00
906.00 1872.00
716.00 1878.00
1016.00 1883.00
512.00 1895.00
464.00 1909.00
1159.00 1933.00
778.00 1936.00
678.00 1955.00
559.00 1959.00
485.00 1960.00
254.00 1967.00
725.00 1968.00
1271.00 1968.00
934.00 1989.00
1121.00 1991.00
640.00 1999.00
461.00 2007.00
1294.00 2012.00
963.00 2033.00
1144.00 2036.00
832.00 2038.00
464.00 2049.00
599.00 2049.00
1004.00 2062.00
709.00 2076.00
813.00 2092.00
753.00 2094.00
604.00 2109.00
653.00 2135.00
156.00 2141.00
543.00 2160.00
10.00 2164.00
1236.00 2175.00
923.00 2207.00
655.00 2232.00
751.00 2239.00
133.00 2241.00
918.00 2248.00
550.00 2251.00
377.00 2264.00
96.00 2295.00
834.00 2300.00
1043.00 2370.00
1012.00 2425.00
44.00 2465.00
1059.00 2501.00
825.00 2519.00
509.00 2548.00
888.00 2556.00
612.00 2589.00
961.00 2594.00
112.00 2603.00
1023.00 2767.00
