1146.00 602.00
874.00 648.00
874.00 699.00
677.00 853.00
855.00 892.00
1155.00 907.00
274.00 960.00
1520.00 1010.00
698.00 1039.00
858.00 1076.00
809.00 1112.00
850.00 1119.00
759.00 1174.00
1868.00 1247.00
913.00 1283.00
2104.00 1321.00
838.00 1380.00
1806.00 1387.00
984.00 1391.00
833.00 1446.00
1541.00 1446.00
1000.00 1449.00
1606.00 1466.00
694.00 1469.00
927.00 1471.00
881.00 1486.00
631.00 1501.00
588.00 1516.00
1642.00 1518.00
1855.00 1530.00
905.00 1551.00
816.00 1566.00
1550.00 1593.00
629.00 1611.00
1255.00 1616.00
585.00 1622.00
910.00 1642.00
797.00 1648.00
860.00 1651.00
1611.00 1720.00
795.00 1804.00
858.00 1805.00
592.00 1822.00
1013.00 1939.00
886.00 1941.00
1011.00 2026.00
880.00 2197.00
1193.00 2203.00
1483.00 2271.00
1026.00 2282.00
1025.00 2323.00
886.00 2345.00
1271.00 2376.00
784.00 2482.00
997.00 2532.00
525.00 2551.00
880.00 2556.00
802.00 2603.00
1206.00 2628.00
998.00 2640.00
654.00 2643.00
1336.00 2671.00
958.00 2731.00
1302.00 2737.00
1205.00 2746.00
1500.00 2799.00
