1759.00 501.00
1682.00 508.00
1178.00 582.00
204.00 585.00
1135.00 588.00
1176.00 637.00
1430.00 650.00
1768.00 682.00
1161.00 698.00
1250.00 791.00
1187.00 792.00
688.00 812.00
1580.00 816.00
1672.00 819.00
630.00 821.00
1529.00 832.00
492.00 852.00
732.00 865.00
689.00 868.00
1786.00 870.00
620.00 874.00
1649.00 877.00
263.00 881.00
1834.00 884.00
2033.00 884.00
2129.00 890.00
1517.00 894.00
1875.00 905.00
2066.00 928.00
1310.00 942.00
1321.00 986.00
636.00 991.00
1685.00 1004.00
1539.00 1009.00
1199.00 1012.00
1594.00 1012.00
1414.00 1019.00
303.00 1020.00
177.00 1025.00
223.00 1034.00
1943.00 1036.00
1338.00 1039.00
1283.00 1042.00
1151.00 1043.00
2107.00 1065.00
1204.00 1066.00
1530.00 1078.00
1477.00 1087.00
1088.00 1108.00
1914.00 1108.00
1264.00 1111.00
1176.00 1112.00
2045.00 1115.00
1223.00 1121.00
1378.00 1123.00
2110.00 1124.00
1659.00 1125.00
1979.00 1129.00
1026.00 1130.00
1461.00 1132.00
363.00 1136.00
1841.00 1136.00
1587.00 1143.00
281.00 1153.00
1117.00 1153.00
550.00 1156.00
648.00 1166.00
1202.00 1178.00
1843.00 1182.00
835.00 1185.00
364.00 1203.00
322.00 1204.00
276.00 1206.00
548.00 1207.00
1554.00 1207.00
1498.00 1209.00
192.00 1210.00
150.00 1211.00
645.00 1216.00
741.00 1226.00
502.00 1231.00
833.00 1235.00
993.00 1236.00
1243.00 1244.00
1198.00 1246.00
1111.00 1265.00
643.00 1266.00
471.00 1275.00
1237.00 1312.00
360.00 1315.00
312.00 1316.00
496.00 1316.00
270.00 1318.00
182.00 1320.00
542.00 1320.00
641.00 1328.00
684.00 1331.00
737.00 1335.00
1153.00 1342.00
830.00 1343.00
1781.00 1351.00
1247.00 1359.00
639.00 1375.00
324.00 1379.00
263.00 1388.00
829.00 1400.00
920.00 1402.00
728.00 1405.00
567.00 1408.00
440.00 1414.00
1072.00 1444.00
863.00 1445.00
535.00 1449.00
260.00 1450.00
173.00 1456.00
804.00 1485.00
614.00 1489.00
462.00 1492.00
532.00 1505.00
327.00 1534.00
1293.00 1539.00
432.00 1541.00
631.00 1541.00
842.00 1542.00
1781.00 1547.00
1055.00 1557.00
724.00 1562.00
464.00 1582.00
384.00 1595.00
245.00 1596.00
287.00 1596.00
336.00 1596.00
561.00 1600.00
820.00 1610.00
864.00 1612.00
525.00 1643.00
649.00 1644.00
1304.00 1653.00
783.00 1654.00
889.00 1657.00
333.00 1661.00
449.00 1662.00
1249.00 1665.00
931.00 1672.00
1301.00 1697.00
392.00 1705.00
645.00 1712.00
328.00 1715.00
447.00 1716.00
519.00 1718.00
737.00 1722.00
816.00 1724.00
1799.00 1745.00
814.00 1777.00
515.00 1803.00
341.00 1811.00
654.00 1816.00
784.00 1820.00
698.00 1826.00
831.00 1841.00
511.00 1856.00
786.00 1861.00
617.00 1866.00
725.00 1868.00
878.00 1911.00
788.00 1913.00
507.00 1922.00
334.00 1926.00
385.00 1927.00
561.00 1956.00
792.00 1956.00
609.00 1957.00
693.00 1957.00
408.00 1968.00
834.00 1987.00
1005.00 1987.00
889.00 1997.00
790.00 1999.00
424.00 2020.00
470.00 2022.00
608.00 2027.00
1018.00 2040.00
502.00 2221.00
