555.00 168.00
1151.00 213.00
1195.00 241.00
594.00 286.00
913.00 325.00
598.00 369.00
989.00 444.00
1066.00 457.00
1600.00 474.00
1097.00 535.00
1715.00 542.00
491.00 543.00
756.00 576.00
1132.00 590.00
817.00 607.00
1314.00 617.00
1084.00 623.00
1372.00 632.00
1244.00 638.00
1003.00 641.00
1529.00 653.00
518.00 662.00
629.00 675.00
1275.00 688.00
1404.00 704.00
1736.00 709.00
942.00 713.00
1165.00 715.00
1057.00 724.00
1342.00 728.00
1119.00 732.00
1694.00 740.00
1412.00 745.00
1794.00 747.00
184.00 749.00
1749.00 757.00
1644.00 769.00
1170.00 779.00
1567.00 785.00
1216.00 789.00
1104.00 792.00
1355.00 813.00
1664.00 813.00
1608.00 818.00
730.00 822.00
1232.00 830.00
800.00 834.00
1476.00 837.00
1782.00 838.00
1082.00 845.00
853.00 847.00
1434.00 855.00
1718.00 858.00
1295.00 861.00
966.00 865.00
192.00 868.00
1029.00 868.00
366.00 871.00
1766.00 883.00
1814.00 898.00
1209.00 906.00
1031.00 909.00
947.00 916.00
1076.00 919.00
1119.00 925.00
1324.00 927.00
511.00 930.00
821.00 931.00
1394.00 935.00
1469.00 935.00
271.00 938.00
1740.00 951.00
448.00 953.00
207.00 959.00
1559.00 968.00
1062.00 974.00
1122.00 976.00
1167.00 978.00
380.00 982.00
869.00 991.00
1953.00 992.00
552.00 996.00
1833.00 998.00
1897.00 998.00
934.00 1002.00
1654.00 1002.00
1487.00 1009.00
472.00 1027.00
1992.00 1040.00
1304.00 1045.00
1028.00 1049.00
1469.00 1052.00
1157.00 1055.00
1209.00 1059.00
1757.00 1062.00
1684.00 1064.00
1798.00 1065.00
472.00 1072.00
1358.00 1081.00
1559.00 1084.00
770.00 1088.00
166.00 1100.00
376.00 1103.00
1908.00 1105.00
1867.00 1108.00
1970.00 1110.00
1619.00 1111.00
1696.00 1116.00
825.00 1124.00
993.00 1124.00
1754.00 1126.00
40.00 1127.00
1333.00 1127.00
876.00 1130.00
1395.00 1137.00
549.00 1142.00
1450.00 1144.00
1936.00 1160.00
825.00 1165.00
892.00 1172.00
975.00 1185.00
1381.00 1188.00
1641.00 1189.00
373.00 1191.00
1566.00 1209.00
839.00 1213.00
543.00 1216.00
1108.00 1219.00
1306.00 1232.00
447.00 1235.00
184.00 1246.00
349.00 1248.00
938.00 1249.00
1548.00 1250.00
1614.00 1252.00
1185.00 1256.00
1046.00 1260.00
547.00 1261.00
1096.00 1264.00
871.00 1284.00
1317.00 1284.00
1054.00 1305.00
1134.00 1313.00
1230.00 1322.00
1426.00 1324.00
44.00 1328.00
1186.00 1330.00
993.00 1339.00
900.00 1341.00
439.00 1372.00
1690.00 1384.00
946.00 1385.00
1243.00 1391.00
117.00 1392.00
16.00 1397.00
437.00 1419.00
1165.00 1420.00
769.00 1428.00
1407.00 1432.00
1831.00 1433.00
898.00 1443.00
975.00 1453.00
1308.00 1455.00
86.00 1456.00
1353.00 1462.00
659.00 1465.00
768.00 1472.00
1919.00 1476.00
1258.00 1480.00
1872.00 1488.00
578.00 1493.00
721.00 1496.00
1701.00 1502.00
1527.00 1515.00
630.00 1517.00
1616.00 1520.00
69.00 1531.00
434.00 1531.00
677.00 1531.00
1259.00 1534.00
584.00 1540.00
1463.00 1543.00
632.00 1564.00
1505.00 1573.00
1637.00 1581.00
1130.00 1586.00
194.00 1588.00
1420.00 1588.00
1242.00 1589.00
1763.00 1597.00
1071.00 1607.00
432.00 1611.00
625.00 1615.00
674.00 1620.00
935.00 1622.00
329.00 1623.00
1696.00 1626.00
997.00 1633.00
1386.00 1637.00
744.00 1638.00
1586.00 1641.00
579.00 1649.00
191.00 1650.00
665.00 1674.00
429.00 1675.00
496.00 1676.00
1213.00 1693.00
716.00 1705.00
1715.00 1708.00
173.00 1712.00
233.00 1733.00
615.00 1740.00
1401.00 1756.00
115.00 1805.00
1930.00 1833.00
167.00 1847.00
1359.00 1868.00
423.00 1874.00
767.00 1881.00
451.00 1924.00
1737.00 1968.00
1105.00 2022.00
487.00 2024.00
315.00 2096.00
550.00 2182.00
1057.00 2185.00
434.00 2218.00
855.00 2272.00
1443.00 2426.00
632.00 2502.00
1948.00 2585.00
1572.00 2683.00
2135.00 2733.00
