1855.00 468.00
1390.00 485.00
1755.00 493.00
1242.00 526.00
1760.00 561.00
1407.00 672.00
1256.00 755.00
1976.00 791.00
1241.00 806.00
769.00 808.00
634.00 828.00
1995.00 861.00
1360.00 866.00
1248.00 873.00
1134.00 875.00
531.00 879.00
1954.00 887.00
1133.00 923.00
1289.00 935.00
1239.00 945.00
1151.00 980.00
1014.00 981.00
1060.00 984.00
1480.00 1007.00
1409.00 1016.00
1290.00 1019.00
1243.00 1027.00
1940.00 1080.00
734.00 1111.00
824.00 1118.00
643.00 1122.00
1411.00 1141.00
523.00 1142.00
1480.00 1186.00
1285.00 1193.00
1134.00 1207.00
968.00 1224.00
1489.00 1240.00
445.00 1245.00
1982.00 1245.00
1297.00 1247.00
861.00 1251.00
1009.00 1252.00
1350.00 1260.00
2039.00 1260.00
1240.00 1294.00
1282.00 1300.00
856.00 1304.00
2048.00 1335.00
1281.00 1345.00
1611.00 1369.00
1676.00 1393.00
1519.00 1441.00
1087.00 1451.00
1351.00 1454.00
1889.00 1471.00
1828.00 1477.00
1415.00 1512.00
1983.00 1533.00
1908.00 1570.00
1389.00 1601.00
869.00 1603.00
1973.00 1621.00
2099.00 1624.00
1486.00 1707.00
1412.00 1721.00
1651.00 1729.00
1421.00 1765.00
1823.00 1776.00
1241.00 1868.00
1172.00 1931.00
1442.00 1949.00
1902.00 1950.00
2007.00 1956.00
1085.00 1966.00
1670.00 2020.00
1429.00 2031.00
1618.00 2099.00
1669.00 2099.00
1554.00 2168.00
1062.00 2176.00
1176.00 2190.00
889.00 2287.00
942.00 2314.00
1009.00 2335.00
