1330.00 50.00
1229.00 61.00
753.00 83.00
810.00 107.00
1864.00 112.00
1142.00 116.00
1867.00 186.00
1041.00 222.00
1544.00 228.00
1335.00 237.00
1785.00 237.00
694.00 267.00
1434.00 279.00
1683.00 286.00
1283.00 292.00
1629.00 298.00
1861.00 324.00
1233.00 355.00
1093.00 361.00
1892.00 368.00
991.00 428.00
1464.00 438.00
2058.00 439.00
1787.00 464.00
1885.00 464.00
2111.00 465.00
1011.00 496.00
1104.00 539.00
1270.00 564.00
396.00 600.00
1472.00 608.00
992.00 614.00
805.00 632.00
535.00 636.00
1569.00 640.00
1829.00 647.00
1238.00 661.00
1654.00 669.00
996.00 709.00
1159.00 730.00
1691.00 733.00
1085.00 737.00
1490.00 741.00
362.00 743.00
1892.00 750.00
948.00 788.00
1829.00 799.00
1181.00 803.00
1020.00 823.00
441.00 830.00
1274.00 845.00
1583.00 845.00
1668.00 871.00
991.00 874.00
1073.00 909.00
803.00 918.00
616.00 963.00
495.00 965.00
1429.00 965.00
1570.00 966.00
1088.00 971.00
536.00 973.00
1039.00 979.00
1641.00 983.00
1683.00 993.00
1788.00 1018.00
1058.00 1020.00
1010.00 1024.00
1588.00 1058.00
1316.00 1067.00
1117.00 1068.00
2108.00 1068.00
1923.00 1093.00
1438.00 1102.00
1799.00 1111.00
1508.00 1114.00
1695.00 1124.00
939.00 1145.00
1872.00 1148.00
1454.00 1161.00
1616.00 1174.00
547.00 1197.00
1758.00 1215.00
1391.00 1216.00
1586.00 1225.00
1667.00 1225.00
1878.00 1226.00
986.00 1262.00
1245.00 1266.00
1912.00 1267.00
1137.00 1270.00
1359.00 1283.00
769.00 1303.00
1302.00 1305.00
1592.00 1315.00
542.00 1322.00
1886.00 1327.00
1245.00 1329.00
1087.00 1334.00
1434.00 1344.00
489.00 1348.00
1948.00 1368.00
1389.00 1375.00
1495.00 1390.00
1079.00 1393.00
1809.00 1393.00
786.00 1414.00
1236.00 1428.00
1755.00 1428.00
594.00 1445.00
1035.00 1450.00
1397.00 1453.00
1520.00 1453.00
1562.00 1453.00
515.00 1461.00
792.00 1474.00
594.00 1489.00
736.00 1500.00
1622.00 1520.00
486.00 1529.00
1079.00 1530.00
985.00 1531.00
702.00 1546.00
1032.00 1555.00
591.00 1556.00
1381.00 1557.00
1723.00 1582.00
438.00 1594.00
526.00 1605.00
1654.00 1617.00
792.00 1628.00
2026.00 1632.00
885.00 1633.00
1139.00 1668.00
501.00 1672.00
1705.00 1673.00
1309.00 1677.00
1571.00 1680.00
1628.00 1682.00
696.00 1686.00
1250.00 1686.00
2085.00 1693.00
1057.00 1694.00
542.00 1720.00
1684.00 1734.00
1394.00 1736.00
1104.00 1739.00
1725.00 1759.00
1207.00 1764.00
716.00 1767.00
1322.00 1849.00
1187.00 1870.00
1206.00 1938.00
1813.00 1956.00
1273.00 1969.00
1590.00 1977.00
461.00 1986.00
1013.00 2041.00
1064.00 2053.00
1167.00 2059.00
1257.00 2072.00
1319.00 2080.00
1144.00 2111.00
454.00 2113.00
822.00 2113.00
587.00 2131.00
1214.00 2139.00
905.00 2155.00
343.00 2261.00
1356.00 2263.00
769.00 2264.00
837.00 2307.00
1164.00 2320.00
436.00 2330.00
486.00 2334.00
539.00 2369.00
1261.00 2391.00
1206.00 2438.00
1163.00 2443.00
908.00 2468.00
1127.00 2526.00
992.00 2539.00
