434.00 445.00
1909.00 461.00
1966.00 466.00
1362.00 535.00
385.00 583.00
1759.00 610.00
1734.00 651.00
1956.00 653.00
1514.00 659.00
409.00 662.00
1370.00 701.00
1467.00 701.00
1426.00 716.00
374.00 722.00
2004.00 730.00
1733.00 737.00
1371.00 753.00
1902.00 754.00
919.00 759.00
387.00 763.00
1006.00 841.00
1400.00 862.00
1261.00 864.00
1006.00 887.00
1247.00 908.00
1920.00 939.00
1000.00 945.00
1491.00 957.00
1115.00 959.00
1381.00 971.00
1873.00 995.00
1011.00 1001.00
1521.00 1002.00
1094.00 1008.00
1569.00 1024.00
1013.00 1053.00
1382.00 1057.00
1517.00 1065.00
358.00 1095.00
2052.00 1095.00
1013.00 1104.00
592.00 1121.00
1131.00 1126.00
846.00 1128.00
890.00 1132.00
640.00 1133.00
1385.00 1139.00
1287.00 1149.00
1341.00 1170.00
917.00 1177.00
1224.00 1185.00
1382.00 1210.00
1730.00 1219.00
1031.00 1220.00
379.00 1242.00
1238.00 1243.00
1989.00 1251.00
1903.00 1252.00
1383.00 1268.00
909.00 1280.00
977.00 1285.00
1097.00 1292.00
529.00 1296.00
1793.00 1303.00
1146.00 1306.00
1448.00 1316.00
1741.00 1317.00
2136.00 1320.00
1653.00 1325.00
461.00 1327.00
1386.00 1331.00
1611.00 1340.00
541.00 1343.00
1819.00 1348.00
1161.00 1350.00
1544.00 1363.00
1704.00 1366.00
1469.00 1375.00
759.00 1390.00
1601.00 1391.00
453.00 1393.00
1821.00 1397.00
958.00 1402.00
1416.00 1403.00
1363.00 1404.00
1646.00 1405.00
328.00 1421.00
1834.00 1442.00
1323.00 1461.00
657.00 1464.00
525.00 1465.00
826.00 1474.00
1050.00 1481.00
1210.00 1481.00
393.00 1487.00
716.00 1499.00
1166.00 1508.00
1474.00 1512.00
462.00 1525.00
1706.00 1528.00
1605.00 1535.00
335.00 1538.00
789.00 1540.00
831.00 1545.00
598.00 1547.00
1890.00 1549.00
1039.00 1555.00
1224.00 1557.00
1466.00 1563.00
443.00 1568.00
392.00 1569.00
567.00 1588.00
626.00 1592.00
1651.00 1606.00
2063.00 1606.00
1260.00 1611.00
2020.00 1613.00
1335.00 1634.00
450.00 1637.00
359.00 1658.00
542.00 1664.00
458.00 1687.00
787.00 1692.00
1049.00 1693.00
1103.00 1708.00
1220.00 1740.00
1172.00 1742.00
476.00 1746.00
408.00 1747.00
1427.00 1750.00
673.00 1751.00
1488.00 1765.00
326.00 1780.00
1704.00 1795.00
1372.00 1801.00
964.00 1802.00
1313.00 1822.00
1706.00 1838.00
1238.00 1841.00
1055.00 1853.00
1197.00 1853.00
1657.00 1853.00
536.00 1866.00
1435.00 1867.00
1144.00 1872.00
1387.00 1876.00
996.00 1892.00
1303.00 1893.00
1259.00 1898.00
506.00 1907.00
562.00 1907.00
265.00 1915.00
1117.00 1917.00
1659.00 1918.00
627.00 1926.00
716.00 1927.00
670.00 1936.00
1312.00 1944.00
1014.00 1948.00
544.00 1951.00
1057.00 1955.00
1605.00 1956.00
810.00 1958.00
1130.00 1959.00
445.00 1962.00
1190.00 1966.00
376.00 1967.00
611.00 1972.00
973.00 1975.00
1327.00 1988.00
1015.00 1996.00
1602.00 2012.00
1663.00 2012.00
1119.00 2019.00
1181.00 2019.00
1228.00 2019.00
1433.00 2032.00
485.00 2040.00
1525.00 2045.00
1058.00 2049.00
908.00 2065.00
574.00 2075.00
691.00 2078.00
1667.00 2096.00
1175.00 2099.00
1032.00 2100.00
776.00 2105.00
476.00 2109.00
1546.00 2110.00
1269.00 2116.00
921.00 2117.00
1416.00 2120.00
538.00 2130.00
1599.00 2135.00
1058.00 2143.00
1316.00 2144.00
821.00 2145.00
1667.00 2151.00
388.00 2152.00
1501.00 2161.00
694.00 2167.00
653.00 2169.00
873.00 2173.00
1061.00 2190.00
1670.00 2194.00
515.00 2198.00
474.00 2202.00
1116.00 2204.00
1201.00 2204.00
1528.00 2208.00
956.00 2212.00
580.00 2216.00
906.00 2216.00
1310.00 2217.00
1731.00 2224.00
772.00 2228.00
1355.00 2232.00
1022.00 2236.00
1645.00 2239.00
839.00 2252.00
1121.00 2256.00
1268.00 2258.00
908.00 2263.00
960.00 2272.00
1562.00 2274.00
1400.00 2290.00
738.00 2292.00
686.00 2297.00
615.00 2303.00
1264.00 2308.00
799.00 2327.00
609.00 2373.00
1679.00 2395.00
684.00 2398.00
1725.00 2408.00
1319.00 2417.00
1379.00 2432.00
1709.00 2472.00
1956.00 2484.00
1918.00 2553.00
1699.00 2569.00
