1000.00 415.00
1305.00 476.00
1484.00 481.00
1260.00 538.00
1226.00 584.00
1302.00 598.00
503.00 733.00
1014.00 784.00
345.00 798.00
1181.00 806.00
519.00 825.00
1443.00 834.00
960.00 848.00
739.00 870.00
693.00 882.00
1358.00 882.00
415.00 891.00
990.00 912.00
909.00 914.00
1232.00 980.00
1123.00 995.00
1604.00 1009.00
1733.00 1027.00
352.00 1075.00
1124.00 1101.00
337.00 1145.00
386.00 1150.00
1318.00 1151.00
1490.00 1163.00
839.00 1164.00
518.00 1186.00
2032.00 1200.00
1053.00 1207.00
1969.00 1226.00
1373.00 1228.00
520.00 1233.00
325.00 1234.00
581.00 1236.00
218.00 1274.00
266.00 1283.00
1831.00 1288.00
1542.00 1295.00
729.00 1308.00
820.00 1325.00
1808.00 1335.00
1214.00 1341.00
252.00 1369.00
296.00 1373.00
94.00 1385.00
1568.00 1415.00
1353.00 1441.00
1153.00 1445.00
1621.00 1461.00
2017.00 1474.00
1907.00 1535.00
1221.00 1579.00
257.00 1606.00
678.00 1613.00
304.00 1627.00
1086.00 1628.00
616.00 1643.00
1348.00 1690.00
987.00 1725.00
500.00 1742.00
722.00 1745.00
228.00 2035.00
1879.00 2131.00
