1320.00 15.00
1402.00 75.00
1565.00 153.00
1460.00 241.00
1994.00 242.00
1837.00 284.00
1651.00 322.00
1005.00 436.00
1117.00 513.00
1934.00 558.00
1674.00 578.00
1609.00 586.00
1246.00 594.00
1763.00 619.00
1518.00 624.00
1989.00 654.00
1119.00 685.00
2036.00 695.00
1623.00 733.00
153.00 736.00
2038.00 742.00
1546.00 754.00
1572.00 825.00
1935.00 904.00
1981.00 932.00
393.00 934.00
1603.00 936.00
1584.00 996.00
397.00 1005.00
511.00 1145.00
589.00 1182.00
103.00 1228.00
947.00 1863.00
516.00 1867.00
731.00 1912.00
688.00 1930.00
1358.00 2100.00
1393.00 2457.00
1391.00 2538.00
