859.00 244.00
1612.00 411.00
1658.00 481.00
665.00 554.00
1763.00 560.00
1380.00 563.00
881.00 579.00
542.00 581.00
739.00 585.00
621.00 591.00
1746.00 606.00
1702.00 617.00
454.00 619.00
692.00 620.00
1376.00 659.00
530.00 700.00
435.00 703.00
1327.00 710.00
857.00 713.00
646.00 739.00
758.00 759.00
1683.00 768.00
830.00 784.00
611.00 785.00
1070.00 785.00
1527.00 788.00
1469.00 796.00
1140.00 813.00
537.00 816.00
1382.00 820.00
679.00 821.00
1427.00 841.00
1236.00 853.00
467.00 866.00
1293.00 883.00
545.00 892.00
409.00 906.00
463.00 907.00
955.00 919.00
1432.00 923.00
1051.00 936.00
458.00 948.00
1500.00 951.00
1853.00 953.00
1279.00 962.00
1139.00 965.00
768.00 984.00
1662.00 990.00
1027.00 993.00
1462.00 1001.00
1405.00 1002.00
978.00 1015.00
1707.00 1019.00
1287.00 1025.00
928.00 1034.00
848.00 1043.00
395.00 1045.00
1477.00 1056.00
610.00 1057.00
732.00 1057.00
1145.00 1059.00
1186.00 1071.00
1711.00 1075.00
540.00 1083.00
934.00 1089.00
397.00 1095.00
1464.00 1099.00
751.00 1104.00
1870.00 1107.00
1166.00 1115.00
1383.00 1115.00
708.00 1118.00
2095.00 1126.00
2046.00 1128.00
698.00 1159.00
1352.00 1159.00
1920.00 1170.00
1393.00 1171.00
1299.00 1179.00
1703.00 1183.00
1101.00 1188.00
1485.00 1188.00
1047.00 1192.00
1878.00 1192.00
2106.00 1196.00
975.00 1198.00
452.00 1207.00
1650.00 1209.00
722.00 1227.00
1131.00 1233.00
2005.00 1235.00
1706.00 1241.00
1882.00 1244.00
786.00 1252.00
1066.00 1254.00
462.00 1264.00
645.00 1273.00
2007.00 1282.00
1727.00 1284.00
1010.00 1293.00
549.00 1294.00
1511.00 1301.00
1558.00 1301.00
714.00 1306.00
1092.00 1309.00
1135.00 1317.00
948.00 1321.00
1220.00 1323.00
433.00 1324.00
1176.00 1324.00
2147.00 1324.00
646.00 1329.00
539.00 1338.00
1988.00 1339.00
1017.00 1342.00
592.00 1347.00
1892.00 1347.00
1307.00 1348.00
1362.00 1357.00
1587.00 1362.00
1409.00 1368.00
1452.00 1368.00
693.00 1370.00
1494.00 1371.00
958.00 1385.00
2138.00 1385.00
1001.00 1396.00
1736.00 1403.00
746.00 1409.00
913.00 1412.00
1429.00 1417.00
1591.00 1417.00
1490.00 1425.00
1642.00 1431.00
613.00 1440.00
552.00 1441.00
1544.00 1448.00
1740.00 1452.00
745.00 1455.00
835.00 1464.00
1698.00 1471.00
1903.00 1478.00
1417.00 1490.00
1218.00 1493.00
1485.00 1493.00
1321.00 1506.00
824.00 1507.00
874.00 1509.00
1088.00 1517.00
1785.00 1521.00
1165.00 1524.00
1021.00 1528.00
1256.00 1543.00
436.00 1545.00
1380.00 1549.00
621.00 1552.00
1749.00 1563.00
682.00 1564.00
863.00 1564.00
1822.00 1566.00
798.00 1567.00
743.00 1568.00
1075.00 1590.00
1395.00 1593.00
1168.00 1595.00
1223.00 1597.00
1316.00 1603.00
2138.00 1604.00
1825.00 1627.00
1580.00 1629.00
1913.00 1909.00
2095.00 1916.00
745.00 1937.00
964.00 2525.00
