1547.00 240.00
1805.00 266.00
1406.00 285.00
1472.00 308.00
2129.00 320.00
359.00 328.00
1214.00 348.00
1972.00 364.00
1792.00 370.00
499.00 376.00
1893.00 386.00
1773.00 417.00
1157.00 464.00
807.00 482.00
1978.00 482.00
1516.00 484.00
1111.00 493.00
1454.00 495.00
2075.00 527.00
348.00 528.00
1181.00 573.00
1657.00 584.00
1716.00 613.00
1659.00 634.00
1808.00 635.00
1603.00 639.00
1852.00 646.00
1552.00 652.00
1498.00 663.00
25.00 670.00
2036.00 679.00
367.00 692.00
1979.00 696.00
519.00 700.00
285.00 710.00
1721.00 749.00
1299.00 760.00
1109.00 761.00
1574.00 777.00
764.00 848.00
1661.00 850.00
830.00 860.00
1830.00 957.00
1751.00 962.00
313.00 970.00
2050.00 974.00
1707.00 976.00
1628.00 988.00
1550.00 993.00
1856.00 1014.00
1273.00 1055.00
1886.00 1072.00
1080.00 1077.00
2028.00 1082.00
1955.00 1096.00
1771.00 1108.00
832.00 1115.00
898.00 1115.00
779.00 1122.00
1883.00 1140.00
1926.00 1149.00
1666.00 1164.00
1885.00 1186.00
1704.00 1214.00
1888.00 1269.00
296.00 1292.00
968.00 1292.00
1795.00 1303.00
1411.00 1318.00
744.00 1319.00
1360.00 1322.00
968.00 1343.00
806.00 1366.00
1892.00 1371.00
1022.00 1374.00
1411.00 1374.00
1223.00 1375.00
855.00 1381.00
966.00 1399.00
460.00 1404.00
792.00 1411.00
1412.00 1425.00
897.00 1428.00
853.00 1430.00
1034.00 1430.00
1501.00 1451.00
770.00 1472.00
469.00 1474.00
884.00 1481.00
1595.00 1499.00
930.00 1501.00
1710.00 1507.00
1338.00 1515.00
1439.00 1516.00
787.00 1524.00
1759.00 1570.00
1103.00 1582.00
223.00 1613.00
1536.00 1615.00
749.00 1618.00
1427.00 1628.00
312.00 1832.00
1090.00 1865.00
1603.00 1876.00
497.00 1897.00
243.00 1903.00
383.00 1956.00
244.00 1985.00
1110.00 2000.00
1064.00 2005.00
690.00 2028.00
857.00 2030.00
1134.00 2041.00
1045.00 2052.00
649.00 2058.00
505.00 2060.00
953.00 2068.00
207.00 2096.00
495.00 2131.00
223.00 2153.00
128.00 2171.00
1283.00 2186.00
991.00 2201.00
74.00 2203.00
927.00 2252.00
287.00 2264.00
1691.00 2266.00
1637.00 2304.00
1727.00 2318.00
443.00 2341.00
23.00 2355.00
353.00 2369.00
1539.00 2371.00
1918.00 2401.00
167.00 2416.00
913.00 2416.00
1517.00 2420.00
2044.00 2443.00
1862.00 2475.00
146.00 2478.00
908.00 2496.00
2022.00 2497.00
360.00 2499.00
1278.00 2511.00
473.00 2512.00
1228.00 2540.00
1621.00 2568.00
384.00 2611.00
1184.00 2618.00
1225.00 2634.00
462.00 2654.00
1599.00 2698.00
1054.00 2709.00
1990.00 2841.00
