1380.00 378.00
745.00 396.00
695.00 404.00
1564.00 438.00
285.00 456.00
1626.00 458.00
1701.00 467.00
1028.00 486.00
1997.00 495.00
1746.00 496.00
639.00 500.00
894.00 564.00
285.00 576.00
739.00 600.00
792.00 602.00
601.00 608.00
2124.00 616.00
268.00 647.00
1283.00 695.00
617.00 696.00
222.00 704.00
1242.00 712.00
1517.00 714.00
539.00 738.00
1580.00 741.00
660.00 764.00
511.00 791.00
1661.00 797.00
1620.00 803.00
2080.00 825.00
489.00 841.00
2030.00 850.00
1141.00 864.00
1962.00 886.00
2004.00 895.00
780.00 897.00
824.00 908.00
457.00 909.00
1500.00 937.00
613.00 962.00
544.00 969.00
1316.00 971.00
379.00 978.00
1252.00 983.00
693.00 988.00
425.00 989.00
487.00 1002.00
1845.00 1007.00
1704.00 1042.00
519.00 1044.00
1642.00 1049.00
155.00 1066.00
740.00 1077.00
362.00 1078.00
473.00 1083.00
293.00 1084.00
2059.00 1110.00
80.00 1114.00
2000.00 1116.00
841.00 1121.00
191.00 1127.00
344.00 1145.00
454.00 1147.00
502.00 1153.00
248.00 1171.00
187.00 1186.00
322.00 1191.00
2037.00 1196.00
597.00 1207.00
1803.00 1208.00
1027.00 1216.00
1418.00 1226.00
1334.00 1228.00
1175.00 1234.00
1914.00 1235.00
184.00 1237.00
421.00 1237.00
2040.00 1239.00
892.00 1245.00
1593.00 1246.00
294.00 1248.00
1082.00 1253.00
1539.00 1253.00
1991.00 1255.00
1860.00 1279.00
1747.00 1280.00
1193.00 1282.00
1906.00 1282.00
1448.00 1291.00
598.00 1293.00
1406.00 1294.00
1641.00 1294.00
2100.00 1297.00
359.00 1299.00
1814.00 1306.00
310.00 1313.00
1247.00 1321.00
1178.00 1323.00
981.00 1325.00
671.00 1328.00
415.00 1329.00
1373.00 1335.00
133.00 1336.00
1327.00 1342.00
255.00 1351.00
1621.00 1357.00
586.00 1358.00
851.00 1364.00
1978.00 1364.00
964.00 1368.00
2121.00 1373.00
423.00 1381.00
1867.00 1384.00
2076.00 1385.00
99.00 1386.00
333.00 1392.00
1018.00 1397.00
1521.00 1401.00
585.00 1402.00
1640.00 1402.00
476.00 1407.00
260.00 1425.00
1980.00 1426.00
957.00 1434.00
1579.00 1435.00
1333.00 1438.00
1626.00 1443.00
1828.00 1446.00
1010.00 1450.00
1758.00 1453.00
1873.00 1457.00
2064.00 1461.00
1101.00 1491.00
1612.00 1493.00
1510.00 1501.00
954.00 1508.00
1570.00 1509.00
911.00 1516.00
1764.00 1518.00
2149.00 1529.00
660.00 1541.00
1004.00 1560.00
890.00 1571.00
1400.00 1573.00
2074.00 1574.00
1587.00 1580.00
1851.00 1581.00
1985.00 1588.00
1273.00 1592.00
577.00 1595.00
1039.00 1609.00
1847.00 1663.00
1930.00 1668.00
777.00 1834.00
873.00 1884.00
721.00 1892.00
763.00 1892.00
1113.00 1931.00
1039.00 2065.00
116.00 2085.00
1087.00 2193.00
1250.00 2221.00
1192.00 2227.00
1142.00 2232.00
928.00 2250.00
861.00 2257.00
666.00 2274.00
1112.00 2287.00
1052.00 2292.00
1878.00 2308.00
1338.00 2395.00
638.00 2486.00
1151.00 2492.00
479.00 2528.00
997.00 2531.00
1441.00 2534.00
358.00 2548.00
709.00 2554.00
