1426.00 265.00
1524.00 292.00
1967.00 420.00
419.00 426.00
475.00 441.00
1879.00 444.00
1930.00 468.00
336.00 485.00
298.00 583.00
1037.00 636.00
1366.00 639.00
264.00 671.00
1369.00 680.00
375.00 752.00
439.00 767.00
1122.00 798.00
1377.00 812.00
207.00 813.00
164.00 824.00
1379.00 868.00
146.00 874.00
271.00 874.00
1596.00 874.00
842.00 883.00
355.00 888.00
1969.00 895.00
979.00 914.00
1367.00 916.00
609.00 917.00
1762.00 920.00
1502.00 926.00
227.00 928.00
360.00 933.00
1165.00 937.00
428.00 946.00
1444.00 959.00
505.00 962.00
251.00 973.00
597.00 979.00
1672.00 983.00
172.00 984.00
1042.00 990.00
370.00 991.00
1843.00 991.00
1345.00 999.00
1627.00 1005.00
507.00 1007.00
460.00 1015.00
700.00 1025.00
1297.00 1027.00
1977.00 1028.00
1562.00 1034.00
657.00 1038.00
170.00 1046.00
1489.00 1046.00
595.00 1047.00
1768.00 1047.00
1352.00 1054.00
1435.00 1056.00
1098.00 1066.00
1230.00 1067.00
216.00 1075.00
1290.00 1078.00
345.00 1095.00
593.00 1095.00
1357.00 1098.00
1419.00 1104.00
1161.00 1106.00
2097.00 1106.00
495.00 1120.00
1971.00 1123.00
1531.00 1127.00
1204.00 1128.00
1316.00 1129.00
1712.00 1133.00
592.00 1136.00
1264.00 1136.00
1104.00 1151.00
415.00 1154.00
1462.00 1156.00
515.00 1179.00
1579.00 1184.00
1048.00 1186.00
1386.00 1192.00
1444.00 1200.00
356.00 1203.00
1700.00 1205.00
1508.00 1212.00
461.00 1213.00
505.00 1231.00
585.00 1233.00
1624.00 1234.00
281.00 1235.00
418.00 1244.00
204.00 1246.00
839.00 1246.00
1123.00 1249.00
1430.00 1252.00
926.00 1253.00
1547.00 1258.00
155.00 1264.00
1837.00 1267.00
1879.00 1269.00
1053.00 1271.00
1387.00 1271.00
649.00 1272.00
2139.00 1275.00
788.00 1280.00
692.00 1283.00
273.00 1284.00
1648.00 1285.00
546.00 1289.00
1145.00 1294.00
588.00 1295.00
1471.00 1300.00
491.00 1304.00
1574.00 1317.00
1528.00 1319.00
1912.00 1319.00
1384.00 1320.00
407.00 1324.00
1652.00 1326.00
924.00 1331.00
1144.00 1335.00
587.00 1337.00
805.00 1342.00
148.00 1344.00
347.00 1344.00
196.00 1345.00
2051.00 1350.00
1456.00 1351.00
300.00 1358.00
1289.00 1359.00
1580.00 1359.00
1536.00 1361.00
975.00 1364.00
875.00 1366.00
492.00 1370.00
1386.00 1371.00
1627.00 1374.00
1241.00 1380.00
822.00 1389.00
925.00 1401.00
741.00 1405.00
484.00 1415.00
192.00 1423.00
253.00 1428.00
856.00 1430.00
699.00 1434.00
1399.00 1434.00
533.00 1440.00
808.00 1442.00
430.00 1444.00
2042.00 1445.00
1159.00 1449.00
1985.00 1456.00
583.00 1459.00
308.00 1465.00
189.00 1470.00
1846.00 1484.00
1204.00 1485.00
1440.00 1488.00
525.00 1489.00
351.00 1490.00
789.00 1496.00
1146.00 1501.00
647.00 1503.00
853.00 1510.00
251.00 1518.00
327.00 1533.00
1578.00 1542.00
1620.00 1546.00
1347.00 1549.00
1443.00 1557.00
1261.00 1564.00
530.00 1565.00
401.00 1566.00
649.00 1571.00
181.00 1573.00
359.00 1578.00
948.00 1599.00
259.00 1609.00
300.00 1611.00
541.00 1623.00
352.00 1629.00
608.00 1632.00
1437.00 1645.00
1193.00 1650.00
156.00 1655.00
1564.00 1658.00
336.00 1670.00
1494.00 1673.00
850.00 1678.00
959.00 1682.00
1029.00 1685.00
202.00 1697.00
1630.00 1698.00
1449.00 1701.00
246.00 1719.00
893.00 1737.00
495.00 1744.00
382.00 1755.00
286.00 1768.00
168.00 1771.00
232.00 1793.00
385.00 1804.00
1150.00 1818.00
1395.00 1819.00
268.00 1841.00
1277.00 1877.00
160.00 1889.00
186.00 1935.00
1236.00 1986.00
1128.00 1994.00
1392.00 2028.00
925.00 2035.00
882.00 2036.00
1200.00 2038.00
181.00 2061.00
1327.00 2079.00
229.00 2080.00
1066.00 2094.00
1214.00 2124.00
1048.00 2149.00
859.00 2188.00
528.00 2195.00
1069.00 2199.00
772.00 2210.00
600.00 2227.00
1407.00 2233.00
1030.00 2240.00
937.00 2249.00
781.00 2252.00
694.00 2276.00
216.00 2299.00
781.00 2315.00
671.00 2331.00
992.00 2360.00
737.00 2370.00
855.00 2377.00
1200.00 2423.00
1148.00 2431.00
801.00 2439.00
879.00 2440.00
476.00 2443.00
227.00 2444.00
925.00 2462.00
756.00 2467.00
260.00 2485.00
829.00 2489.00
879.00 2497.00
1278.00 2501.00
1446.00 2525.00
1638.00 2533.00
818.00 2575.00
1263.00 2597.00
1449.00 2616.00
954.00 2631.00
520.00 2654.00
1796.00 2656.00
452.00 2676.00
1452.00 2696.00
1836.00 2720.00
1321.00 2728.00
239.00 2732.00
1173.00 2767.00
274.00 2798.00
1252.00 2819.00
1738.00 2825.00
