988.00 242.00
1119.00 262.00
1739.00 346.00
1327.00 440.00
948.00 457.00
1228.00 546.00
970.00 697.00
1035.00 698.00
1438.00 735.00
872.00 862.00
2090.00 879.00
1586.00 933.00
1480.00 934.00
1813.00 943.00
1531.00 946.00
1740.00 988.00
1562.00 999.00
1840.00 1003.00
1143.00 1010.00
1358.00 1012.00
1925.00 1036.00
1563.00 1042.00
1369.00 1065.00
1737.00 1066.00
1179.00 1078.00
2085.00 1095.00
1112.00 1110.00
1948.00 1123.00
1042.00 1128.00
1262.00 1138.00
1774.00 1139.00
1708.00 1148.00
989.00 1153.00
1306.00 1153.00
2089.00 1167.00
1548.00 1169.00
1053.00 1176.00
1182.00 1178.00
1920.00 1194.00
1603.00 1200.00
1024.00 1218.00
953.00 1221.00
1428.00 1224.00
1249.00 1226.00
898.00 1240.00
1088.00 1242.00
1370.00 1257.00
1203.00 1258.00
2071.00 1283.00
879.00 1292.00
1786.00 1318.00
1414.00 1324.00
1285.00 1330.00
1878.00 1338.00
950.00 1348.00
1037.00 1366.00
748.00 1377.00
1847.00 1379.00
791.00 1382.00
1562.00 1390.00
1606.00 1390.00
2150.00 1391.00
1744.00 1403.00
2088.00 1405.00
965.00 1414.00
2043.00 1446.00
1620.00 1447.00
1970.00 1452.00
1915.00 1456.00
1553.00 1460.00
1851.00 1462.00
1329.00 1463.00
1280.00 1483.00
701.00 1496.00
1484.00 1505.00
1611.00 1511.00
1961.00 1539.00
1527.00 1550.00
893.00 1564.00
1768.00 1565.00
818.00 1570.00
1089.00 1578.00
1281.00 1590.00
1486.00 1594.00
1344.00 1596.00
1573.00 1614.00
2053.00 1624.00
1297.00 1634.00
1211.00 1657.00
1400.00 1690.00
1664.00 1722.00
1880.00 1733.00
932.00 1736.00
1320.00 1753.00
1413.00 1753.00
2046.00 1753.00
1183.00 1754.00
1560.00 1763.00
1808.00 1764.00
847.00 1780.00
1878.00 1783.00
2060.00 1806.00
1267.00 1812.00
1414.00 1842.00
1462.00 1846.00
988.00 1852.00
881.00 1853.00
2027.00 1856.00
1294.00 1857.00
1898.00 1859.00
759.00 1872.00
1363.00 1872.00
1067.00 1880.00
1812.00 1909.00
1237.00 1911.00
824.00 1917.00
1356.00 1917.00
1476.00 1922.00
1860.00 1955.00
1344.00 1965.00
1807.00 1966.00
923.00 1998.00
1880.00 1999.00
729.00 2003.00
1785.00 2011.00
1942.00 2020.00
892.00 2040.00
1465.00 2043.00
1786.00 2058.00
1943.00 2069.00
1314.00 2071.00
2076.00 2080.00
1153.00 2085.00
1374.00 2089.00
1479.00 2098.00
1683.00 2105.00
1760.00 2110.00
1936.00 2124.00
1153.00 2143.00
907.00 2158.00
1444.00 2163.00
1549.00 2182.00
749.00 2183.00
1263.00 2208.00
1806.00 2209.00
1311.00 2241.00
1149.00 2282.00
961.00 2308.00
1009.00 2316.00
1118.00 2359.00
1029.00 2366.00
659.00 2377.00
811.00 2731.00
