2078.00 233.00
1160.00 347.00
1233.00 354.00
1355.00 363.00
1499.00 382.00
1080.00 447.00
1224.00 462.00
1296.00 469.00
1715.00 495.00
779.00 521.00
2107.00 521.00
1014.00 536.00
1108.00 538.00
1171.00 545.00
1115.00 583.00
1906.00 593.00
1303.00 610.00
1395.00 615.00
1893.00 655.00
1652.00 660.00
1451.00 685.00
2094.00 685.00
791.00 710.00
838.00 713.00
968.00 719.00
927.00 724.00
1145.00 727.00
1999.00 764.00
919.00 775.00
1042.00 804.00
1231.00 811.00
1364.00 815.00
1759.00 815.00
1445.00 818.00
1500.00 820.00
1669.00 826.00
1916.00 835.00
1163.00 837.00
904.00 885.00
1353.00 899.00
1864.00 906.00
1675.00 909.00
1175.00 915.00
1539.00 924.00
1492.00 940.00
1678.00 950.00
929.00 964.00
1442.00 978.00
1524.00 984.00
1078.00 1014.00
1474.00 1019.00
1167.00 1022.00
1010.00 1029.00
1228.00 1029.00
1347.00 1029.00
1685.00 1031.00
1382.00 1071.00
1588.00 1112.00
836.00 1124.00
1529.00 1135.00
1985.00 1147.00
1433.00 1149.00
2030.00 1151.00
1006.00 1172.00
1825.00 1184.00
1342.00 1186.00
796.00 1193.00
1214.00 1200.00
1425.00 1225.00
973.00 1229.00
798.00 1242.00
1847.00 1246.00
1597.00 1255.00
1683.00 1265.00
2130.00 1305.00
1421.00 1309.00
1884.00 1312.00
1931.00 1314.00
1369.00 1325.00
862.00 1338.00
1596.00 1339.00
2132.00 1364.00
920.00 1369.00
1336.00 1369.00
1462.00 1369.00
1794.00 1373.00
873.00 1391.00
1630.00 1400.00
2027.00 1407.00
1375.00 1424.00
1804.00 1486.00
1643.00 1601.00
940.00 2062.00
1616.00 2094.00
2012.00 2134.00
941.00 2166.00
1290.00 2206.00
2137.00 2279.00
2043.00 2285.00
970.00 2304.00
1552.00 2316.00
1496.00 2320.00
1581.00 2377.00
1133.00 2412.00
