1990.00 356.00
1556.00 586.00
1692.00 764.00
1917.00 844.00
1803.00 885.00
1917.00 887.00
1751.00 897.00
1991.00 918.00
1912.00 941.00
1854.00 945.00
1628.00 960.00
1813.00 975.00
1790.00 1016.00
1918.00 1040.00
1682.00 1052.00
1744.00 1075.00
1815.00 1085.00
1489.00 1097.00
1631.00 1123.00
1732.00 1146.00
2129.00 1164.00
1983.00 1173.00
1927.00 1181.00
1918.00 1276.00
1762.00 1279.00
1998.00 1288.00
1604.00 1293.00
1855.00 1325.00
1641.00 1336.00
1861.00 1376.00
2109.00 1468.00
1915.00 1497.00
1903.00 1583.00
1680.00 1593.00
2128.00 1619.00
1911.00 1704.00
2116.00 1717.00
1794.00 1732.00
1805.00 1773.00
1846.00 1832.00
1542.00 1866.00
1622.00 1892.00
1508.00 1918.00
1907.00 1921.00
1957.00 1924.00
2007.00 1933.00
1931.00 1965.00
2015.00 2012.00
2004.00 2129.00
2035.00 2179.00
