1013.00 648.00
1912.00 670.00
140.00 714.00
206.00 733.00
1014.00 769.00
1012.00 830.00
1894.00 847.00
1246.00 876.00
1989.00 893.00
801.00 900.00
2076.00 912.00
1246.00 930.00
1688.00 935.00
524.00 970.00
1649.00 976.00
1403.00 1001.00
1960.00 1003.00
1340.00 1006.00
1208.00 1013.00
1571.00 1030.00
2122.00 1091.00
2076.00 1098.00
388.00 1101.00
1727.00 1113.00
1670.00 1152.00
1571.00 1158.00
2110.00 1158.00
1238.00 1196.00
1824.00 1196.00
1464.00 1199.00
1655.00 1203.00
1088.00 1216.00
1416.00 1249.00
255.00 1253.00
296.00 1254.00
1656.00 1261.00
2134.00 1285.00
1754.00 1295.00
623.00 1304.00
1043.00 1311.00
1268.00 1330.00
981.00 1359.00
646.00 1367.00
1245.00 1420.00
692.00 1442.00
794.00 1453.00
1099.00 1486.00
885.00 1491.00
1172.00 1493.00
485.00 1523.00
430.00 1539.00
584.00 1559.00
848.00 1588.00
673.00 1647.00
499.00 1731.00
408.00 1885.00
1165.00 1968.00
390.00 1987.00
1072.00 2119.00
1161.00 2123.00
589.00 2159.00
359.00 2184.00
1720.00 2231.00
753.00 2250.00
470.00 2254.00
650.00 2292.00
215.00 2310.00
747.00 2344.00
836.00 2383.00
1064.00 2477.00
