337.00 98.00
1207.00 268.00
696.00 275.00
215.00 347.00
1080.00 373.00
1134.00 382.00
269.00 463.00
1188.00 486.00
359.00 489.00
621.00 491.00
1188.00 527.00
678.00 529.00
836.00 547.00
728.00 564.00
474.00 599.00
833.00 612.00
604.00 617.00
726.00 628.00
532.00 656.00
830.00 663.00
722.00 687.00
228.00 704.00
1102.00 705.00
126.00 708.00
1320.00 710.00
570.00 717.00
611.00 729.00
1176.00 734.00
965.00 741.00
113.00 756.00
891.00 764.00
1026.00 801.00
258.00 802.00
1103.00 831.00
95.00 841.00
735.00 852.00
834.00 867.00
160.00 879.00
337.00 882.00
250.00 891.00
1012.00 903.00
939.00 910.00
778.00 913.00
1115.00 920.00
125.00 928.00
499.00 933.00
819.00 934.00
256.00 938.00
1187.00 943.00
1289.00 943.00
356.00 946.00
567.00 958.00
122.00 969.00
1233.00 976.00
222.00 983.00
118.00 1010.00
391.00 1021.00
172.00 1023.00
632.00 1030.00
216.00 1038.00
932.00 1044.00
586.00 1048.00
1151.00 1076.00
231.00 1079.00
371.00 1079.00
702.00 1080.00
1031.00 1084.00
650.00 1115.00
777.00 1115.00
366.00 1122.00
1199.00 1124.00
565.00 1126.00
1019.00 1135.00
312.00 1139.00
114.00 1155.00
224.00 1173.00
437.00 1177.00
557.00 1177.00
1015.00 1184.00
1158.00 1187.00
12.00 1189.00
1224.00 1192.00
309.00 1194.00
1082.00 1196.00
689.00 1203.00
640.00 1206.00
164.00 1214.00
813.00 1219.00
543.00 1221.00
369.00 1222.00
1127.00 1237.00
1286.00 1250.00
992.00 1251.00
435.00 1252.00
930.00 1252.00
1238.00 1256.00
394.00 1270.00
586.00 1273.00
345.00 1283.00
134.00 1285.00
1104.00 1293.00
451.00 1308.00
827.00 1310.00
516.00 1319.00
565.00 1324.00
1058.00 1324.00
8.00 1330.00
329.00 1330.00
872.00 1332.00
785.00 1333.00
391.00 1336.00
252.00 1349.00
86.00 1358.00
699.00 1359.00
448.00 1365.00
299.00 1373.00
613.00 1375.00
1025.00 1376.00
1225.00 1384.00
512.00 1406.00
444.00 1408.00
84.00 1423.00
303.00 1423.00
1261.00 1425.00
847.00 1442.00
896.00 1445.00
1118.00 1459.00
616.00 1464.00
1263.00 1469.00
536.00 1481.00
289.00 1482.00
740.00 1498.00
136.00 1502.00
808.00 1502.00
692.00 1509.00
1294.00 1513.00
427.00 1521.00
254.00 1528.00
336.00 1534.00
190.00 1538.00
82.00 1544.00
126.00 1545.00
821.00 1545.00
232.00 1571.00
9.00 1576.00
1022.00 1578.00
67.00 1585.00
282.00 1586.00
667.00 1588.00
333.00 1589.00
1070.00 1590.00
624.00 1593.00
564.00 1597.00
824.00 1599.00
132.00 1614.00
736.00 1616.00
395.00 1617.00
91.00 1634.00
1117.00 1636.00
213.00 1637.00
1069.00 1641.00
561.00 1645.00
648.00 1646.00
869.00 1649.00
792.00 1653.00
142.00 1656.00
698.00 1659.00
740.00 1668.00
384.00 1670.00
64.00 1677.00
334.00 1689.00
827.00 1709.00
1170.00 1719.00
496.00 1750.00
1165.00 1774.00
1238.00 1784.00
872.00 1904.00
928.00 1910.00
486.00 1927.00
1126.00 1957.00
46.00 1972.00
695.00 1977.00
741.00 2071.00
455.00 2074.00
1065.00 2131.00
637.00 2138.00
488.00 2161.00
1005.00 2182.00
1049.00 2187.00
438.00 2191.00
23.00 2197.00
458.00 2241.00
989.00 2248.00
482.00 2307.00
482.00 2357.00
464.00 2415.00
450.00 2621.00
