1033.00 19.00
323.00 57.00
1278.00 125.00
1278.00 197.00
588.00 275.00
1152.00 294.00
1270.00 302.00
1282.00 353.00
1156.00 386.00
1559.00 400.00
1230.00 401.00
956.00 466.00
1100.00 503.00
1047.00 520.00
903.00 542.00
956.00 551.00
1183.00 555.00
713.00 571.00
1037.00 577.00
1232.00 584.00
679.00 629.00
851.00 660.00
1423.00 675.00
1234.00 689.00
1049.00 697.00
1179.00 700.00
206.00 714.00
791.00 738.00
718.00 749.00
1104.00 752.00
1122.00 793.00
1538.00 796.00
852.00 801.00
983.00 802.00
1069.00 806.00
712.00 829.00
305.00 861.00
700.00 887.00
346.00 888.00
1494.00 902.00
516.00 905.00
995.00 914.00
1629.00 932.00
620.00 934.00
715.00 939.00
489.00 951.00
1023.00 969.00
552.00 970.00
1631.00 974.00
923.00 982.00
1697.00 988.00
656.00 989.00
524.00 1019.00
1614.00 1055.00
132.00 1068.00
1719.00 1070.00
269.00 1074.00
586.00 1089.00
1637.00 1109.00
285.00 1116.00
530.00 1123.00
1714.00 1129.00
580.00 1131.00
994.00 1152.00
722.00 1171.00
570.00 1177.00
350.00 1193.00
928.00 1194.00
1181.00 1210.00
413.00 1214.00
717.00 1214.00
794.00 1218.00
1505.00 1220.00
106.00 1221.00
912.00 1242.00
961.00 1249.00
275.00 1262.00
410.00 1271.00
467.00 1277.00
16.00 1319.00
1568.00 1319.00
1183.00 1324.00
876.00 1336.00
229.00 1347.00
1416.00 1351.00
542.00 1368.00
607.00 1375.00
378.00 1382.00
306.00 1395.00
265.00 1400.00
1495.00 1411.00
1296.00 1412.00
224.00 1430.00
400.00 1437.00
1575.00 1441.00
461.00 1442.00
1340.00 1443.00
578.00 1451.00
619.00 1455.00
700.00 1461.00
1617.00 1465.00
831.00 1468.00
42.00 1473.00
358.00 1473.00
190.00 1479.00
711.00 1509.00
503.00 1519.00
65.00 1531.00
547.00 1544.00
610.00 1544.00
132.00 1567.00
234.00 1569.00
1100.00 1569.00
1154.00 1569.00
745.00 1578.00
813.00 1588.00
454.00 1597.00
678.00 1605.00
1711.00 1606.00
1378.00 1611.00
89.00 1613.00
1109.00 1613.00
35.00 1615.00
1547.00 1615.00
620.00 1618.00
958.00 1620.00
751.00 1624.00
1304.00 1631.00
548.00 1633.00
924.00 1661.00
1011.00 1666.00
1622.00 1672.00
1163.00 1676.00
1484.00 1676.00
700.00 1679.00
862.00 1679.00
311.00 1684.00
1057.00 1703.00
1673.00 1704.00
769.00 1707.00
1578.00 1708.00
838.00 1729.00
611.00 1750.00
497.00 1773.00
550.00 1773.00
681.00 1788.00
1200.00 1830.00
718.00 1836.00
659.00 1840.00
563.00 1848.00
917.00 1870.00
606.00 1878.00
1401.00 1915.00
646.00 1924.00
746.00 1933.00
596.00 1942.00
1535.00 1977.00
1431.00 1978.00
135.00 1994.00
773.00 2065.00
603.00 2073.00
409.00 2096.00
686.00 2098.00
293.00 2102.00
231.00 2112.00
1506.00 2142.00
683.00 2147.00
364.00 2152.00
764.00 2152.00
1025.00 2183.00
664.00 2213.00
159.00 2239.00
1129.00 2273.00
203.00 2311.00
1575.00 2323.00
1028.00 2336.00
913.00 2343.00
713.00 2354.00
1588.00 2442.00
1273.00 2486.00
175.00 2521.00
11.00 2566.00
374.00 2599.00
