1218.00 245.00
1996.00 378.00
2005.00 472.00
1964.00 497.00
916.00 509.00
1443.00 563.00
818.00 583.00
1004.00 592.00
1287.00 600.00
773.00 608.00
1443.00 609.00
864.00 613.00
814.00 633.00
1372.00 655.00
1445.00 663.00
350.00 710.00
1445.00 715.00
396.00 721.00
509.00 725.00
1622.00 751.00
1311.00 768.00
1447.00 770.00
484.00 784.00
361.00 787.00
1116.00 790.00
1215.00 808.00
1447.00 811.00
256.00 823.00
1356.00 844.00
1663.00 856.00
1430.00 886.00
1316.00 901.00
1524.00 931.00
1032.00 940.00
1430.00 943.00
1671.00 960.00
1230.00 990.00
1448.00 990.00
1671.00 1001.00
1525.00 1022.00
1469.00 1039.00
1198.00 1046.00
1390.00 1056.00
1943.00 1061.00
1671.00 1064.00
2065.00 1076.00
1447.00 1100.00
1672.00 1106.00
852.00 1139.00
1588.00 1145.00
1674.00 1149.00
1931.00 1150.00
640.00 1155.00
1248.00 1158.00
929.00 1162.00
1762.00 1172.00
1152.00 1179.00
1599.00 1200.00
1011.00 1203.00
180.00 1205.00
1670.00 1217.00
1393.00 1222.00
1880.00 1225.00
943.00 1226.00
123.00 1232.00
1732.00 1241.00
1605.00 1244.00
649.00 1256.00
1145.00 1256.00
585.00 1263.00
203.00 1269.00
113.00 1277.00
483.00 1301.00
1715.00 1307.00
1672.00 1311.00
1599.00 1319.00
759.00 1321.00
1902.00 1323.00
674.00 1331.00
1445.00 1331.00
1517.00 1332.00
2018.00 1334.00
594.00 1349.00
1739.00 1358.00
1976.00 1359.00
270.00 1363.00
1799.00 1367.00
690.00 1372.00
831.00 1372.00
439.00 1376.00
54.00 1377.00
607.00 1391.00
1877.00 1393.00
559.00 1394.00
1500.00 1402.00
1600.00 1403.00
248.00 1416.00
1556.00 1429.00
1878.00 1440.00
1828.00 1466.00
1945.00 1468.00
1645.00 1471.00
768.00 1485.00
1412.00 1508.00
1500.00 1510.00
1882.00 1521.00
1744.00 1526.00
1320.00 1534.00
1673.00 1539.00
1443.00 1549.00
1436.00 1596.00
2090.00 1617.00
1953.00 1619.00
1584.00 1630.00
1887.00 1653.00
520.00 1662.00
1954.00 1666.00
1731.00 1667.00
1350.00 1697.00
1642.00 1740.00
1429.00 1743.00
2087.00 1745.00
1993.00 1746.00
2035.00 1746.00
1940.00 1788.00
2023.00 1788.00
1670.00 1898.00
1391.00 1916.00
1952.00 1922.00
1776.00 1924.00
1728.00 1925.00
1668.00 1940.00
1566.00 1952.00
1957.00 2051.00
1732.00 2070.00
585.00 2077.00
1949.00 2095.00
1621.00 2110.00
1417.00 2122.00
1632.00 2153.00
1680.00 2161.00
1743.00 2167.00
1396.00 2172.00
1543.00 2175.00
857.00 2241.00
776.00 2261.00
889.00 2319.00
588.00 2322.00
1159.00 2358.00
221.00 2397.00
344.00 2403.00
154.00 2417.00
663.00 2426.00
1835.00 2435.00
568.00 2458.00
151.00 2461.00
213.00 2479.00
661.00 2484.00
779.00 2498.00
561.00 2531.00
1631.00 2549.00
55.00 2567.00
771.00 2580.00
