501.00 335.00
459.00 348.00
1018.00 397.00
185.00 518.00
249.00 580.00
761.00 644.00
1048.00 692.00
422.00 715.00
1123.00 716.00
302.00 725.00
897.00 756.00
631.00 763.00
151.00 783.00
570.00 802.00
691.00 812.00
735.00 818.00
1223.00 823.00
499.00 833.00
1334.00 838.00
417.00 869.00
827.00 878.00
611.00 879.00
361.00 894.00
900.00 914.00
1949.00 929.00
1267.00 931.00
631.00 964.00
355.00 979.00
901.00 998.00
526.00 1005.00
629.00 1005.00
485.00 1016.00
1569.00 1019.00
1056.00 1034.00
587.00 1049.00
985.00 1052.00
896.00 1054.00
45.00 1064.00
785.00 1065.00
488.00 1076.00
354.00 1096.00
710.00 1098.00
806.00 1106.00
550.00 1110.00
904.00 1111.00
641.00 1112.00
1312.00 1129.00
591.00 1132.00
394.00 1139.00
905.00 1152.00
8.00 1170.00
633.00 1179.00
852.00 1182.00
793.00 1184.00
1612.00 1189.00
124.00 1194.00
392.00 1196.00
907.00 1197.00
725.00 1203.00
348.00 1205.00
1103.00 1206.00
454.00 1210.00
545.00 1211.00
1459.00 1217.00
219.00 1223.00
285.00 1233.00
1373.00 1241.00
602.00 1242.00
378.00 1253.00
551.00 1255.00
1627.00 1255.00
701.00 1257.00
794.00 1261.00
1221.00 1271.00
437.00 1272.00
1419.00 1275.00
1491.00 1280.00
1710.00 1292.00
348.00 1306.00
1026.00 1314.00
884.00 1317.00
586.00 1319.00
730.00 1332.00
785.00 1336.00
1556.00 1337.00
1504.00 1347.00
419.00 1352.00
526.00 1353.00
1151.00 1358.00
151.00 1369.00
746.00 1377.00
1387.00 1381.00
1679.00 1381.00
660.00 1383.00
832.00 1383.00
344.00 1387.00
1569.00 1390.00
989.00 1391.00
391.00 1394.00
55.00 1401.00
444.00 1402.00
608.00 1403.00
170.00 1418.00
1828.00 1419.00
1781.00 1425.00
1332.00 1435.00
524.00 1437.00
1677.00 1438.00
250.00 1443.00
335.00 1445.00
1240.00 1453.00
1508.00 1453.00
1557.00 1466.00
1433.00 1468.00
488.00 1484.00
275.00 1490.00
398.00 1490.00
55.00 1493.00
1693.00 1496.00
543.00 1498.00
1830.00 1507.00
341.00 1509.00
1245.00 1509.00
1091.00 1510.00
229.00 1511.00
1302.00 1518.00
1201.00 1532.00
1473.00 1533.00
271.00 1536.00
1028.00 1543.00
1354.00 1545.00
511.00 1546.00
1628.00 1550.00
1129.00 1566.00
457.00 1571.00
894.00 1583.00
1736.00 1583.00
1223.00 1586.00
519.00 1587.00
1020.00 1591.00
1609.00 1591.00
1487.00 1595.00
1122.00 1611.00
432.00 1616.00
1164.00 1621.00
1663.00 1625.00
330.00 1631.00
1061.00 1634.00
197.00 1640.00
523.00 1656.00
458.00 1678.00
867.00 1705.00
470.00 1738.00
377.00 1745.00
1085.00 1781.00
578.00 1801.00
1211.00 1862.00
461.00 1870.00
1676.00 1871.00
1027.00 1885.00
542.00 1908.00
605.00 1912.00
1193.00 1978.00
1162.00 2021.00
1613.00 2035.00
1552.00 2038.00
617.00 2052.00
333.00 2080.00
1441.00 2093.00
239.00 2103.00
417.00 2114.00
1106.00 2150.00
254.00 2160.00
640.00 2166.00
264.00 2213.00
416.00 2218.00
39.00 2231.00
639.00 2235.00
323.00 2238.00
439.00 2306.00
157.00 2326.00
308.00 2337.00
1470.00 2343.00
1201.00 2354.00
84.00 2395.00
244.00 2407.00
389.00 2436.00
847.00 2478.00
518.00 2483.00
22.00 2518.00
475.00 2519.00
292.00 2555.00
633.00 2556.00
570.00 2592.00
211.00 2709.00
375.00 2814.00
