1256.00 313.00
995.00 348.00
1162.00 540.00
1072.00 610.00
1307.00 626.00
1502.00 648.00
1072.00 679.00
1010.00 711.00
942.00 774.00
1010.00 778.00
948.00 874.00
974.00 957.00
944.00 1049.00
1028.00 1112.00
1364.00 1153.00
900.00 1271.00
1266.00 1281.00
1165.00 1294.00
1106.00 1329.00
1186.00 1342.00
1291.00 1349.00
1453.00 1350.00
1026.00 1387.00
772.00 1428.00
969.00 1516.00
1318.00 1521.00
814.00 1556.00
894.00 1589.00
826.00 1602.00
1067.00 1616.00
1023.00 1618.00
1167.00 1620.00
1372.00 1630.00
982.00 1631.00
1140.00 1669.00
1068.00 1702.00
1018.00 1713.00
843.00 1759.00
999.00 1765.00
1319.00 1779.00
980.00 1806.00
1270.00 1810.00
863.00 1815.00
773.00 1822.00
638.00 1833.00
780.00 1866.00
1310.00 1870.00
708.00 1896.00
1082.00 1947.00
1103.00 2036.00
1214.00 2042.00
1506.00 2086.00
1387.00 2105.00
912.00 2126.00
833.00 2171.00
1327.00 2304.00
1390.00 2328.00
1329.00 2379.00
991.00 2405.00
1393.00 2430.00
1399.00 2586.00
1469.00 2596.00
