2113.00 471.00
1267.00 474.00
997.00 558.00
1757.00 621.00
1395.00 657.00
1367.00 712.00
1595.00 747.00
1407.00 843.00
1560.00 854.00
1259.00 865.00
1122.00 972.00
892.00 980.00
1196.00 983.00
1821.00 992.00
1646.00 993.00
2135.00 1035.00
1192.00 1047.00
2076.00 1076.00
1636.00 1083.00
2123.00 1088.00
1882.00 1100.00
1638.00 1130.00
1280.00 1131.00
1904.00 1155.00
1340.00 1182.00
1232.00 1192.00
1405.00 1192.00
1628.00 1196.00
1907.00 1197.00
1366.00 1239.00
1725.00 1332.00
930.00 1338.00
980.00 1347.00
1148.00 1352.00
1989.00 1375.00
853.00 1432.00
796.00 1433.00
977.00 1443.00
1204.00 1449.00
1987.00 1477.00
1337.00 1482.00
1459.00 1511.00
1629.00 1524.00
828.00 1531.00
944.00 1539.00
1800.00 1555.00
945.00 1591.00
895.00 1597.00
1601.00 1622.00
897.00 1641.00
1532.00 1644.00
2017.00 1644.00
1396.00 1651.00
1918.00 1680.00
779.00 1681.00
1344.00 1686.00
1639.00 1703.00
1038.00 1705.00
1415.00 1717.00
1329.00 1734.00
1746.00 1747.00
1697.00 1751.00
1693.00 1809.00
1924.00 1817.00
1839.00 1846.00
1600.00 1872.00
1643.00 1877.00
1734.00 1879.00
1463.00 1911.00
1853.00 1926.00
1650.00 1927.00
1544.00 1929.00
1361.00 1933.00
798.00 1940.00
2149.00 1953.00
1483.00 1956.00
1985.00 1964.00
1858.00 1967.00
1783.00 1978.00
1577.00 2013.00
1655.00 2052.00
1697.00 2058.00
1860.00 2075.00
1429.00 2099.00
1796.00 2100.00
1992.00 2101.00
1626.00 2116.00
959.00 2129.00
1390.00 2152.00
1441.00 2158.00
1819.00 2159.00
1708.00 2174.00
1616.00 2175.00
2007.00 2175.00
1342.00 2207.00
1455.00 2211.00
1883.00 2219.00
1127.00 2230.00
1503.00 2230.00
1592.00 2237.00
2079.00 2244.00
1388.00 2256.00
1825.00 2256.00
2019.00 2277.00
867.00 2280.00
1492.00 2292.00
1664.00 2293.00
1578.00 2313.00
1025.00 2343.00
2068.00 2344.00
1444.00 2346.00
1871.00 2348.00
1583.00 2392.00
2097.00 2393.00
908.00 2420.00
1943.00 2425.00
1687.00 2429.00
2062.00 2456.00
1939.00 2491.00
