2105.00 681.00
1928.00 740.00
1090.00 778.00
899.00 785.00
818.00 832.00
500.00 850.00
1657.00 881.00
1480.00 906.00
1930.00 916.00
1482.00 1039.00
1516.00 1099.00
2043.00 1139.00
1632.00 1142.00
939.00 1143.00
503.00 1147.00
779.00 1150.00
1801.00 1163.00
1587.00 1183.00
1431.00 1186.00
1964.00 1201.00
1532.00 1209.00
1361.00 1224.00
1443.00 1232.00
988.00 1234.00
1057.00 1239.00
1630.00 1240.00
1890.00 1255.00
921.00 1275.00
1523.00 1282.00
838.00 1285.00
2071.00 1313.00
2020.00 1316.00
1784.00 1324.00
718.00 1341.00
589.00 1346.00
1080.00 1368.00
1124.00 1389.00
917.00 1392.00
1621.00 1395.00
348.00 1437.00
706.00 1439.00
1810.00 1440.00
1717.00 1471.00
1485.00 1475.00
1812.00 1483.00
1329.00 1493.00
1216.00 1578.00
1645.00 1648.00
380.00 1664.00
1952.00 1770.00
284.00 1809.00
1956.00 1823.00
1502.00 1981.00
1472.00 2190.00
