309.00 844.00
395.00 874.00
306.00 886.00
1478.00 900.00
403.00 968.00
607.00 998.00
725.00 1015.00
1019.00 1036.00
1344.00 1036.00
1493.00 1037.00
1659.00 1061.00
1303.00 1066.00
1008.00 1077.00
810.00 1127.00
954.00 1132.00
1516.00 1175.00
781.00 1263.00
829.00 1269.00
1621.00 1303.00
1520.00 1325.00
828.00 1329.00
226.00 1355.00
1522.00 1368.00
1524.00 1435.00
769.00 1441.00
20.00 1446.00
1594.00 1455.00
278.00 1505.00
1390.00 1527.00
1479.00 1549.00
1368.00 1575.00
1261.00 1600.00
1512.00 1707.00
295.00 2072.00
420.00 2236.00
258.00 2242.00
