1169.00 92.00
1193.00 166.00
1503.00 184.00
1248.00 201.00
1303.00 222.00
1694.00 222.00
1423.00 250.00
1339.00 343.00
1935.00 345.00
1258.00 355.00
1110.00 378.00
1985.00 438.00
1764.00 476.00
1688.00 490.00
1160.00 494.00
1538.00 512.00
1313.00 515.00
1467.00 524.00
939.00 525.00
1232.00 561.00
1383.00 568.00
1152.00 580.00
784.00 585.00
1765.00 590.00
980.00 594.00
1256.00 619.00
1890.00 619.00
1387.00 632.00
982.00 668.00
1089.00 675.00
1242.00 680.00
1437.00 685.00
1041.00 691.00
1374.00 692.00
796.00 716.00
854.00 716.00
1765.00 723.00
983.00 734.00
1136.00 735.00
487.00 741.00
1578.00 745.00
1077.00 750.00
1379.00 752.00
1780.00 764.00
926.00 769.00
1586.00 788.00
1635.00 791.00
720.00 804.00
983.00 817.00
1297.00 847.00
1443.00 853.00
1088.00 854.00
1390.00 866.00
1148.00 868.00
1014.00 884.00
1341.00 901.00
1297.00 907.00
1088.00 918.00
721.00 974.00
1172.00 974.00
492.00 980.00
1089.00 985.00
271.00 990.00
1368.00 1007.00
1167.00 1015.00
1320.00 1026.00
1279.00 1039.00
470.00 1056.00
1126.00 1059.00
167.00 1073.00
1370.00 1085.00
1705.00 1085.00
1014.00 1101.00
1445.00 1105.00
894.00 1114.00
1581.00 1135.00
1198.00 1145.00
839.00 1149.00
795.00 1153.00
265.00 1154.00
306.00 1156.00
571.00 1175.00
1371.00 1175.00
883.00 1183.00
1017.00 1206.00
452.00 1209.00
1126.00 1214.00
1262.00 1224.00
235.00 1229.00
1675.00 1236.00
1363.00 1259.00
1509.00 1260.00
793.00 1262.00
1264.00 1267.00
1414.00 1269.00
1198.00 1286.00
1103.00 1292.00
1321.00 1292.00
940.00 1297.00
1044.00 1304.00
479.00 1306.00
1472.00 1335.00
862.00 1338.00
731.00 1342.00
929.00 1344.00
790.00 1347.00
620.00 1360.00
1269.00 1369.00
403.00 1373.00
938.00 1403.00
1661.00 1410.00
337.00 1416.00
1377.00 1416.00
1566.00 1416.00
1312.00 1419.00
1218.00 1424.00
1132.00 1429.00
593.00 1430.00
1848.00 1439.00
986.00 1447.00
1785.00 1451.00
1522.00 1462.00
1667.00 1476.00
1025.00 1515.00
437.00 1520.00
1408.00 1534.00
1246.00 1555.00
1464.00 1556.00
1304.00 1561.00
1602.00 1565.00
1643.00 1570.00
1705.00 1576.00
1356.00 1577.00
1183.00 1583.00
1601.00 1610.00
1538.00 1629.00
1090.00 1630.00
1489.00 1643.00
1703.00 1645.00
1781.00 1646.00
1274.00 1676.00
1083.00 1688.00
1196.00 1690.00
1473.00 1691.00
1674.00 1717.00
1541.00 1724.00
227.00 1726.00
1397.00 1730.00
1130.00 1764.00
731.00 1773.00
850.00 1777.00
1783.00 1786.00
1361.00 1806.00
1393.00 1916.00
1254.00 1937.00
1061.00 1961.00
1356.00 1973.00
1515.00 1983.00
1357.00 2018.00
359.00 2049.00
1442.00 2058.00
1357.00 2073.00
1813.00 2074.00
1243.00 2113.00
1355.00 2121.00
520.00 2129.00
844.00 2136.00
1305.00 2157.00
716.00 2203.00
1440.00 2214.00
401.00 2216.00
1246.00 2232.00
662.00 2244.00
1142.00 2273.00
1715.00 2291.00
850.00 2310.00
249.00 2350.00
355.00 2365.00
735.00 2392.00
823.00 2445.00
460.00 2517.00
1066.00 2576.00
