648.00 509.00
586.00 629.00
692.00 768.00
768.00 1194.00
448.00 1292.00
66.00 1339.00
1092.00 1344.00
157.00 1346.00
1242.00 1362.00
1160.00 1364.00
436.00 1372.00
1006.00 1403.00
1066.00 1403.00
1226.00 1451.00
939.00 1465.00
135.00 1468.00
694.00 1470.00
586.00 1499.00
400.00 1504.00
71.00 1519.00
582.00 1554.00
260.00 1566.00
357.00 1575.00
512.00 1592.00
126.00 1602.00
414.00 1630.00
9.00 1641.00
132.00 1699.00
146.00 1746.00
187.00 1777.00
322.00 1822.00
217.00 1843.00
109.00 1859.00
267.00 1897.00
116.00 2007.00
284.00 2057.00
110.00 2107.00
231.00 2123.00
333.00 2124.00
34.00 2131.00
107.00 2152.00
177.00 2152.00
35.00 2172.00
