791.00 442.00
1616.00 467.00
1491.00 476.00
1535.00 533.00
1083.00 558.00
1567.00 576.00
1131.00 578.00
2150.00 590.00
799.00 693.00
746.00 697.00
2077.00 711.00
883.00 713.00
842.00 715.00
2028.00 724.00
1426.00 735.00
1372.00 743.00
776.00 755.00
831.00 756.00
2098.00 760.00
1872.00 788.00
1771.00 848.00
1601.00 889.00
1643.00 892.00
1823.00 914.00
728.00 931.00
865.00 942.00
1775.00 953.00
2144.00 975.00
2074.00 987.00
1720.00 1008.00
1101.00 1040.00
1863.00 1058.00
1489.00 1063.00
2051.00 1072.00
1923.00 1081.00
1559.00 1090.00
1447.00 1101.00
522.00 1103.00
1975.00 1111.00
1511.00 1115.00
790.00 1119.00
1258.00 1130.00
1856.00 1150.00
1098.00 1167.00
1186.00 1183.00
733.00 1195.00
662.00 1205.00
1852.00 1210.00
1934.00 1211.00
1244.00 1223.00
1201.00 1228.00
919.00 1241.00
658.00 1248.00
1775.00 1252.00
1989.00 1255.00
1417.00 1258.00
699.00 1259.00
1915.00 1260.00
1871.00 1274.00
530.00 1276.00
1667.00 1291.00
658.00 1296.00
2099.00 1304.00
1604.00 1310.00
1430.00 1311.00
732.00 1314.00
878.00 1314.00
591.00 1317.00
925.00 1321.00
1051.00 1325.00
783.00 1328.00
1760.00 1331.00
976.00 1336.00
1887.00 1351.00
530.00 1354.00
1459.00 1354.00
1126.00 1364.00
1062.00 1366.00
2134.00 1373.00
921.00 1376.00
604.00 1378.00
2042.00 1378.00
781.00 1380.00
1010.00 1391.00
1986.00 1395.00
1168.00 1403.00
1609.00 1404.00
1792.00 1407.00
516.00 1420.00
1404.00 1423.00
1343.00 1429.00
1860.00 1429.00
2107.00 1429.00
1523.00 1432.00
1083.00 1435.00
1274.00 1437.00
1008.00 1443.00
1692.00 1457.00
1738.00 1460.00
1163.00 1473.00
1207.00 1473.00
1919.00 1474.00
1108.00 1478.00
2079.00 1483.00
1039.00 1488.00
1405.00 1488.00
1261.00 1493.00
1838.00 1499.00
1526.00 1508.00
1792.00 1513.00
1740.00 1515.00
1696.00 1523.00
1159.00 1525.00
777.00 1528.00
640.00 1534.00
2022.00 1546.00
1212.00 1551.00
1423.00 1552.00
1744.00 1556.00
1815.00 1571.00
2117.00 1581.00
1879.00 1582.00
1271.00 1583.00
1972.00 1591.00
1717.00 1603.00
1920.00 1612.00
1779.00 1635.00
1827.00 1646.00
1981.00 1649.00
1890.00 1658.00
732.00 1659.00
1058.00 1659.00
867.00 1662.00
1242.00 1663.00
1714.00 1671.00
1473.00 1679.00
822.00 1713.00
1603.00 1735.00
1492.00 1745.00
914.00 1756.00
1383.00 1756.00
1222.00 1772.00
1276.00 1782.00
955.00 1784.00
1926.00 1789.00
1103.00 1809.00
1233.00 1815.00
1497.00 1834.00
1593.00 1846.00
1948.00 1855.00
1538.00 1864.00
1773.00 1864.00
1034.00 1873.00
1158.00 1885.00
1082.00 1915.00
1334.00 1917.00
1560.00 1920.00
1380.00 1924.00
1451.00 1924.00
1831.00 1932.00
2062.00 1937.00
2114.00 1943.00
1627.00 1960.00
1778.00 1960.00
1118.00 1965.00
1564.00 1966.00
1318.00 1970.00
1875.00 1971.00
1446.00 1973.00
1491.00 1973.00
1187.00 1979.00
1243.00 1990.00
950.00 2001.00
871.00 2016.00
1515.00 2023.00
2093.00 2030.00
1962.00 2033.00
1292.00 2044.00
1054.00 2060.00
934.00 2074.00
1942.00 2075.00
1340.00 2083.00
1389.00 2084.00
1721.00 2089.00
890.00 2094.00
842.00 2099.00
1620.00 2100.00
785.00 2109.00
1781.00 2120.00
1569.00 2124.00
1097.00 2131.00
1054.00 2132.00
1722.00 2132.00
1503.00 2137.00
1445.00 2146.00
1399.00 2154.00
801.00 2155.00
2016.00 2158.00
668.00 2162.00
852.00 2164.00
981.00 2167.00
1085.00 2173.00
1568.00 2184.00
643.00 2203.00
1266.00 2208.00
1456.00 2210.00
761.00 2223.00
836.00 2232.00
695.00 2242.00
1266.00 2251.00
1520.00 2261.00
1625.00 2264.00
1464.00 2267.00
1891.00 2273.00
794.00 2276.00
1570.00 2278.00
1304.00 2292.00
1696.00 2303.00
678.00 2320.00
834.00 2330.00
1098.00 2344.00
1141.00 2356.00
1396.00 2359.00
1897.00 2361.00
1945.00 2362.00
1740.00 2365.00
830.00 2390.00
1655.00 2394.00
1900.00 2402.00
1772.00 2419.00
1510.00 2422.00
1277.00 2424.00
751.00 2452.00
1836.00 2458.00
1542.00 2478.00
2147.00 2489.00
1895.00 2493.00
950.00 2500.00
1376.00 2506.00
1768.00 2515.00
2118.00 2535.00
1342.00 2570.00
1682.00 2586.00
1184.00 2639.00
