1232.00 921.00
549.00 1014.00
990.00 1042.00
1310.00 1060.00
1396.00 1073.00
1188.00 1087.00
1045.00 1102.00
861.00 1111.00
1096.00 1114.00
1300.00 1129.00
1011.00 1145.00
1343.00 1146.00
850.00 1169.00
1550.00 1173.00
464.00 1191.00
103.00 1208.00
1230.00 1214.00
1391.00 1223.00
770.00 1226.00
1325.00 1227.00
911.00 1229.00
1456.00 1232.00
501.00 1250.00
412.00 1255.00
1635.00 1263.00
175.00 1265.00
752.00 1267.00
1013.00 1274.00
1432.00 1282.00
226.00 1284.00
1487.00 1292.00
696.00 1302.00
1625.00 1306.00
1177.00 1308.00
1096.00 1312.00
409.00 1325.00
752.00 1354.00
1160.00 1355.00
1434.00 1362.00
1670.00 1362.00
1090.00 1367.00
278.00 1378.00
1252.00 1383.00
484.00 1387.00
831.00 1389.00
1573.00 1393.00
1293.00 1408.00
786.00 1409.00
341.00 1420.00
389.00 1420.00
1671.00 1421.00
904.00 1422.00
1239.00 1438.00
482.00 1451.00
1181.00 1452.00
1342.00 1455.00
1457.00 1455.00
137.00 1462.00
1620.00 1463.00
1528.00 1464.00
1102.00 1470.00
275.00 1472.00
613.00 1483.00
325.00 1492.00
669.00 1496.00
1311.00 1499.00
492.00 1513.00
968.00 1518.00
567.00 1530.00
664.00 1537.00
754.00 1548.00
1463.00 1548.00
287.00 1550.00
1677.00 1559.00
1613.00 1569.00
673.00 1578.00
1097.00 1582.00
1177.00 1584.00
1245.00 1585.00
1300.00 1586.00
1697.00 1600.00
1356.00 1613.00
1065.00 1624.00
1617.00 1625.00
1569.00 1649.00
622.00 1657.00
1242.00 1669.00
1072.00 1699.00
754.00 1711.00
1108.00 1814.00
1046.00 1817.00
1676.00 1832.00
1611.00 1833.00
1526.00 1845.00
240.00 1869.00
1621.00 1938.00
1547.00 1958.00
832.00 1996.00
1277.00 2029.00
1316.00 2086.00
1366.00 2095.00
1477.00 2123.00
1507.00 2164.00
633.00 2251.00
353.00 2279.00
