898.00 517.00
1593.00 660.00
571.00 683.00
1687.00 683.00
1542.00 701.00
1419.00 703.00
1042.00 705.00
1597.00 712.00
848.00 753.00
238.00 759.00
1188.00 766.00
1147.00 779.00
671.00 795.00
1600.00 797.00
1695.00 802.00
530.00 805.00
1307.00 806.00
987.00 807.00
1449.00 813.00
1541.00 826.00
221.00 841.00
757.00 841.00
1309.00 854.00
1384.00 854.00
1492.00 859.00
1432.00 861.00
1287.00 908.00
1335.00 921.00
1147.00 958.00
494.00 979.00
1327.00 987.00
996.00 996.00
1053.00 1006.00
1094.00 1009.00
667.00 1020.00
502.00 1032.00
1934.00 1061.00
1315.00 1069.00
635.00 1078.00
206.00 1099.00
1231.00 1108.00
852.00 1135.00
1097.00 1135.00
599.00 1140.00
1017.00 1147.00
1232.00 1150.00
501.00 1165.00
203.00 1168.00
1852.00 1202.00
257.00 1203.00
597.00 1206.00
200.00 1217.00
929.00 1223.00
745.00 1231.00
1314.00 1232.00
355.00 1240.00
1387.00 1240.00
1235.00 1242.00
840.00 1246.00
888.00 1251.00
595.00 1270.00
826.00 1287.00
785.00 1295.00
360.00 1296.00
1134.00 1297.00
1300.00 1310.00
598.00 1313.00
1900.00 1324.00
328.00 1340.00
856.00 1348.00
621.00 1360.00
1167.00 1364.00
379.00 1368.00
1935.00 1369.00
1321.00 1375.00
825.00 1396.00
2002.00 1397.00
605.00 1412.00
373.00 1422.00
918.00 1426.00
437.00 1431.00
652.00 1440.00
1053.00 1445.00
1231.00 1455.00
1703.00 1455.00
1930.00 1467.00
722.00 1479.00
648.00 1484.00
774.00 1485.00
603.00 1487.00
1113.00 1488.00
1064.00 1492.00
1002.00 1503.00
497.00 1504.00
326.00 1513.00
1856.00 1532.00
936.00 1541.00
1160.00 1570.00
768.00 1576.00
494.00 1585.00
216.00 1591.00
926.00 1592.00
1286.00 1592.00
392.00 1593.00
1201.00 1597.00
1056.00 1624.00
599.00 1632.00
422.00 1659.00
486.00 1659.00
933.00 1660.00
1997.00 1672.00
1481.00 1677.00
215.00 1698.00
975.00 1698.00
1220.00 1698.00
508.00 1701.00
709.00 1701.00
1663.00 1702.00
634.00 1709.00
909.00 1710.00
1099.00 1720.00
1567.00 1729.00
1224.00 1740.00
505.00 1744.00
819.00 1761.00
1094.00 1768.00
1702.00 1768.00
772.00 1769.00
1141.00 1774.00
1330.00 1778.00
1608.00 1789.00
1559.00 1806.00
1153.00 1816.00
1364.00 1826.00
1276.00 1845.00
1445.00 1845.00
687.00 1853.00
1890.00 1906.00
1760.00 1907.00
463.00 1908.00
1689.00 1908.00
1422.00 1918.00
1006.00 1919.00
1586.00 1936.00
1644.00 1944.00
1711.00 1962.00
269.00 1983.00
748.00 1993.00
1414.00 1999.00
1762.00 2002.00
523.00 2010.00
1676.00 2022.00
1266.00 2028.00
1364.00 2032.00
1083.00 2036.00
1419.00 2042.00
1739.00 2089.00
1840.00 2105.00
1580.00 2108.00
1303.00 2116.00
1702.00 2130.00
2023.00 2156.00
1680.00 2194.00
422.00 2210.00
1230.00 2228.00
2010.00 2228.00
1009.00 2246.00
1893.00 2248.00
1775.00 2250.00
469.00 2278.00
1668.00 2289.00
523.00 2352.00
577.00 2425.00
