17.00 349.00
136.00 397.00
880.00 533.00
98.00 578.00
177.00 600.00
1045.00 647.00
46.00 672.00
1585.00 714.00
173.00 759.00
700.00 764.00
235.00 774.00
1607.00 807.00
1361.00 826.00
993.00 835.00
1217.00 895.00
1659.00 911.00
593.00 918.00
759.00 922.00
1400.00 923.00
14.00 930.00
1266.00 940.00
698.00 975.00
781.00 976.00
1009.00 994.00
1416.00 1025.00
152.00 1059.00
401.00 1079.00
1365.00 1115.00
524.00 1118.00
1511.00 1120.00
64.00 1131.00
277.00 1140.00
442.00 1175.00
1199.00 1175.00
55.00 1230.00
196.00 1244.00
170.00 1302.00
274.00 1311.00
859.00 1323.00
983.00 1347.00
787.00 1356.00
206.00 1357.00
328.00 1359.00
857.00 1382.00
857.00 1443.00
319.00 1468.00
782.00 1476.00
356.00 1522.00
851.00 1559.00
221.00 1607.00
1269.00 1615.00
839.00 1643.00
201.00 1654.00
972.00 1676.00
972.00 1748.00
764.00 1751.00
723.00 1752.00
840.00 1754.00
362.00 1770.00
140.00 1837.00
436.00 1887.00
52.00 1975.00
374.00 2065.00
872.00 2082.00
431.00 2095.00
13.00 2103.00
962.00 2104.00
695.00 2214.00
212.00 2228.00
959.00 2229.00
459.00 2269.00
189.00 2367.00
818.00 2368.00
513.00 2449.00
516.00 2508.00
948.00 2719.00
1315.00 2836.00
