1268.00 464.00
1802.00 587.00
1335.00 630.00
1444.00 672.00
1364.00 704.00
1503.00 746.00
2019.00 922.00
1815.00 938.00
1092.00 939.00
1532.00 986.00
1776.00 988.00
820.00 1007.00
1397.00 1014.00
1954.00 1058.00
1881.00 1073.00
813.00 1089.00
1260.00 1090.00
1641.00 1119.00
948.00 1143.00
617.00 1144.00
710.00 1173.00
421.00 1184.00
348.00 1188.00
771.00 1193.00
1089.00 1205.00
813.00 1207.00
1149.00 1229.00
426.00 1232.00
986.00 1247.00
1877.00 1255.00
1208.00 1259.00
1061.00 1265.00
359.00 1266.00
658.00 1270.00
1391.00 1279.00
1715.00 1299.00
1155.00 1303.00
707.00 1305.00
1870.00 1307.00
1033.00 1312.00
1488.00 1317.00
1917.00 1330.00
1616.00 1341.00
321.00 1343.00
412.00 1345.00
1156.00 1352.00
916.00 1355.00
982.00 1365.00
1032.00 1371.00
1386.00 1380.00
1283.00 1383.00
606.00 1390.00
1173.00 1413.00
350.00 1415.00
1607.00 1425.00
763.00 1429.00
676.00 1430.00
866.00 1430.00
1474.00 1436.00
1518.00 1436.00
819.00 1441.00
1372.00 1441.00
461.00 1455.00
364.00 1462.00
1198.00 1470.00
303.00 1493.00
601.00 1498.00
1285.00 1507.00
1553.00 1512.00
653.00 1515.00
1982.00 1518.00
1033.00 1520.00
1360.00 1525.00
746.00 1527.00
1420.00 1530.00
1618.00 1530.00
482.00 1540.00
1080.00 1540.00
1492.00 1541.00
1811.00 1551.00
835.00 1561.00
283.00 1568.00
610.00 1570.00
1370.00 1571.00
1646.00 1577.00
765.00 1584.00
1305.00 1584.00
877.00 1591.00
1555.00 1598.00
481.00 1600.00
1783.00 1602.00
1470.00 1608.00
1369.00 1613.00
1732.00 1618.00
1416.00 1620.00
703.00 1621.00
1514.00 1623.00
1679.00 1623.00
744.00 1630.00
799.00 1633.00
1272.00 1644.00
1326.00 1644.00
1473.00 1651.00
279.00 1653.00
1630.00 1662.00
476.00 1679.00
1425.00 1681.00
755.00 1684.00
1319.00 1691.00
1683.00 1703.00
1804.00 1704.00
276.00 1709.00
1550.00 1710.00
1608.00 1710.00
1032.00 1719.00
2131.00 1720.00
1290.00 1744.00
520.00 1746.00
1508.00 1752.00
276.00 1753.00
1065.00 1762.00
1434.00 1763.00
831.00 1778.00
471.00 1794.00
279.00 1799.00
1378.00 1823.00
1532.00 1825.00
361.00 1826.00
1490.00 1826.00
2115.00 1826.00
1446.00 1830.00
1319.00 1831.00
1762.00 1833.00
1932.00 1837.00
1272.00 1853.00
556.00 1865.00
1668.00 1866.00
1052.00 1869.00
1751.00 1874.00
1427.00 1877.00
1609.00 1877.00
499.00 1884.00
429.00 1892.00
1289.00 1903.00
1350.00 1911.00
1064.00 1912.00
1859.00 1929.00
1610.00 1941.00
552.00 1947.00
820.00 1955.00
1331.00 1963.00
392.00 1965.00
462.00 1966.00
274.00 1967.00
1482.00 1971.00
1431.00 1973.00
340.00 1980.00
696.00 1992.00
1830.00 1995.00
600.00 1998.00
550.00 2000.00
855.00 2008.00
1272.00 2011.00
1189.00 2012.00
1098.00 2025.00
1336.00 2027.00
268.00 2037.00
1667.00 2038.00
801.00 2039.00
695.00 2045.00
397.00 2047.00
457.00 2047.00
1272.00 2054.00
322.00 2057.00
259.00 2081.00
426.00 2088.00
478.00 2098.00
695.00 2100.00
763.00 2102.00
384.00 2105.00
1324.00 2107.00
1876.00 2109.00
1556.00 2110.00
625.00 2115.00
1751.00 2146.00
1111.00 2150.00
470.00 2152.00
1492.00 2167.00
1818.00 2171.00
1901.00 2171.00
279.00 2197.00
1861.00 2230.00
972.00 2263.00
277.00 2287.00
384.00 2295.00
228.00 2368.00
673.00 2369.00
739.00 2390.00
280.00 2412.00
1667.00 2419.00
1768.00 2435.00
727.00 2463.00
1009.00 2464.00
1114.00 2476.00
2044.00 2476.00
1873.00 2477.00
629.00 2483.00
770.00 2543.00
723.00 2554.00
1594.00 2568.00
143.00 2584.00
456.00 2749.00
