468.00 525.00
392.00 527.00
312.00 529.00
992.00 561.00
847.00 580.00
636.00 582.00
463.00 587.00
917.00 603.00
131.00 619.00
312.00 619.00
1029.00 638.00
1759.00 640.00
383.00 672.00
1711.00 721.00
1933.00 724.00
52.00 728.00
916.00 729.00
1025.00 730.00
315.00 732.00
608.00 732.00
465.00 733.00
742.00 745.00
1309.00 762.00
119.00 775.00
604.00 776.00
1022.00 783.00
1104.00 787.00
1158.00 792.00
1452.00 792.00
1667.00 793.00
1236.00 794.00
1387.00 795.00
1524.00 829.00
787.00 831.00
1015.00 841.00
1328.00 845.00
916.00 848.00
461.00 862.00
686.00 862.00
915.00 898.00
1391.00 929.00
1579.00 929.00
2042.00 929.00
36.00 946.00
118.00 949.00
549.00 950.00
720.00 975.00
990.00 976.00
897.00 986.00
1279.00 994.00
516.00 1023.00
1221.00 1027.00
1149.00 1028.00
1289.00 1035.00
1693.00 1037.00
1417.00 1049.00
1898.00 1082.00
39.00 1090.00
1696.00 1118.00
1755.00 1120.00
315.00 1130.00
561.00 1152.00
1612.00 1167.00
1732.00 1181.00
1409.00 1183.00
488.00 1189.00
1460.00 1191.00
1836.00 1193.00
1016.00 1197.00
1641.00 1211.00
747.00 1214.00
823.00 1215.00
378.00 1216.00
1752.00 1230.00
1207.00 1252.00
387.00 1265.00
494.00 1266.00
1260.00 1279.00
986.00 1282.00
1534.00 1302.00
23.00 1305.00
1177.00 1306.00
69.00 1318.00
1420.00 1318.00
695.00 1321.00
215.00 1332.00
1621.00 1340.00
1247.00 1350.00
638.00 1357.00
1100.00 1374.00
1293.00 1380.00
1708.00 1383.00
1537.00 1384.00
462.00 1391.00
551.00 1393.00
1241.00 1405.00
1178.00 1414.00
1770.00 1414.00
98.00 1416.00
1455.00 1417.00
188.00 1425.00
31.00 1428.00
237.00 1428.00
1983.00 1442.00
1930.00 1449.00
1319.00 1450.00
1136.00 1458.00
673.00 1460.00
1468.00 1470.00
519.00 1472.00
1542.00 1473.00
1269.00 1477.00
10.00 1515.00
129.00 1531.00
1411.00 1532.00
2081.00 1532.00
1223.00 1536.00
912.00 1541.00
1020.00 1550.00
1337.00 1553.00
1544.00 1571.00
1463.00 1599.00
1744.00 1612.00
1548.00 1619.00
1462.00 1647.00
422.00 1661.00
1836.00 1676.00
463.00 1679.00
625.00 1692.00
1875.00 1777.00
1459.00 1816.00
2041.00 1839.00
1880.00 1859.00
1800.00 1881.00
1527.00 1947.00
1745.00 2056.00
194.00 2156.00
1120.00 2166.00
379.00 2281.00
1015.00 2308.00
465.00 2332.00
