1355.00 52.00
758.00 176.00
1901.00 205.00
1918.00 248.00
1615.00 313.00
1685.00 419.00
1854.00 430.00
1607.00 440.00
1515.00 545.00
592.00 578.00
1009.00 581.00
467.00 593.00
598.00 747.00
112.00 755.00
162.00 775.00
1219.00 781.00
397.00 834.00
1157.00 865.00
1075.00 874.00
1355.00 915.00
1073.00 927.00
1019.00 950.00
402.00 977.00
246.00 1011.00
906.00 1026.00
388.00 1041.00
232.00 1054.00
869.00 1079.00
680.00 1101.00
1030.00 1143.00
450.00 1179.00
1673.00 1199.00
924.00 1221.00
542.00 1227.00
216.00 1247.00
1129.00 1260.00
732.00 1269.00
1318.00 1269.00
664.00 1273.00
607.00 1277.00
1048.00 1297.00
1007.00 1299.00
353.00 1311.00
1172.00 1322.00
189.00 1325.00
1381.00 1334.00
1322.00 1340.00
1703.00 1359.00
1816.00 1359.00
1576.00 1388.00
459.00 1400.00
1635.00 1407.00
354.00 1410.00
1059.00 1413.00
1208.00 1414.00
920.00 1440.00
1296.00 1443.00
659.00 1446.00
351.00 1458.00
1345.00 1460.00
1136.00 1463.00
441.00 1464.00
1194.00 1471.00
940.00 1494.00
1247.00 1509.00
1138.00 1515.00
698.00 1519.00
1613.00 1542.00
1746.00 1549.00
1499.00 1573.00
912.00 1576.00
1668.00 1594.00
1725.00 1594.00
281.00 1599.00
957.00 1601.00
1781.00 1619.00
1624.00 1663.00
1770.00 1707.00
1819.00 1756.00
191.00 1761.00
1445.00 1795.00
1796.00 1807.00
1837.00 1812.00
1111.00 1816.00
822.00 1828.00
1186.00 1828.00
1774.00 1859.00
740.00 1868.00
894.00 1906.00
1586.00 1924.00
1643.00 1928.00
812.00 1949.00
1142.00 1967.00
1459.00 1969.00
917.00 2007.00
758.00 2027.00
1804.00 2037.00
1519.00 2058.00
1713.00 2078.00
1197.00 2190.00
1014.00 2296.00
1710.00 2363.00
503.00 2396.00
38.00 2561.00
