2100.00 146.00
575.00 333.00
890.00 365.00
545.00 427.00
1931.00 496.00
424.00 507.00
524.00 545.00
728.00 558.00
995.00 565.00
995.00 648.00
1593.00 679.00
2043.00 685.00
560.00 691.00
1547.00 691.00
1717.00 696.00
1428.00 701.00
944.00 716.00
1982.00 720.00
1133.00 727.00
1568.00 736.00
1243.00 738.00
2078.00 745.00
1345.00 747.00
2024.00 787.00
651.00 791.00
922.00 802.00
2135.00 816.00
1540.00 824.00
1087.00 826.00
1616.00 829.00
232.00 835.00
766.00 837.00
1282.00 842.00
275.00 845.00
2077.00 853.00
1937.00 854.00
897.00 855.00
541.00 871.00
1062.00 872.00
216.00 889.00
2141.00 889.00
1955.00 912.00
366.00 928.00
1737.00 933.00
2090.00 936.00
1473.00 957.00
1939.00 968.00
925.00 972.00
480.00 995.00
2151.00 997.00
1660.00 1004.00
1609.00 1012.00
1908.00 1017.00
2021.00 1017.00
664.00 1022.00
1361.00 1022.00
1421.00 1029.00
1822.00 1030.00
1692.00 1051.00
812.00 1052.00
264.00 1058.00
1952.00 1058.00
729.00 1061.00
832.00 1097.00
1312.00 1098.00
770.00 1111.00
1620.00 1116.00
664.00 1124.00
465.00 1126.00
1095.00 1127.00
335.00 1130.00
1147.00 1130.00
1693.00 1133.00
1233.00 1136.00
280.00 1147.00
1003.00 1147.00
1551.00 1149.00
2128.00 1150.00
224.00 1154.00
1297.00 1160.00
413.00 1163.00
1967.00 1171.00
916.00 1173.00
1442.00 1180.00
1733.00 1180.00
1055.00 1186.00
1505.00 1200.00
2121.00 1206.00
789.00 1228.00
2075.00 1230.00
1436.00 1231.00
1571.00 1231.00
588.00 1241.00
1066.00 1264.00
326.00 1274.00
1260.00 1274.00
279.00 1277.00
896.00 1277.00
1322.00 1278.00
1546.00 1283.00
983.00 1287.00
1946.00 1288.00
1429.00 1291.00
700.00 1292.00
214.00 1295.00
491.00 1295.00
1634.00 1296.00
741.00 1299.00
659.00 1305.00
1480.00 1307.00
1196.00 1318.00
1844.00 1319.00
1593.00 1321.00
1053.00 1331.00
827.00 1338.00
1425.00 1341.00
1351.00 1345.00
259.00 1354.00
601.00 1360.00
459.00 1363.00
2034.00 1363.00
2148.00 1368.00
765.00 1369.00
1706.00 1369.00
1002.00 1380.00
1467.00 1387.00
655.00 1395.00
1079.00 1399.00
597.00 1402.00
1874.00 1408.00
1818.00 1414.00
1716.00 1430.00
1775.00 1430.00
1000.00 1433.00
1169.00 1438.00
1671.00 1445.00
1427.00 1469.00
1901.00 1476.00
1349.00 1480.00
1119.00 1482.00
1163.00 1482.00
2092.00 1495.00
1539.00 1508.00
1068.00 1518.00
1960.00 1526.00
1381.00 1528.00
1430.00 1530.00
1006.00 1533.00
1276.00 1538.00
1761.00 1539.00
1684.00 1560.00
1500.00 1569.00
1820.00 1580.00
212.00 1585.00
1262.00 1592.00
1103.00 1605.00
1617.00 1609.00
2148.00 1611.00
1967.00 1613.00
1544.00 1619.00
1925.00 1621.00
1159.00 1641.00
1647.00 1662.00
2137.00 1667.00
2027.00 1670.00
514.00 1673.00
1217.00 1673.00
1334.00 1678.00
747.00 1679.00
1786.00 1679.00
860.00 1689.00
1973.00 1703.00
1607.00 1715.00
1080.00 1717.00
1190.00 1729.00
871.00 1741.00
1919.00 1742.00
677.00 1753.00
1595.00 1762.00
1442.00 1763.00
1647.00 1770.00
575.00 1771.00
311.00 1780.00
914.00 1786.00
1927.00 1829.00
1801.00 1833.00
1695.00 1838.00
1278.00 1839.00
892.00 1842.00
362.00 1858.00
1949.00 1884.00
1697.00 1887.00
1594.00 1888.00
974.00 1905.00
814.00 1916.00
1319.00 1918.00
1362.00 1919.00
1233.00 1920.00
877.00 1924.00
1079.00 1925.00
777.00 1991.00
959.00 1996.00
1490.00 1999.00
1435.00 2006.00
1171.00 2008.00
1318.00 2010.00
1936.00 2018.00
1829.00 2019.00
641.00 2022.00
590.00 2031.00
825.00 2031.00
931.00 2037.00
2107.00 2037.00
991.00 2042.00
743.00 2043.00
1173.00 2060.00
1128.00 2068.00
1430.00 2071.00
1226.00 2074.00
1373.00 2084.00
957.00 2093.00
1872.00 2096.00
772.00 2101.00
1745.00 2118.00
1835.00 2137.00
443.00 2162.00
1856.00 2185.00
1663.00 2188.00
516.00 2195.00
2126.00 2200.00
584.00 2205.00
647.00 2217.00
2098.00 2246.00
1667.00 2254.00
919.00 2257.00
610.00 2264.00
1130.00 2289.00
1939.00 2292.00
1599.00 2301.00
319.00 2310.00
377.00 2321.00
1502.00 2323.00
1780.00 2323.00
957.00 2326.00
1384.00 2326.00
476.00 2340.00
1178.00 2365.00
1880.00 2367.00
246.00 2371.00
627.00 2372.00
1696.00 2374.00
1510.00 2388.00
1253.00 2405.00
859.00 2410.00
1849.00 2419.00
303.00 2423.00
1039.00 2432.00
1786.00 2439.00
1696.00 2440.00
946.00 2441.00
1447.00 2441.00
749.00 2455.00
680.00 2471.00
433.00 2486.00
1464.00 2512.00
1683.00 2518.00
2131.00 2522.00
1959.00 2538.00
1499.00 2563.00
1034.00 2567.00
725.00 2582.00
1865.00 2587.00
1743.00 2600.00
1991.00 2603.00
734.00 2635.00
1459.00 2672.00
1975.00 2681.00
