1112.00 138.00
549.00 203.00
499.00 232.00
1225.00 457.00
1168.00 461.00
8.00 501.00
975.00 577.00
1689.00 579.00
658.00 622.00
1280.00 641.00
268.00 652.00
1251.00 692.00
1586.00 707.00
459.00 728.00
503.00 766.00
244.00 839.00
847.00 861.00
1441.00 882.00
1210.00 910.00
1077.00 928.00
1028.00 936.00
1361.00 936.00
1132.00 942.00
156.00 943.00
1267.00 952.00
453.00 960.00
1429.00 960.00
1182.00 962.00
785.00 975.00
1340.00 986.00
1107.00 1006.00
886.00 1011.00
1418.00 1022.00
804.00 1032.00
501.00 1033.00
1338.00 1034.00
125.00 1045.00
456.00 1045.00
676.00 1093.00
768.00 1108.00
878.00 1116.00
931.00 1122.00
417.00 1146.00
566.00 1159.00
346.00 1191.00
854.00 1202.00
498.00 1219.00
328.00 1257.00
243.00 1319.00
465.00 1340.00
385.00 1342.00
791.00 1353.00
631.00 1403.00
1142.00 1700.00
1431.00 1747.00
