338.00 131.00
812.00 242.00
309.00 557.00
925.00 590.00
937.00 642.00
1114.00 714.00
1163.00 735.00
2089.00 735.00
1919.00 781.00
2067.00 785.00
450.00 803.00
290.00 812.00
492.00 826.00
469.00 901.00
1926.00 927.00
1801.00 938.00
2123.00 948.00
1470.00 991.00
1929.00 1011.00
1932.00 1069.00
1172.00 1153.00
1123.00 1163.00
1265.00 1172.00
1891.00 1184.00
1470.00 1193.00
1730.00 1196.00
2090.00 1212.00
1469.00 1242.00
1942.00 1298.00
1220.00 1370.00
1169.00 1373.00
2149.00 1390.00
1901.00 1398.00
1312.00 1413.00
1541.00 1497.00
322.00 1532.00
1499.00 1535.00
2013.00 1551.00
1958.00 1619.00
1911.00 1623.00
1565.00 1628.00
1448.00 1671.00
1539.00 1684.00
1656.00 1688.00
1600.00 1701.00
2120.00 1731.00
1813.00 1843.00
1771.00 1857.00
724.00 1888.00
2131.00 1898.00
1361.00 1901.00
1458.00 1909.00
1582.00 1948.00
1974.00 1952.00
984.00 1966.00
1388.00 1966.00
1928.00 1981.00
1644.00 1984.00
1381.00 2013.00
1518.00 2034.00
1730.00 2066.00
838.00 2088.00
1804.00 2110.00
915.00 2126.00
1680.00 2133.00
874.00 2151.00
1715.00 2174.00
1651.00 2187.00
1027.00 2191.00
1415.00 2191.00
911.00 2193.00
1748.00 2228.00
1591.00 2229.00
1455.00 2237.00
1860.00 2242.00
1653.00 2255.00
1808.00 2260.00
2037.00 2264.00
1208.00 2274.00
1541.00 2278.00
831.00 2289.00
1785.00 2304.00
915.00 2305.00
1353.00 2342.00
1768.00 2351.00
839.00 2352.00
1027.00 2363.00
915.00 2367.00
1426.00 2400.00
1584.00 2403.00
1639.00 2423.00
813.00 2428.00
1941.00 2433.00
922.00 2443.00
1499.00 2462.00
1413.00 2472.00
814.00 2488.00
1083.00 2493.00
1871.00 2529.00
2063.00 2541.00
982.00 2557.00
1050.00 2567.00
1346.00 2568.00
842.00 2591.00
1545.00 2611.00
920.00 2636.00
1601.00 2658.00
1462.00 2676.00
914.00 2697.00
