639.00 588.00
53.00 625.00
762.00 818.00
329.00 840.00
878.00 921.00
27.00 1018.00
147.00 1037.00
167.00 1157.00
678.00 1195.00
302.00 1298.00
226.00 1303.00
159.00 1306.00
76.00 1311.00
14.00 1319.00
156.00 1352.00
532.00 1367.00
887.00 1371.00
282.00 1378.00
323.00 1378.00
112.00 1379.00
416.00 1384.00
892.00 1412.00
496.00 1422.00
54.00 1430.00
842.00 1434.00
284.00 1438.00
546.00 1447.00
712.00 1450.00
148.00 1466.00
235.00 1472.00
850.00 1476.00
512.00 1502.00
666.00 1510.00
360.00 1523.00
849.00 1524.00
709.00 1530.00
175.00 1567.00
839.00 1572.00
427.00 1574.00
863.00 1697.00
664.00 1730.00
740.00 1850.00
679.00 1905.00
202.00 1924.00
334.00 1929.00
265.00 1949.00
390.00 1961.00
620.00 2017.00
448.00 2032.00
492.00 2059.00
647.00 2100.00
287.00 2107.00
173.00 2109.00
340.00 2140.00
331.00 2193.00
500.00 2199.00
385.00 2243.00
9.00 2302.00
12.00 2667.00
