1049.00 152.00
1023.00 219.00
1614.00 289.00
827.00 318.00
1363.00 332.00
1597.00 333.00
1433.00 334.00
1523.00 351.00
819.00 359.00
1594.00 396.00
962.00 399.00
1021.00 405.00
1388.00 408.00
1249.00 417.00
1594.00 460.00
1676.00 480.00
792.00 483.00
1468.00 501.00
1170.00 514.00
612.00 534.00
899.00 540.00
979.00 540.00
1417.00 542.00
768.00 558.00
1608.00 587.00
1017.00 596.00
1853.00 628.00
873.00 636.00
643.00 648.00
924.00 655.00
742.00 660.00
1479.00 677.00
981.00 689.00
567.00 695.00
1111.00 697.00
1221.00 700.00
641.00 714.00
1689.00 715.00
1070.00 721.00
784.00 732.00
915.00 736.00
724.00 740.00
639.00 768.00
885.00 782.00
709.00 783.00
1381.00 794.00
1112.00 795.00
1638.00 796.00
2024.00 796.00
1271.00 797.00
1071.00 802.00
1530.00 802.00
637.00 809.00
1218.00 811.00
1427.00 812.00
1688.00 816.00
1139.00 836.00
1042.00 843.00
123.00 854.00
1083.00 855.00
1345.00 857.00
1611.00 860.00
1884.00 863.00
715.00 866.00
762.00 867.00
1186.00 879.00
1245.00 891.00
1301.00 897.00
1576.00 902.00
1762.00 903.00
750.00 911.00
697.00 915.00
1129.00 917.00
2031.00 917.00
1342.00 922.00
1886.00 935.00
1446.00 948.00
1075.00 953.00
901.00 955.00
1577.00 956.00
702.00 958.00
648.00 965.00
1624.00 972.00
1249.00 975.00
352.00 982.00
1385.00 983.00
597.00 984.00
911.00 997.00
1000.00 1005.00
1579.00 1005.00
807.00 1027.00
316.00 1031.00
1334.00 1038.00
948.00 1040.00
1805.00 1050.00
1121.00 1051.00
721.00 1055.00
1519.00 1063.00
442.00 1072.00
215.00 1082.00
1088.00 1092.00
1669.00 1095.00
131.00 1098.00
621.00 1104.00
851.00 1112.00
1751.00 1114.00
545.00 1121.00
914.00 1128.00
994.00 1128.00
708.00 1131.00
200.00 1135.00
1113.00 1135.00
1454.00 1136.00
1982.00 1136.00
1687.00 1139.00
1343.00 1141.00
1866.00 1153.00
789.00 1155.00
1276.00 1156.00
1189.00 1158.00
249.00 1160.00
1545.00 1164.00
550.00 1173.00
914.00 1174.00
1749.00 1179.00
748.00 1185.00
1947.00 1187.00
1435.00 1189.00
1116.00 1190.00
706.00 1199.00
1267.00 1204.00
1201.00 1205.00
664.00 1209.00
1834.00 1212.00
427.00 1215.00
1757.00 1223.00
179.00 1230.00
1436.00 1232.00
1675.00 1239.00
1351.00 1252.00
813.00 1253.00
1034.00 1255.00
241.00 1273.00
569.00 1276.00
716.00 1276.00
1146.00 1277.00
424.00 1282.00
1548.00 1285.00
136.00 1293.00
1817.00 1298.00
2058.00 1299.00
769.00 1302.00
1439.00 1320.00
1678.00 1320.00
660.00 1323.00
492.00 1325.00
236.00 1342.00
419.00 1343.00
91.00 1359.00
489.00 1371.00
1856.00 1372.00
1439.00 1390.00
827.00 1391.00
1152.00 1393.00
1237.00 1404.00
2038.00 1404.00
1550.00 1406.00
1682.00 1414.00
1342.00 1423.00
410.00 1435.00
1619.00 1436.00
927.00 1441.00
1484.00 1442.00
1134.00 1444.00
253.00 1447.00
453.00 1447.00
1395.00 1457.00
1442.00 1463.00
159.00 1472.00
1925.00 1477.00
451.00 1490.00
186.00 1515.00
1397.00 1518.00
1149.00 1527.00
1191.00 1532.00
447.00 1549.00
822.00 1551.00
94.00 1557.00
1398.00 1561.00
1934.00 1566.00
1248.00 1571.00
150.00 1574.00
1135.00 1579.00
431.00 1605.00
255.00 1608.00
484.00 1609.00
844.00 1609.00
1747.00 1611.00
672.00 1620.00
790.00 1621.00
1130.00 1627.00
1396.00 1633.00
1812.00 1636.00
562.00 1641.00
1990.00 1649.00
275.00 1651.00
1741.00 1652.00
1568.00 1655.00
121.00 1668.00
225.00 1682.00
541.00 1682.00
1489.00 1686.00
1397.00 1691.00
1059.00 1718.00
126.00 1722.00
1332.00 1737.00
1964.00 1743.00
1890.00 1756.00
1785.00 1761.00
1477.00 1783.00
869.00 1791.00
463.00 1794.00
1667.00 1798.00
283.00 1820.00
1187.00 1821.00
327.00 1822.00
1469.00 1834.00
1950.00 1843.00
211.00 1862.00
1487.00 1882.00
437.00 1883.00
1529.00 1883.00
1909.00 1889.00
1044.00 1898.00
1752.00 1906.00
345.00 1918.00
1298.00 1929.00
101.00 1935.00
1469.00 1946.00
404.00 1959.00
484.00 1971.00
1654.00 1983.00
1567.00 1988.00
121.00 1994.00
1961.00 2002.00
1507.00 2011.00
1361.00 2039.00
941.00 2040.00
1283.00 2044.00
368.00 2047.00
1587.00 2054.00
147.00 2059.00
1448.00 2061.00
606.00 2064.00
1922.00 2066.00
2020.00 2078.00
1611.00 2105.00
1334.00 2108.00
1208.00 2117.00
267.00 2118.00
1088.00 2124.00
978.00 2136.00
1589.00 2152.00
507.00 2153.00
1248.00 2163.00
429.00 2167.00
388.00 2174.00
1488.00 2190.00
339.00 2193.00
838.00 2200.00
431.00 2209.00
663.00 2212.00
956.00 2216.00
1431.00 2217.00
1644.00 2219.00
707.00 2229.00
520.00 2239.00
1837.00 2240.00
1006.00 2242.00
1047.00 2245.00
438.00 2250.00
1510.00 2260.00
1436.00 2271.00
837.00 2276.00
1363.00 2280.00
1283.00 2287.00
1587.00 2287.00
1492.00 2301.00
911.00 2309.00
1078.00 2309.00
1005.00 2317.00
953.00 2344.00
750.00 2368.00
1493.00 2369.00
1152.00 2394.00
1683.00 2412.00
836.00 2422.00
923.00 2466.00
989.00 2468.00
805.00 2485.00
243.00 2486.00
1047.00 2496.00
150.00 2499.00
1439.00 2510.00
639.00 2512.00
1942.00 2514.00
1656.00 2522.00
1106.00 2523.00
1009.00 2538.00
1382.00 2547.00
1282.00 2549.00
1199.00 2555.00
1896.00 2559.00
1632.00 2565.00
1947.00 2568.00
1288.00 2591.00
1352.00 2592.00
1143.00 2626.00
1552.00 2626.00
1870.00 2628.00
970.00 2639.00
194.00 2678.00
1367.00 2696.00
1510.00 2706.00
