69.00 152.00
20.00 159.00
696.00 191.00
1288.00 201.00
1199.00 214.00
32.00 229.00
1408.00 231.00
118.00 235.00
643.00 248.00
1180.00 271.00
993.00 272.00
1093.00 278.00
832.00 280.00
241.00 299.00
591.00 306.00
1226.00 325.00
1374.00 334.00
1144.00 344.00
1427.00 355.00
217.00 372.00
1373.00 382.00
493.00 384.00
780.00 384.00
1223.00 385.00
977.00 394.00
361.00 402.00
1291.00 405.00
1431.00 407.00
1613.00 412.00
1122.00 417.00
314.00 419.00
223.00 423.00
458.00 441.00
59.00 449.00
1313.00 461.00
1372.00 466.00
125.00 469.00
236.00 477.00
390.00 481.00
741.00 489.00
1109.00 490.00
299.00 495.00
907.00 505.00
1044.00 505.00
155.00 516.00
1556.00 520.00
1488.00 523.00
402.00 524.00
231.00 533.00
597.00 537.00
319.00 547.00
950.00 547.00
1775.00 550.00
272.00 562.00
1732.00 562.00
1349.00 567.00
452.00 569.00
1153.00 586.00
549.00 595.00
1534.00 598.00
317.00 609.00
712.00 625.00
1103.00 625.00
1490.00 642.00
1053.00 646.00
1785.00 675.00
1486.00 685.00
793.00 687.00
1229.00 703.00
1599.00 703.00
636.00 705.00
15.00 714.00
715.00 717.00
1762.00 717.00
592.00 723.00
1136.00 727.00
389.00 733.00
855.00 734.00
1292.00 738.00
206.00 741.00
765.00 747.00
145.00 750.00
345.00 751.00
1563.00 754.00
1693.00 763.00
531.00 780.00
237.00 787.00
1153.00 789.00
1280.00 791.00
689.00 797.00
743.00 802.00
1600.00 802.00
395.00 803.00
1023.00 807.00
794.00 810.00
484.00 814.00
1649.00 815.00
969.00 822.00
1069.00 823.00
1690.00 824.00
1372.00 825.00
1248.00 832.00
602.00 833.00
652.00 842.00
869.00 847.00
695.00 851.00
742.00 856.00
427.00 862.00
1364.00 878.00
1424.00 882.00
1714.00 889.00
604.00 893.00
414.00 906.00
730.00 906.00
682.00 916.00
488.00 921.00
1350.00 932.00
1471.00 932.00
971.00 934.00
590.00 939.00
539.00 945.00
1398.00 946.00
875.00 947.00
1032.00 949.00
1751.00 950.00
1694.00 964.00
1110.00 966.00
1510.00 976.00
1461.00 978.00
376.00 982.00
689.00 982.00
842.00 988.00
1358.00 996.00
644.00 1009.00
769.00 1011.00
1002.00 1012.00
1131.00 1017.00
698.00 1024.00
849.00 1031.00
453.00 1050.00
215.00 1051.00
1302.00 1065.00
944.00 1067.00
19.00 1085.00
1259.00 1093.00
1372.00 1093.00
353.00 1107.00
782.00 1110.00
875.00 1114.00
1320.00 1115.00
1431.00 1135.00
1387.00 1153.00
272.00 1156.00
39.00 1161.00
160.00 1171.00
1521.00 1173.00
1433.00 1180.00
336.00 1192.00
406.00 1201.00
1720.00 1203.00
610.00 1207.00
230.00 1210.00
358.00 1233.00
158.00 1240.00
1356.00 1242.00
1110.00 1243.00
1398.00 1251.00
264.00 1253.00
418.00 1253.00
1508.00 1261.00
1296.00 1267.00
658.00 1272.00
1028.00 1282.00
192.00 1284.00
71.00 1289.00
148.00 1290.00
554.00 1295.00
1106.00 1295.00
1425.00 1296.00
1181.00 1300.00
1366.00 1303.00
1469.00 1310.00
672.00 1317.00
1041.00 1335.00
965.00 1339.00
284.00 1342.00
215.00 1360.00
1167.00 1370.00
1673.00 1374.00
283.00 1392.00
829.00 1406.00
1032.00 1412.00
1084.00 1418.00
1692.00 1423.00
1545.00 1427.00
1084.00 1469.00
350.00 1481.00
1533.00 1486.00
930.00 1491.00
1371.00 1521.00
1106.00 1523.00
735.00 1530.00
328.00 1552.00
372.00 1552.00
1402.00 1591.00
1203.00 1593.00
423.00 1616.00
1602.00 1635.00
1560.00 1675.00
1093.00 1696.00
840.00 1756.00
1102.00 1771.00
602.00 1843.00
1392.00 1847.00
1247.00 1848.00
1584.00 1853.00
309.00 1909.00
247.00 1911.00
1219.00 1914.00
1598.00 1917.00
233.00 1970.00
923.00 1970.00
579.00 1990.00
526.00 1994.00
1381.00 2139.00
1687.00 2197.00
822.00 2276.00
638.00 2296.00
1183.00 2331.00
423.00 2352.00
1393.00 2354.00
1486.00 2362.00
1154.00 2395.00
1406.00 2408.00
1466.00 2418.00
812.00 2470.00
1376.00 2477.00
1122.00 2528.00
960.00 2617.00
802.00 2619.00
221.00 2631.00
1034.00 2633.00
171.00 2650.00
212.00 2716.00
