991.00 296.00
1303.00 317.00
1046.00 360.00
813.00 387.00
904.00 407.00
966.00 437.00
775.00 444.00
835.00 463.00
918.00 493.00
980.00 632.00
188.00 697.00
366.00 739.00
603.00 744.00
834.00 791.00
670.00 879.00
362.00 888.00
822.00 978.00
463.00 984.00
863.00 996.00
1335.00 1009.00
240.00 1036.00
13.00 1040.00
1172.00 1056.00
577.00 1059.00
746.00 1066.00
301.00 1068.00
352.00 1086.00
113.00 1096.00
429.00 1112.00
1440.00 1126.00
276.00 1145.00
586.00 1168.00
1691.00 1168.00
803.00 1169.00
216.00 1189.00
1021.00 1189.00
158.00 1190.00
1133.00 1195.00
104.00 1197.00
382.00 1203.00
181.00 1237.00
132.00 1242.00
668.00 1243.00
371.00 1244.00
1029.00 1246.00
255.00 1267.00
1479.00 1273.00
1765.00 1273.00
835.00 1275.00
1580.00 1289.00
719.00 1292.00
1432.00 1292.00
316.00 1297.00
412.00 1320.00
1704.00 1324.00
532.00 1333.00
999.00 1334.00
1559.00 1346.00
1517.00 1361.00
808.00 1364.00
2058.00 1368.00
1616.00 1372.00
921.00 1376.00
264.00 1391.00
1086.00 1393.00
1476.00 1403.00
711.00 1420.00
410.00 1432.00
1531.00 1439.00
1466.00 1454.00
111.00 1459.00
993.00 1469.00
354.00 1483.00
755.00 1484.00
1245.00 1484.00
1101.00 1485.00
236.00 1509.00
571.00 1522.00
1238.00 1531.00
353.00 1532.00
1032.00 1556.00
1772.00 1579.00
1648.00 1584.00
46.00 1588.00
875.00 1593.00
967.00 1597.00
1882.00 1599.00
813.00 1604.00
767.00 1606.00
1010.00 1614.00
1476.00 1635.00
490.00 1692.00
392.00 1704.00
1278.00 1717.00
693.00 1741.00
1361.00 1748.00
353.00 1757.00
1729.00 1771.00
305.00 1793.00
734.00 1793.00
381.00 1798.00
599.00 1809.00
1358.00 1845.00
1636.00 1876.00
1187.00 1896.00
1049.00 1931.00
741.00 1939.00
421.00 1944.00
530.00 1947.00
1456.00 1951.00
1664.00 1957.00
484.00 1987.00
583.00 1990.00
265.00 1996.00
867.00 2040.00
1500.00 2153.00
587.00 2157.00
827.00 2157.00
736.00 2203.00
647.00 2212.00
1310.00 2246.00
1153.00 2260.00
632.00 2264.00
1241.00 2264.00
585.00 2311.00
485.00 2322.00
697.00 2347.00
161.00 2400.00
