2111.00 594.00
1467.00 646.00
1337.00 647.00
811.00 662.00
976.00 667.00
1097.00 674.00
1293.00 680.00
1613.00 704.00
843.00 711.00
906.00 711.00
775.00 722.00
1654.00 722.00
1389.00 735.00
1224.00 743.00
1092.00 745.00
559.00 765.00
776.00 775.00
1795.00 776.00
1745.00 780.00
952.00 787.00
1389.00 789.00
1873.00 793.00
1507.00 800.00
408.00 807.00
449.00 811.00
661.00 819.00
600.00 859.00
1680.00 869.00
1127.00 877.00
1248.00 880.00
449.00 897.00
1013.00 903.00
946.00 913.00
552.00 915.00
1593.00 916.00
1222.00 926.00
345.00 928.00
823.00 929.00
1394.00 936.00
386.00 937.00
1781.00 945.00
697.00 949.00
928.00 957.00
1822.00 957.00
1468.00 958.00
805.00 1000.00
888.00 1002.00
754.00 1003.00
982.00 1007.00
1598.00 1023.00
1602.00 1084.00
343.00 1088.00
384.00 1104.00
1937.00 1107.00
292.00 1116.00
1253.00 1152.00
1509.00 1155.00
890.00 1172.00
1633.00 1175.00
591.00 1196.00
1568.00 1196.00
1020.00 1199.00
351.00 1212.00
1106.00 1215.00
792.00 1218.00
906.00 1221.00
1189.00 1231.00
954.00 1232.00
727.00 1244.00
1253.00 1244.00
590.00 1248.00
1362.00 1256.00
1082.00 1267.00
1723.00 1275.00
792.00 1279.00
1145.00 1299.00
662.00 1312.00
1704.00 1334.00
791.00 1336.00
1386.00 1342.00
1173.00 1355.00
1438.00 1363.00
1814.00 1363.00
891.00 1365.00
1707.00 1375.00
1660.00 1383.00
1615.00 1394.00
1225.00 1398.00
1514.00 1398.00
1830.00 1406.00
1454.00 1433.00
2019.00 1447.00
212.00 1451.00
1911.00 1453.00
1470.00 1477.00
909.00 1479.00
1584.00 1481.00
1076.00 1488.00
1942.00 1503.00
1177.00 1504.00
1424.00 1527.00
2010.00 1534.00
1587.00 1542.00
1964.00 1554.00
1826.00 1566.00
951.00 1571.00
1921.00 1576.00
2072.00 1588.00
1775.00 1592.00
1151.00 1597.00
1282.00 1609.00
1592.00 1615.00
1831.00 1628.00
1464.00 1642.00
1330.00 1654.00
1385.00 1654.00
1150.00 1656.00
796.00 1663.00
1863.00 1679.00
913.00 1688.00
1341.00 1702.00
1269.00 1711.00
1516.00 1794.00
1175.00 1810.00
1511.00 1835.00
