1238.00 76.00
1968.00 195.00
2020.00 278.00
1820.00 283.00
914.00 289.00
591.00 359.00
158.00 373.00
1568.00 381.00
223.00 385.00
551.00 404.00
655.00 413.00
611.00 436.00
1877.00 504.00
1171.00 531.00
711.00 561.00
1035.00 561.00
151.00 630.00
897.00 638.00
959.00 671.00
799.00 674.00
1802.00 681.00
564.00 764.00
648.00 785.00
1600.00 788.00
492.00 791.00
411.00 804.00
346.00 848.00
940.00 858.00
249.00 865.00
1657.00 902.00
303.00 904.00
425.00 935.00
499.00 971.00
879.00 975.00
49.00 987.00
1026.00 990.00
695.00 1047.00
1926.00 1060.00
1483.00 1064.00
1832.00 1066.00
753.00 1071.00
803.00 1079.00
1614.00 1081.00
424.00 1084.00
2059.00 1084.00
480.00 1087.00
954.00 1124.00
787.00 1129.00
1156.00 1139.00
1761.00 1141.00
859.00 1150.00
911.00 1171.00
954.00 1181.00
769.00 1189.00
1379.00 1190.00
1239.00 1204.00
1144.00 1208.00
819.00 1210.00
2000.00 1219.00
1846.00 1221.00
389.00 1224.00
909.00 1228.00
1561.00 1239.00
1194.00 1243.00
1767.00 1243.00
1662.00 1261.00
1242.00 1267.00
1468.00 1268.00
687.00 1274.00
1080.00 1275.00
2005.00 1281.00
1713.00 1284.00
1160.00 1291.00
1616.00 1293.00
1567.00 1295.00
1009.00 1299.00
1806.00 1306.00
410.00 1312.00
1503.00 1317.00
528.00 1334.00
951.00 1336.00
1452.00 1338.00
1411.00 1349.00
1677.00 1349.00
1162.00 1353.00
1775.00 1361.00
1605.00 1364.00
1273.00 1376.00
1507.00 1383.00
1835.00 1418.00
1458.00 1423.00
562.00 1424.00
1326.00 1430.00
1923.00 1435.00
1644.00 1694.00
795.00 1717.00
1916.00 1796.00
1740.00 1965.00
1349.00 2178.00
