762.00 567.00
766.00 655.00
1062.00 681.00
1159.00 754.00
1015.00 805.00
1260.00 810.00
1467.00 832.00
1259.00 856.00
1010.00 874.00
1059.00 883.00
1332.00 890.00
1181.00 913.00
142.00 922.00
926.00 958.00
145.00 978.00
979.00 994.00
930.00 1005.00
1600.00 1014.00
877.00 1016.00
1679.00 1020.00
1030.00 1031.00
1470.00 1040.00
1123.00 1044.00
1274.00 1064.00
1001.00 1075.00
1647.00 1081.00
1450.00 1087.00
1679.00 1124.00
925.00 1144.00
1539.00 1179.00
895.00 1191.00
1591.00 1234.00
1651.00 1242.00
1300.00 1244.00
1404.00 1257.00
843.00 1264.00
955.00 1271.00
1520.00 1285.00
1331.00 1292.00
1651.00 1292.00
1701.00 1296.00
1395.00 1305.00
745.00 1309.00
877.00 1317.00
963.00 1330.00
1517.00 1336.00
639.00 1340.00
1191.00 1358.00
1330.00 1358.00
1453.00 1366.00
1049.00 1377.00
1272.00 1390.00
943.00 1394.00
1335.00 1402.00
1513.00 1407.00
1159.00 1413.00
1271.00 1436.00
1117.00 1437.00
1659.00 1449.00
1542.00 1450.00
707.00 1452.00
750.00 1462.00
1015.00 1471.00
862.00 1482.00
1501.00 1504.00
795.00 1520.00
1557.00 1523.00
893.00 1524.00
1272.00 1534.00
1045.00 1541.00
864.00 1580.00
1013.00 1588.00
1173.00 1591.00
768.00 1594.00
1684.00 1602.00
1270.00 1617.00
1313.00 1617.00
1115.00 1620.00
1026.00 1629.00
1631.00 1631.00
1198.00 1659.00
827.00 1681.00
1505.00 1688.00
689.00 1696.00
1199.00 1708.00
1281.00 1709.00
1044.00 1721.00
782.00 1733.00
696.00 1737.00
629.00 1750.00
1342.00 1754.00
1039.00 1771.00
1275.00 1790.00
1458.00 1811.00
683.00 1814.00
1189.00 1816.00
869.00 1827.00
1040.00 1827.00
1371.00 1835.00
1508.00 1837.00
1638.00 1838.00
838.00 1869.00
1565.00 1869.00
742.00 1901.00
1214.00 1906.00
795.00 1911.00
628.00 1921.00
706.00 1985.00
788.00 2010.00
631.00 2073.00
711.00 2104.00
836.00 2136.00
898.00 2166.00
1218.00 2168.00
1485.00 2192.00
1163.00 2193.00
1033.00 2195.00
1112.00 2204.00
1273.00 2216.00
1476.00 2243.00
598.00 2444.00
1015.00 2459.00
