1441.00 80.00
1528.00 123.00
1458.00 128.00
1404.00 133.00
1785.00 154.00
1144.00 246.00
1276.00 278.00
1148.00 290.00
1234.00 290.00
817.00 393.00
615.00 398.00
1450.00 422.00
628.00 449.00
805.00 462.00
1357.00 466.00
1104.00 515.00
638.00 556.00
1463.00 618.00
1037.00 686.00
1087.00 696.00
1471.00 738.00
638.00 751.00
1115.00 790.00
1474.00 794.00
661.00 805.00
715.00 824.00
1750.00 831.00
1118.00 842.00
1478.00 862.00
716.00 879.00
1114.00 887.00
773.00 915.00
715.00 920.00
1122.00 932.00
824.00 950.00
1490.00 975.00
1877.00 987.00
717.00 993.00
892.00 996.00
1586.00 1020.00
793.00 1021.00
1492.00 1022.00
1538.00 1028.00
952.00 1038.00
1131.00 1039.00
718.00 1050.00
2124.00 1064.00
1625.00 1068.00
1669.00 1074.00
767.00 1077.00
1121.00 1086.00
1232.00 1094.00
1856.00 1104.00
1059.00 1110.00
720.00 1114.00
2115.00 1119.00
1675.00 1120.00
1446.00 1126.00
1371.00 1140.00
849.00 1143.00
949.00 1143.00
1005.00 1147.00
769.00 1159.00
720.00 1163.00
1302.00 1164.00
1655.00 1174.00
1127.00 1185.00
1604.00 1192.00
1775.00 1197.00
1033.00 1199.00
874.00 1200.00
1499.00 1200.00
1991.00 1202.00
1290.00 1208.00
2140.00 1213.00
1210.00 1221.00
1853.00 1221.00
770.00 1227.00
720.00 1234.00
1648.00 1246.00
923.00 1253.00
1928.00 1255.00
1347.00 1278.00
722.00 1280.00
1306.00 1280.00
901.00 1296.00
771.00 1298.00
1662.00 1300.00
2006.00 1304.00
1715.00 1329.00
1267.00 1330.00
1897.00 1330.00
1385.00 1333.00
721.00 1334.00
814.00 1335.00
1140.00 1338.00
1196.00 1363.00
1328.00 1379.00
1129.00 1382.00
1877.00 1395.00
1268.00 1397.00
1829.00 1399.00
799.00 1400.00
1129.00 1423.00
1414.00 1424.00
1331.00 1429.00
1633.00 1431.00
741.00 1437.00
926.00 1438.00
1541.00 1448.00
1177.00 1458.00
1132.00 1464.00
885.00 1473.00
773.00 1484.00
973.00 1486.00
1341.00 1486.00
1449.00 1487.00
732.00 1488.00
1516.00 1490.00
928.00 1491.00
1953.00 1491.00
1393.00 1492.00
825.00 1493.00
995.00 1527.00
1523.00 1535.00
1870.00 1550.00
873.00 1553.00
1008.00 1569.00
1344.00 1626.00
1568.00 1636.00
1880.00 1657.00
1034.00 1660.00
1406.00 1680.00
965.00 1692.00
993.00 1739.00
704.00 1746.00
1439.00 1748.00
1715.00 1752.00
772.00 1753.00
1841.00 1753.00
2005.00 1753.00
910.00 1757.00
1559.00 1767.00
839.00 1781.00
2053.00 1804.00
1647.00 1850.00
1986.00 1877.00
2063.00 1882.00
748.00 1900.00
1191.00 1925.00
2054.00 1940.00
1241.00 2082.00
1345.00 2119.00
991.00 2228.00
910.00 2292.00
1180.00 2309.00
1261.00 2312.00
1437.00 2322.00
1647.00 2335.00
1688.00 2337.00
786.00 2338.00
1746.00 2340.00
1789.00 2343.00
1114.00 2347.00
1946.00 2353.00
2003.00 2357.00
1209.00 2363.00
2128.00 2365.00
1359.00 2375.00
1437.00 2380.00
1494.00 2384.00
1786.00 2405.00
1997.00 2420.00
2057.00 2425.00
1083.00 2426.00
2115.00 2430.00
1350.00 2447.00
1391.00 2450.00
1454.00 2456.00
1843.00 2488.00
1908.00 2494.00
2082.00 2509.00
1494.00 2535.00
1445.00 2549.00
1357.00 2550.00
1814.00 2586.00
2079.00 2615.00
1347.00 2672.00
1389.00 2674.00
2062.00 2702.00
1812.00 2726.00
1370.00 2730.00
1874.00 2732.00
2051.00 2752.00
1326.00 2759.00
2005.00 2821.00
