861.00 445.00
2133.00 452.00
779.00 492.00
931.00 522.00
1298.00 527.00
801.00 545.00
1049.00 547.00
1920.00 590.00
975.00 599.00
2003.00 602.00
543.00 618.00
899.00 623.00
1042.00 627.00
666.00 634.00
707.00 638.00
679.00 679.00
759.00 679.00
2008.00 686.00
1056.00 749.00
1331.00 758.00
1981.00 828.00
1332.00 836.00
803.00 844.00
1879.00 844.00
900.00 870.00
863.00 911.00
940.00 915.00
1688.00 933.00
1466.00 934.00
491.00 950.00
2150.00 959.00
792.00 963.00
992.00 963.00
1659.00 977.00
629.00 1012.00
1001.00 1016.00
747.00 1054.00
516.00 1059.00
1255.00 1116.00
600.00 1120.00
1487.00 1132.00
614.00 1161.00
659.00 1162.00
1564.00 1173.00
1721.00 1190.00
631.00 1206.00
1826.00 1218.00
1392.00 1246.00
653.00 1265.00
696.00 1284.00
775.00 1303.00
1240.00 1312.00
683.00 1349.00
1138.00 1364.00
698.00 1390.00
616.00 1397.00
784.00 1399.00
863.00 1400.00
928.00 1401.00
1068.00 1403.00
969.00 1432.00
1841.00 1439.00
1570.00 1446.00
1964.00 1452.00
796.00 1455.00
743.00 1474.00
958.00 1493.00
1533.00 1498.00
1121.00 1502.00
1466.00 1512.00
1080.00 1514.00
1107.00 1555.00
1743.00 1561.00
939.00 1571.00
2014.00 1595.00
1721.00 1612.00
1038.00 1626.00
1944.00 1725.00
1948.00 1804.00
2151.00 1833.00
1026.00 1926.00
1813.00 1955.00
2010.00 1972.00
1955.00 2034.00
2012.00 2042.00
2097.00 2128.00
1781.00 2196.00
1881.00 2206.00
2150.00 2217.00
1834.00 2249.00
2028.00 2255.00
2069.00 2269.00
1649.00 2277.00
1731.00 2302.00
1837.00 2309.00
2040.00 2330.00
1393.00 2336.00
1884.00 2343.00
2081.00 2345.00
2013.00 2389.00
1847.00 2402.00
1791.00 2407.00
1965.00 2417.00
2078.00 2420.00
2012.00 2437.00
1864.00 2466.00
2083.00 2471.00
