1563.00 91.00
1480.00 101.00
1615.00 127.00
856.00 265.00
1583.00 391.00
417.00 467.00
415.00 513.00
527.00 519.00
475.00 535.00
318.00 542.00
54.00 543.00
652.00 577.00
401.00 586.00
1455.00 589.00
851.00 614.00
256.00 617.00
704.00 621.00
297.00 635.00
639.00 658.00
849.00 673.00
52.00 687.00
710.00 703.00
766.00 716.00
850.00 742.00
688.00 754.00
456.00 756.00
554.00 765.00
638.00 767.00
275.00 774.00
947.00 787.00
407.00 792.00
1330.00 798.00
671.00 822.00
311.00 824.00
850.00 827.00
230.00 832.00
145.00 837.00
850.00 878.00
948.00 878.00
246.00 888.00
1235.00 888.00
8.00 893.00
66.00 900.00
779.00 904.00
1431.00 915.00
1365.00 919.00
948.00 922.00
1308.00 928.00
516.00 953.00
615.00 956.00
1455.00 963.00
56.00 967.00
853.00 975.00
462.00 992.00
363.00 995.00
1269.00 998.00
258.00 1005.00
524.00 1008.00
435.00 1035.00
927.00 1035.00
285.00 1060.00
1273.00 1067.00
672.00 1085.00
1585.00 1088.00
244.00 1093.00
1437.00 1113.00
999.00 1133.00
1523.00 1136.00
266.00 1151.00
792.00 1152.00
668.00 1157.00
853.00 1160.00
1243.00 1171.00
472.00 1179.00
733.00 1181.00
1179.00 1185.00
1563.00 1185.00
1243.00 1212.00
785.00 1220.00
240.00 1224.00
199.00 1244.00
856.00 1249.00
566.00 1255.00
327.00 1256.00
1349.00 1271.00
743.00 1286.00
1094.00 1294.00
855.00 1305.00
1247.00 1322.00
391.00 1349.00
446.00 1352.00
744.00 1352.00
656.00 1379.00
806.00 1388.00
351.00 1392.00
857.00 1416.00
145.00 1423.00
289.00 1425.00
706.00 1426.00
404.00 1432.00
16.00 1444.00
1491.00 1448.00
813.00 1457.00
1119.00 1464.00
985.00 1480.00
348.00 1488.00
265.00 1493.00
858.00 1496.00
1581.00 1496.00
1475.00 1508.00
796.00 1520.00
1121.00 1525.00
164.00 1541.00
858.00 1543.00
481.00 1551.00
743.00 1551.00
1389.00 1551.00
662.00 1552.00
1254.00 1567.00
897.00 1590.00
500.00 1593.00
545.00 1595.00
991.00 1597.00
1252.00 1609.00
1147.00 1619.00
673.00 1630.00
742.00 1633.00
1139.00 1662.00
1069.00 1665.00
1563.00 1669.00
942.00 1675.00
629.00 1679.00
1006.00 1692.00
796.00 1695.00
1306.00 1703.00
176.00 1710.00
456.00 1750.00
542.00 1750.00
214.00 1754.00
795.00 1754.00
743.00 1773.00
1128.00 1822.00
1247.00 1822.00
1353.00 1822.00
693.00 1826.00
857.00 1841.00
771.00 1850.00
1567.00 1853.00
1016.00 1877.00
1372.00 1877.00
1435.00 1881.00
1526.00 1881.00
1479.00 1891.00
1579.00 1897.00
1229.00 1898.00
770.00 1902.00
1433.00 1929.00
1498.00 1952.00
1081.00 1953.00
510.00 1954.00
1374.00 1983.00
857.00 1997.00
794.00 2001.00
1342.00 2024.00
794.00 2042.00
1083.00 2070.00
1345.00 2092.00
831.00 2108.00
1455.00 2114.00
1084.00 2135.00
1040.00 2139.00
33.00 2165.00
813.00 2182.00
1085.00 2190.00
1132.00 2195.00
506.00 2204.00
857.00 2219.00
1299.00 2226.00
1188.00 2242.00
1088.00 2244.00
1132.00 2253.00
794.00 2256.00
918.00 2262.00
342.00 2265.00
1302.00 2281.00
1513.00 2283.00
1359.00 2293.00
1529.00 2336.00
1067.00 2355.00
973.00 2412.00
1340.00 2417.00
1405.00 2429.00
1457.00 2437.00
1204.00 2479.00
751.00 2547.00
1518.00 2573.00
797.00 2619.00
22.00 2712.00
97.00 2788.00
743.00 2861.00
