991.00 523.00
511.00 542.00
1190.00 543.00
458.00 564.00
478.00 605.00
893.00 631.00
1357.00 638.00
114.00 659.00
1191.00 663.00
379.00 681.00
890.00 682.00
562.00 692.00
431.00 693.00
723.00 702.00
814.00 726.00
406.00 741.00
770.00 744.00
668.00 751.00
1035.00 752.00
994.00 755.00
890.00 775.00
334.00 776.00
754.00 796.00
835.00 815.00
403.00 818.00
1342.00 819.00
531.00 820.00
359.00 842.00
401.00 863.00
309.00 873.00
489.00 881.00
1067.00 881.00
733.00 888.00
835.00 912.00
557.00 916.00
792.00 929.00
1352.00 939.00
491.00 942.00
739.00 953.00
1144.00 958.00
272.00 960.00
456.00 990.00
648.00 991.00
238.00 1002.00
890.00 1004.00
1354.00 1004.00
548.00 1007.00
739.00 1009.00
353.00 1018.00
1058.00 1020.00
835.00 1028.00
424.00 1033.00
647.00 1042.00
1812.00 1046.00
512.00 1049.00
192.00 1053.00
739.00 1059.00
353.00 1065.00
1196.00 1081.00
655.00 1088.00
227.00 1096.00
739.00 1102.00
1076.00 1106.00
371.00 1107.00
1343.00 1124.00
443.00 1132.00
1144.00 1132.00
532.00 1145.00
655.00 1152.00
389.00 1156.00
70.00 1166.00
144.00 1167.00
339.00 1167.00
1305.00 1177.00
1370.00 1177.00
1080.00 1182.00
1592.00 1183.00
520.00 1195.00
739.00 1195.00
970.00 1195.00
644.00 1202.00
296.00 1207.00
1772.00 1212.00
1306.00 1218.00
1374.00 1220.00
1858.00 1222.00
1903.00 1240.00
102.00 1242.00
196.00 1244.00
1813.00 1244.00
1081.00 1267.00
1561.00 1271.00
1612.00 1272.00
327.00 1274.00
1028.00 1277.00
476.00 1289.00
88.00 1291.00
1805.00 1293.00
418.00 1300.00
374.00 1307.00
644.00 1307.00
1309.00 1320.00
971.00 1328.00
815.00 1329.00
1083.00 1329.00
893.00 1330.00
517.00 1339.00
1902.00 1347.00
338.00 1349.00
738.00 1364.00
630.00 1365.00
1311.00 1365.00
1084.00 1370.00
836.00 1375.00
528.00 1386.00
449.00 1391.00
322.00 1404.00
1313.00 1409.00
1790.00 1422.00
910.00 1431.00
1566.00 1434.00
972.00 1447.00
1254.00 1449.00
815.00 1450.00
642.00 1453.00
448.00 1456.00
519.00 1456.00
319.00 1458.00
1568.00 1475.00
2015.00 1476.00
149.00 1481.00
660.00 1494.00
2057.00 1496.00
1211.00 1499.00
751.00 1514.00
302.00 1516.00
2012.00 1517.00
84.00 1530.00
1615.00 1539.00
1553.00 1545.00
451.00 1549.00
640.00 1549.00
1246.00 1558.00
1897.00 1565.00
217.00 1566.00
258.00 1567.00
1024.00 1572.00
792.00 1573.00
1434.00 1577.00
1327.00 1587.00
2051.00 1598.00
971.00 1612.00
1211.00 1612.00
231.00 1615.00
819.00 1622.00
1161.00 1622.00
502.00 1629.00
740.00 1643.00
1672.00 1643.00
1898.00 1648.00
1230.00 1665.00
1963.00 1676.00
1560.00 1682.00
1312.00 1700.00
715.00 1726.00
1074.00 1730.00
1427.00 1737.00
1850.00 1748.00
538.00 1752.00
1228.00 1759.00
418.00 1797.00
263.00 1807.00
362.00 1831.00
266.00 1848.00
188.00 1851.00
297.00 1959.00
233.00 1997.00
346.00 1998.00
412.00 1998.00
131.00 2097.00
196.00 2118.00
291.00 2171.00
441.00 2206.00
201.00 2208.00
498.00 2231.00
453.00 2251.00
283.00 2272.00
152.00 2340.00
522.00 2375.00
438.00 2391.00
330.00 2456.00
