1840.00 44.00
1442.00 87.00
860.00 328.00
1055.00 343.00
932.00 363.00
867.00 383.00
672.00 396.00
1510.00 480.00
1459.00 491.00
190.00 599.00
316.00 609.00
1728.00 664.00
1625.00 687.00
2005.00 690.00
1543.00 712.00
1768.00 765.00
1856.00 775.00
997.00 816.00
1807.00 836.00
1042.00 872.00
1831.00 880.00
1682.00 920.00
815.00 924.00
1828.00 960.00
521.00 984.00
1832.00 1003.00
1965.00 1010.00
1572.00 1014.00
474.00 1026.00
356.00 1039.00
401.00 1043.00
308.00 1063.00
1837.00 1064.00
1672.00 1072.00
1974.00 1076.00
1628.00 1081.00
1074.00 1107.00
1731.00 1118.00
91.00 1140.00
19.00 1147.00
1747.00 1197.00
1198.00 1207.00
496.00 1225.00
1723.00 1238.00
1247.00 1258.00
8.00 1276.00
336.00 1280.00
488.00 1280.00
256.00 1287.00
719.00 1293.00
1635.00 1307.00
369.00 1324.00
1320.00 1336.00
719.00 1343.00
1168.00 1354.00
398.00 1369.00
165.00 1385.00
591.00 1392.00
707.00 1426.00
353.00 1427.00
118.00 1429.00
176.00 1430.00
416.00 1435.00
254.00 1439.00
475.00 1460.00
1128.00 1470.00
772.00 1493.00
1192.00 1494.00
495.00 1502.00
473.00 1550.00
571.00 1552.00
129.00 1557.00
472.00 1597.00
144.00 1598.00
1043.00 1598.00
534.00 1606.00
316.00 1619.00
54.00 1636.00
531.00 1672.00
306.00 1729.00
356.00 1837.00
1635.00 2481.00
1372.00 2737.00
1309.00 2831.00
