1176.00 215.00
985.00 362.00
1038.00 376.00
1175.00 385.00
1749.00 409.00
1031.00 426.00
1125.00 445.00
1264.00 456.00
1671.00 586.00
1654.00 642.00
1783.00 673.00
1649.00 691.00
1717.00 717.00
432.00 718.00
1789.00 734.00
1342.00 737.00
1659.00 742.00
1429.00 775.00
680.00 779.00
1015.00 790.00
1351.00 799.00
1682.00 800.00
1567.00 804.00
1260.00 809.00
1181.00 850.00
1824.00 855.00
1783.00 867.00
349.00 896.00
1434.00 901.00
1004.00 904.00
1084.00 939.00
1260.00 957.00
1030.00 961.00
1420.00 983.00
1149.00 984.00
1203.00 985.00
1730.00 999.00
1006.00 1033.00
1264.00 1036.00
717.00 1046.00
1653.00 1054.00
1800.00 1056.00
1730.00 1068.00
406.00 1084.00
1343.00 1093.00
1433.00 1096.00
1163.00 1103.00
1822.00 1104.00
1476.00 1106.00
1280.00 1112.00
1541.00 1124.00
1699.00 1128.00
1619.00 1143.00
1347.00 1151.00
93.00 1153.00
1169.00 1177.00
1611.00 1189.00
1300.00 1192.00
1346.00 1197.00
1455.00 1208.00
1082.00 1225.00
1190.00 1228.00
1313.00 1240.00
410.00 1256.00
556.00 1260.00
1528.00 1264.00
1063.00 1287.00
409.00 1300.00
1539.00 1306.00
506.00 1307.00
46.00 1329.00
558.00 1335.00
1378.00 1343.00
1586.00 1348.00
168.00 1349.00
1269.00 1350.00
1087.00 1352.00
1703.00 1360.00
1501.00 1361.00
515.00 1366.00
1438.00 1369.00
1016.00 1384.00
289.00 1392.00
1613.00 1393.00
70.00 1395.00
1213.00 1400.00
1516.00 1406.00
111.00 1408.00
1725.00 1415.00
1395.00 1416.00
191.00 1426.00
1572.00 1427.00
252.00 1433.00
1281.00 1435.00
1154.00 1455.00
1331.00 1456.00
1113.00 1465.00
1070.00 1468.00
1231.00 1468.00
1495.00 1493.00
53.00 1495.00
1837.00 1495.00
1646.00 1499.00
1553.00 1505.00
1787.00 1508.00
1255.00 1533.00
1020.00 1538.00
1597.00 1544.00
1528.00 1546.00
1487.00 1549.00
1387.00 1553.00
1700.00 1555.00
1792.00 1570.00
1134.00 1590.00
1355.00 1601.00
1079.00 1610.00
1548.00 1625.00
1827.00 1629.00
111.00 1640.00
1122.00 1656.00
1464.00 1666.00
1422.00 1669.00
171.00 1686.00
1226.00 1691.00
897.00 1695.00
298.00 1719.00
45.00 1730.00
1202.00 1734.00
1132.00 1743.00
29.00 1802.00
1162.00 1838.00
49.00 1844.00
1276.00 1860.00
175.00 1866.00
1618.00 1897.00
1063.00 1922.00
1236.00 1926.00
197.00 1927.00
205.00 1976.00
838.00 1989.00
1818.00 1991.00
1581.00 1996.00
1076.00 2004.00
122.00 2013.00
46.00 2026.00
1158.00 2028.00
279.00 2034.00
1242.00 2041.00
660.00 2045.00
1796.00 2069.00
1736.00 2071.00
226.00 2077.00
895.00 2077.00
1140.00 2083.00
1664.00 2087.00
854.00 2089.00
1230.00 2095.00
1290.00 2105.00
1501.00 2112.00
300.00 2113.00
814.00 2138.00
1087.00 2139.00
1585.00 2143.00
650.00 2152.00
712.00 2155.00
929.00 2174.00
1246.00 2178.00
22.00 2194.00
1610.00 2203.00
1450.00 2207.00
646.00 2224.00
1743.00 2231.00
711.00 2258.00
1823.00 2264.00
807.00 2271.00
1545.00 2281.00
1312.00 2287.00
1266.00 2303.00
736.00 2311.00
29.00 2315.00
543.00 2321.00
876.00 2335.00
1448.00 2349.00
725.00 2363.00
236.00 2368.00
1523.00 2377.00
720.00 2415.00
1040.00 2428.00
1094.00 2435.00
1571.00 2435.00
822.00 2444.00
1762.00 2449.00
1247.00 2465.00
759.00 2468.00
679.00 2485.00
1475.00 2485.00
1025.00 2487.00
1337.00 2499.00
67.00 2504.00
18.00 2519.00
248.00 2539.00
525.00 2555.00
196.00 2557.00
860.00 2559.00
1164.00 2586.00
32.00 2613.00
1505.00 2616.00
717.00 2625.00
