1107.00 673.00
1323.00 682.00
1756.00 703.00
1107.00 727.00
1865.00 747.00
1105.00 781.00
1380.00 788.00
1624.00 789.00
1949.00 839.00
1800.00 860.00
1633.00 871.00
1298.00 890.00
1816.00 901.00
658.00 911.00
1702.00 930.00
1383.00 938.00
1527.00 959.00
557.00 1005.00
1698.00 1017.00
1313.00 1021.00
1936.00 1032.00
1662.00 1074.00
1313.00 1076.00
1939.00 1096.00
1634.00 1148.00
2141.00 1160.00
508.00 1167.00
1675.00 1188.00
1327.00 1279.00
1087.00 1286.00
955.00 1296.00
1148.00 1300.00
998.00 1303.00
1046.00 1305.00
714.00 1312.00
507.00 1318.00
1358.00 1330.00
1422.00 1339.00
1682.00 1341.00
1290.00 1348.00
563.00 1369.00
1405.00 1380.00
517.00 1392.00
677.00 1423.00
1365.00 1431.00
765.00 1432.00
1532.00 1435.00
1317.00 1441.00
890.00 1460.00
1214.00 1460.00
1120.00 1463.00
1168.00 1469.00
1160.00 1513.00
1204.00 1513.00
772.00 1523.00
608.00 1538.00
1089.00 1580.00
1979.00 1601.00
1337.00 1612.00
1390.00 1622.00
622.00 1635.00
667.00 1647.00
1194.00 1658.00
1289.00 1688.00
647.00 1857.00
1292.00 1865.00
744.00 1908.00
592.00 1961.00
1199.00 1986.00
1182.00 2046.00
1065.00 2100.00
879.00 2231.00
1317.00 2256.00
1143.00 2276.00
878.00 2305.00
1262.00 2324.00
1324.00 2352.00
