571.00 489.00
382.00 511.00
549.00 531.00
757.00 592.00
802.00 600.00
182.00 604.00
361.00 614.00
881.00 617.00
1004.00 619.00
569.00 637.00
730.00 643.00
418.00 669.00
482.00 683.00
244.00 692.00
546.00 695.00
629.00 711.00
1407.00 713.00
689.00 722.00
912.00 728.00
238.00 745.00
225.00 856.00
297.00 894.00
1326.00 897.00
766.00 916.00
1064.00 962.00
56.00 967.00
342.00 991.00
774.00 1029.00
443.00 1045.00
384.00 1072.00
924.00 1077.00
1797.00 1085.00
1070.00 1104.00
1298.00 1123.00
68.00 1129.00
1126.00 1151.00
143.00 1182.00
289.00 1188.00
74.00 1220.00
125.00 1223.00
554.00 1248.00
284.00 1253.00
605.00 1254.00
416.00 1269.00
30.00 1274.00
482.00 1277.00
771.00 1279.00
156.00 1286.00
227.00 1294.00
273.00 1298.00
75.00 1303.00
1015.00 1311.00
398.00 1319.00
849.00 1324.00
546.00 1348.00
1477.00 1350.00
1180.00 1353.00
262.00 1354.00
669.00 1382.00
366.00 1391.00
1216.00 1405.00
476.00 1420.00
383.00 1448.00
426.00 1465.00
94.00 1470.00
43.00 1472.00
189.00 1477.00
446.00 1510.00
260.00 1519.00
204.00 1527.00
387.00 1527.00
89.00 1531.00
37.00 1538.00
320.00 1541.00
400.00 1589.00
744.00 1594.00
264.00 1599.00
136.00 1602.00
58.00 1603.00
588.00 1627.00
9.00 1632.00
463.00 1651.00
137.00 1655.00
410.00 1690.00
190.00 1710.00
260.00 1713.00
330.00 1734.00
374.00 1735.00
255.00 1778.00
90.00 1780.00
728.00 1787.00
398.00 1793.00
308.00 1808.00
131.00 1814.00
193.00 1820.00
252.00 1824.00
336.00 1859.00
764.00 1859.00
594.00 1881.00
462.00 1888.00
892.00 1902.00
255.00 1918.00
196.00 1930.00
298.00 1932.00
628.00 1934.00
116.00 1941.00
712.00 1949.00
49.00 1979.00
196.00 1979.00
125.00 1982.00
624.00 1995.00
583.00 1996.00
125.00 2030.00
951.00 2030.00
16.00 2053.00
242.00 2066.00
127.00 2074.00
881.00 2092.00
129.00 2123.00
887.00 2155.00
617.00 2168.00
346.00 2174.00
481.00 2174.00
86.00 2183.00
568.00 2186.00
698.00 2279.00
373.00 2321.00
401.00 2374.00
