327.00 460.00
950.00 482.00
1286.00 486.00
768.00 488.00
674.00 493.00
183.00 512.00
592.00 515.00
658.00 549.00
1116.00 569.00
295.00 599.00
1170.00 602.00
629.00 606.00
929.00 611.00
1088.00 613.00
1129.00 615.00
739.00 627.00
670.00 629.00
803.00 632.00
235.00 710.00
927.00 717.00
527.00 826.00
261.00 867.00
208.00 869.00
1121.00 869.00
792.00 872.00
856.00 873.00
1039.00 899.00
423.00 904.00
1189.00 904.00
921.00 921.00
737.00 933.00
484.00 937.00
1389.00 941.00
880.00 944.00
1123.00 947.00
1164.00 952.00
1448.00 955.00
420.00 967.00
230.00 968.00
706.00 976.00
954.00 976.00
803.00 979.00
1360.00 997.00
747.00 1008.00
1079.00 1019.00
619.00 1023.00
792.00 1023.00
211.00 1027.00
260.00 1032.00
944.00 1044.00
1002.00 1048.00
1326.00 1053.00
675.00 1060.00
838.00 1061.00
1099.00 1062.00
597.00 1077.00
894.00 1086.00
470.00 1095.00
792.00 1098.00
541.00 1107.00
730.00 1109.00
481.00 1144.00
543.00 1151.00
779.00 1166.00
730.00 1201.00
990.00 1204.00
175.00 1206.00
1120.00 1215.00
940.00 1219.00
429.00 1227.00
243.00 1235.00
1566.00 1267.00
543.00 1271.00
1049.00 1272.00
168.00 1319.00
990.00 1319.00
522.00 1321.00
248.00 1334.00
1183.00 1350.00
723.00 1351.00
110.00 1357.00
881.00 1362.00
931.00 1362.00
1123.00 1370.00
231.00 1382.00
276.00 1384.00
429.00 1384.00
520.00 1388.00
606.00 1393.00
1069.00 1396.00
1186.00 1400.00
774.00 1403.00
852.00 1407.00
932.00 1412.00
1005.00 1416.00
409.00 1427.00
1529.00 1432.00
519.00 1434.00
605.00 1438.00
654.00 1441.00
774.00 1446.00
1115.00 1447.00
17.00 1449.00
867.00 1450.00
931.00 1454.00
80.00 1456.00
1006.00 1457.00
1594.00 1476.00
1238.00 1513.00
1189.00 1514.00
1455.00 1514.00
1279.00 1529.00
222.00 1551.00
516.00 1554.00
602.00 1556.00
1448.00 1559.00
772.00 1560.00
1593.00 1564.00
868.00 1568.00
1501.00 1568.00
303.00 1587.00
1006.00 1596.00
1101.00 1604.00
889.00 1630.00
160.00 1643.00
297.00 1643.00
1074.00 1651.00
1313.00 1653.00
702.00 1661.00
1358.00 1691.00
451.00 1693.00
1038.00 1694.00
1560.00 1724.00
748.00 1732.00
350.00 1737.00
422.00 1737.00
1037.00 1755.00
966.00 1760.00
207.00 1776.00
1572.00 1788.00
835.00 1813.00
1588.00 1911.00
1353.00 1923.00
1567.00 2047.00
