134.00 229.00
868.00 243.00
130.00 364.00
1668.00 448.00
1584.00 463.00
117.00 474.00
791.00 487.00
845.00 502.00
116.00 526.00
984.00 624.00
18.00 630.00
340.00 662.00
939.00 682.00
596.00 703.00
1089.00 703.00
41.00 720.00
1580.00 791.00
1516.00 802.00
985.00 828.00
400.00 834.00
86.00 837.00
175.00 886.00
560.00 886.00
2135.00 888.00
449.00 889.00
940.00 889.00
397.00 901.00
1991.00 911.00
394.00 961.00
1770.00 971.00
1720.00 981.00
984.00 996.00
737.00 1008.00
941.00 1010.00
74.00 1016.00
330.00 1021.00
661.00 1021.00
1151.00 1026.00
490.00 1060.00
1657.00 1086.00
1907.00 1101.00
985.00 1104.00
598.00 1118.00
1709.00 1129.00
283.00 1141.00
357.00 1150.00
2139.00 1159.00
279.00 1185.00
1711.00 1189.00
1431.00 1199.00
333.00 1201.00
1793.00 1205.00
105.00 1207.00
1664.00 1211.00
1187.00 1214.00
2046.00 1215.00
1879.00 1229.00
1554.00 1231.00
312.00 1245.00
1599.00 1255.00
1643.00 1276.00
160.00 1300.00
473.00 1305.00
413.00 1311.00
537.00 1312.00
742.00 1349.00
168.00 1357.00
873.00 1358.00
514.00 1361.00
1355.00 1376.00
1896.00 1377.00
471.00 1381.00
301.00 1393.00
594.00 1393.00
135.00 1404.00
1370.00 1420.00
1731.00 1420.00
372.00 1426.00
426.00 1428.00
658.00 1441.00
942.00 1442.00
872.00 1443.00
73.00 1451.00
1590.00 1455.00
221.00 1460.00
1356.00 1474.00
1694.00 1481.00
295.00 1493.00
220.00 1501.00
372.00 1503.00
1907.00 1504.00
169.00 1519.00
1265.00 1539.00
1684.00 1549.00
2044.00 1550.00
789.00 1554.00
1475.00 1559.00
1547.00 1560.00
1333.00 1563.00
1622.00 1570.00
369.00 1573.00
1907.00 1580.00
1792.00 1587.00
54.00 1596.00
1720.00 1598.00
1121.00 1610.00
1847.00 1611.00
856.00 1619.00
800.00 1625.00
1229.00 1625.00
402.00 1626.00
1272.00 1628.00
1627.00 1631.00
1792.00 1636.00
1104.00 1657.00
1147.00 1657.00
1591.00 1672.00
446.00 1680.00
1726.00 1689.00
1786.00 1700.00
1571.00 1717.00
717.00 1720.00
1117.00 1720.00
1949.00 1732.00
1208.00 1741.00
1745.00 1745.00
1486.00 1786.00
1720.00 1787.00
1334.00 1789.00
622.00 1800.00
1106.00 1806.00
1231.00 1809.00
577.00 1822.00
695.00 1833.00
284.00 1850.00
1008.00 1852.00
470.00 1853.00
1088.00 1853.00
782.00 1864.00
637.00 1890.00
1128.00 1904.00
1218.00 1908.00
1331.00 1912.00
1481.00 1920.00
1008.00 1932.00
429.00 1935.00
733.00 1946.00
918.00 1952.00
1549.00 1956.00
1412.00 1970.00
841.00 1972.00
1008.00 1990.00
1079.00 1999.00
202.00 2001.00
1128.00 2005.00
1508.00 2012.00
714.00 2014.00
1824.00 2016.00
575.00 2037.00
296.00 2045.00
651.00 2077.00
508.00 2084.00
1007.00 2084.00
749.00 2085.00
595.00 2088.00
1559.00 2088.00
817.00 2090.00
465.00 2092.00
382.00 2094.00
553.00 2105.00
1716.00 2115.00
1172.00 2121.00
661.00 2126.00
1273.00 2126.00
1129.00 2133.00
1888.00 2148.00
1570.00 2157.00
1409.00 2163.00
1009.00 2179.00
1089.00 2206.00
1231.00 2207.00
426.00 2216.00
1176.00 2234.00
346.00 2241.00
1230.00 2251.00
1087.00 2261.00
480.00 2263.00
1292.00 2272.00
1010.00 2275.00
1878.00 2280.00
1341.00 2287.00
1173.00 2288.00
936.00 2305.00
1087.00 2306.00
1222.00 2310.00
1417.00 2312.00
1750.00 2314.00
441.00 2320.00
1128.00 2324.00
648.00 2332.00
1880.00 2334.00
566.00 2338.00
1174.00 2342.00
1659.00 2359.00
1581.00 2363.00
371.00 2367.00
1009.00 2370.00
643.00 2388.00
459.00 2393.00
1090.00 2414.00
1352.00 2420.00
742.00 2445.00
876.00 2458.00
1010.00 2468.00
480.00 2492.00
1586.00 2515.00
1345.00 2544.00
1139.00 2548.00
579.00 2560.00
1256.00 2561.00
253.00 2563.00
1025.00 2565.00
448.00 2577.00
680.00 2583.00
1420.00 2583.00
1078.00 2595.00
812.00 2621.00
721.00 2629.00
1528.00 2636.00
1013.00 2640.00
1296.00 2644.00
1135.00 2657.00
185.00 2666.00
898.00 2678.00
1357.00 2681.00
1190.00 2696.00
1088.00 2699.00
1901.00 2737.00
419.00 2761.00
992.00 2763.00
1296.00 2772.00
623.00 2776.00
1535.00 2793.00
1243.00 2824.00
1107.00 2853.00
1411.00 2853.00
1294.00 2862.00
