115.00 170.00
70.00 176.00
930.00 192.00
1171.00 257.00
1264.00 281.00
55.00 292.00
1218.00 295.00
1102.00 300.00
1636.00 323.00
1135.00 345.00
776.00 359.00
830.00 370.00
1126.00 407.00
1452.00 412.00
1018.00 415.00
775.00 421.00
1079.00 428.00
960.00 436.00
729.00 444.00
1498.00 451.00
1411.00 453.00
1282.00 455.00
778.00 462.00
1123.00 462.00
1077.00 473.00
106.00 480.00
702.00 498.00
1444.00 501.00
24.00 506.00
511.00 507.00
1718.00 515.00
100.00 521.00
1502.00 537.00
896.00 548.00
364.00 573.00
1284.00 577.00
1447.00 586.00
786.00 606.00
1180.00 609.00
660.00 623.00
1313.00 623.00
1094.00 630.00
1230.00 630.00
916.00 631.00
560.00 636.00
283.00 666.00
151.00 672.00
730.00 675.00
600.00 684.00
775.00 685.00
346.00 699.00
1160.00 700.00
559.00 702.00
894.00 704.00
1287.00 724.00
500.00 731.00
838.00 734.00
728.00 739.00
333.00 740.00
774.00 753.00
1168.00 757.00
572.00 761.00
1094.00 765.00
1917.00 795.00
1213.00 821.00
603.00 826.00
954.00 827.00
491.00 829.00
552.00 842.00
1724.00 842.00
102.00 892.00
1424.00 895.00
176.00 901.00
1076.00 910.00
625.00 912.00
1349.00 922.00
430.00 927.00
723.00 931.00
132.00 944.00
1697.00 952.00
637.00 955.00
1333.00 963.00
1223.00 964.00
977.00 980.00
491.00 994.00
1747.00 998.00
77.00 1003.00
600.00 1010.00
1492.00 1016.00
1079.00 1023.00
1001.00 1030.00
1732.00 1041.00
1223.00 1049.00
800.00 1057.00
1613.00 1057.00
2030.00 1071.00
528.00 1073.00
1494.00 1095.00
1964.00 1096.00
675.00 1098.00
807.00 1098.00
1003.00 1098.00
1366.00 1103.00
1745.00 1109.00
604.00 1111.00
2033.00 1112.00
1601.00 1113.00
143.00 1114.00
734.00 1123.00
520.00 1128.00
101.00 1136.00
357.00 1140.00
807.00 1146.00
905.00 1147.00
857.00 1150.00
974.00 1168.00
489.00 1169.00
310.00 1174.00
745.00 1200.00
534.00 1207.00
964.00 1214.00
790.00 1216.00
451.00 1223.00
618.00 1223.00
1782.00 1235.00
1368.00 1243.00
918.00 1246.00
2130.00 1246.00
1712.00 1249.00
109.00 1257.00
683.00 1259.00
167.00 1261.00
1078.00 1261.00
350.00 1271.00
1623.00 1276.00
441.00 1286.00
734.00 1287.00
1745.00 1293.00
1684.00 1305.00
91.00 1306.00
1078.00 1312.00
1831.00 1319.00
608.00 1320.00
451.00 1327.00
1210.00 1328.00
513.00 1330.00
798.00 1340.00
265.00 1344.00
1371.00 1346.00
2033.00 1354.00
1021.00 1361.00
1067.00 1361.00
105.00 1366.00
1936.00 1367.00
920.00 1375.00
1860.00 1376.00
1287.00 1377.00
1677.00 1380.00
1465.00 1392.00
1782.00 1409.00
827.00 1412.00
1107.00 1412.00
757.00 1419.00
1620.00 1438.00
1661.00 1447.00
907.00 1453.00
1087.00 1453.00
268.00 1454.00
438.00 1457.00
1809.00 1458.00
1187.00 1462.00
167.00 1469.00
974.00 1482.00
580.00 1488.00
783.00 1488.00
1108.00 1494.00
700.00 1496.00
1806.00 1500.00
852.00 1503.00
376.00 1506.00
1282.00 1512.00
314.00 1521.00
571.00 1531.00
932.00 1531.00
1398.00 1552.00
794.00 1553.00
402.00 1632.00
1826.00 1636.00
346.00 1659.00
1839.00 1704.00
1690.00 1718.00
1893.00 1793.00
1760.00 1824.00
1719.00 1849.00
1837.00 1853.00
1632.00 1868.00
668.00 1906.00
684.00 1950.00
522.00 1958.00
677.00 2000.00
1577.00 2032.00
674.00 2050.00
497.00 2066.00
468.00 2109.00
330.00 2117.00
418.00 2172.00
533.00 2217.00
486.00 2231.00
379.00 2265.00
795.00 2296.00
873.00 2334.00
1656.00 2334.00
244.00 2394.00
274.00 2442.00
68.00 2466.00
358.00 2577.00
1595.00 2583.00
275.00 2589.00
1662.00 2612.00
1003.00 2617.00
415.00 2669.00
319.00 2686.00
442.00 2720.00
1645.00 2744.00
485.00 2797.00
