1962.00 111.00
2027.00 111.00
1219.00 241.00
917.00 254.00
888.00 298.00
1587.00 409.00
1393.00 423.00
621.00 472.00
398.00 512.00
1216.00 523.00
1505.00 525.00
1980.00 528.00
2123.00 547.00
1479.00 581.00
941.00 676.00
1144.00 680.00
1604.00 708.00
623.00 730.00
1412.00 760.00
1707.00 765.00
1636.00 771.00
1646.00 812.00
1814.00 814.00
1494.00 821.00
1768.00 835.00
912.00 840.00
1915.00 858.00
781.00 877.00
193.00 878.00
2022.00 892.00
1952.00 921.00
1754.00 927.00
821.00 939.00
284.00 943.00
1587.00 943.00
2063.00 952.00
916.00 984.00
1984.00 987.00
1660.00 999.00
1607.00 1010.00
1549.00 1037.00
1439.00 1038.00
676.00 1043.00
918.00 1045.00
1836.00 1050.00
2026.00 1062.00
977.00 1096.00
603.00 1105.00
1760.00 1105.00
752.00 1147.00
817.00 1155.00
2088.00 1187.00
1846.00 1196.00
753.00 1204.00
1775.00 1226.00
585.00 1229.00
2078.00 1239.00
162.00 1281.00
360.00 1343.00
1919.00 1351.00
503.00 1373.00
638.00 1381.00
568.00 1388.00
1091.00 1394.00
200.00 1407.00
919.00 1421.00
503.00 1443.00
718.00 1446.00
549.00 1463.00
774.00 1471.00
245.00 1505.00
710.00 1533.00
1960.00 1568.00
965.00 1618.00
659.00 1633.00
579.00 1646.00
767.00 1649.00
301.00 1671.00
837.00 1681.00
216.00 1688.00
68.00 1692.00
749.00 1700.00
625.00 1709.00
563.00 1711.00
991.00 1729.00
329.00 1746.00
163.00 1753.00
1124.00 1777.00
618.00 1779.00
175.00 1813.00
291.00 1826.00
985.00 1837.00
909.00 1840.00
840.00 1843.00
765.00 1845.00
516.00 1857.00
155.00 1869.00
1059.00 1879.00
371.00 1884.00
655.00 1920.00
1244.00 1986.00
62.00 2035.00
393.00 2073.00
155.00 2103.00
252.00 2127.00
1219.00 2138.00
697.00 2145.00
833.00 2148.00
367.00 2150.00
1099.00 2199.00
990.00 2207.00
733.00 2219.00
262.00 2242.00
516.00 2243.00
1064.00 2260.00
472.00 2276.00
821.00 2290.00
757.00 2304.00
1283.00 2332.00
456.00 2362.00
596.00 2388.00
1044.00 2395.00
713.00 2402.00
137.00 2407.00
1462.00 2435.00
800.00 2443.00
714.00 2451.00
1045.00 2468.00
1150.00 2482.00
220.00 2567.00
927.00 2577.00
1072.00 2637.00
970.00 2703.00
826.00 2708.00
416.00 2715.00
760.00 2746.00
