1409.00 362.00
534.00 395.00
1685.00 407.00
541.00 438.00
1846.00 440.00
1637.00 450.00
241.00 454.00
530.00 509.00
1816.00 517.00
298.00 526.00
1038.00 528.00
2034.00 540.00
688.00 551.00
1200.00 578.00
1888.00 598.00
2039.00 613.00
262.00 616.00
1325.00 616.00
1183.00 629.00
637.00 638.00
1104.00 648.00
1571.00 651.00
1352.00 658.00
404.00 674.00
1511.00 674.00
1194.00 694.00
1439.00 694.00
1581.00 696.00
243.00 698.00
199.00 699.00
2048.00 703.00
409.00 715.00
1718.00 715.00
1036.00 720.00
1398.00 732.00
1469.00 736.00
1528.00 736.00
1649.00 758.00
578.00 771.00
928.00 771.00
234.00 774.00
2054.00 775.00
1559.00 784.00
392.00 790.00
838.00 797.00
1678.00 815.00
2059.00 816.00
709.00 823.00
899.00 827.00
1409.00 831.00
1353.00 832.00
439.00 833.00
1033.00 851.00
376.00 861.00
834.00 863.00
1115.00 873.00
1298.00 874.00
250.00 890.00
294.00 890.00
1396.00 895.00
1185.00 897.00
1034.00 902.00
1660.00 912.00
1081.00 914.00
1228.00 921.00
1286.00 924.00
963.00 931.00
1332.00 935.00
2070.00 937.00
898.00 942.00
582.00 943.00
2015.00 957.00
1434.00 971.00
1482.00 972.00
1104.00 974.00
713.00 977.00
1524.00 984.00
1611.00 986.00
811.00 992.00
928.00 995.00
1667.00 1001.00
1991.00 1025.00
732.00 1032.00
811.00 1049.00
1065.00 1060.00
1712.00 1079.00
1436.00 1090.00
1641.00 1094.00
1134.00 1096.00
482.00 1099.00
748.00 1116.00
1085.00 1119.00
1274.00 1120.00
1327.00 1129.00
286.00 1133.00
982.00 1133.00
1457.00 1147.00
1618.00 1182.00
1049.00 1199.00
2084.00 1201.00
659.00 1203.00
947.00 1204.00
1003.00 1204.00
744.00 1209.00
1718.00 1219.00
1199.00 1220.00
214.00 1235.00
1245.00 1243.00
1300.00 1243.00
663.00 1244.00
617.00 1245.00
1020.00 1252.00
1551.00 1258.00
1466.00 1260.00
853.00 1264.00
1238.00 1286.00
2104.00 1295.00
1033.00 1326.00
839.00 1329.00
748.00 1332.00
1214.00 1332.00
1286.00 1333.00
690.00 1354.00
420.00 1357.00
1469.00 1361.00
490.00 1367.00
2111.00 1374.00
2017.00 1378.00
839.00 1379.00
1057.00 1379.00
1727.00 1385.00
1676.00 1398.00
651.00 1409.00
986.00 1416.00
761.00 1420.00
1171.00 1421.00
890.00 1425.00
1034.00 1429.00
1800.00 1430.00
711.00 1436.00
839.00 1438.00
1917.00 1448.00
2120.00 1453.00
1162.00 1463.00
2005.00 1465.00
1035.00 1473.00
1485.00 1481.00
838.00 1483.00
1415.00 1498.00
1338.00 1499.00
948.00 1512.00
430.00 1514.00
2127.00 1515.00
1023.00 1517.00
1913.00 1521.00
377.00 1523.00
1867.00 1527.00
320.00 1542.00
250.00 1548.00
548.00 1548.00
1251.00 1556.00
424.00 1564.00
929.00 1569.00
1605.00 1570.00
987.00 1572.00
1564.00 1572.00
1207.00 1573.00
1936.00 1574.00
1685.00 1583.00
669.00 1585.00
1490.00 1588.00
733.00 1598.00
1396.00 1606.00
1253.00 1613.00
1746.00 1615.00
1316.00 1620.00
1133.00 1624.00
1952.00 1627.00
1064.00 1631.00
838.00 1642.00
679.00 1643.00
890.00 1643.00
949.00 1645.00
740.00 1647.00
1394.00 1649.00
1465.00 1651.00
1175.00 1652.00
2005.00 1653.00
1702.00 1655.00
243.00 1667.00
445.00 1677.00
572.00 1680.00
1317.00 1680.00
1023.00 1681.00
670.00 1685.00
1162.00 1698.00
1419.00 1703.00
2051.00 1727.00
1342.00 1734.00
1756.00 1738.00
1841.00 1742.00
1161.00 1746.00
1211.00 1748.00
1899.00 1763.00
1926.00 1811.00
1866.00 1815.00
1750.00 1827.00
291.00 1832.00
1867.00 1856.00
2026.00 1863.00
625.00 1883.00
266.00 1947.00
1945.00 1963.00
1958.00 2036.00
300.00 2063.00
1842.00 2079.00
285.00 2127.00
2023.00 2175.00
1068.00 2524.00
892.00 2584.00
1716.00 2714.00
1364.00 2758.00
937.00 2776.00
