745.00 641.00
558.00 661.00
143.00 680.00
1036.00 695.00
449.00 717.00
309.00 841.00
612.00 852.00
753.00 858.00
677.00 865.00
268.00 876.00
610.00 894.00
265.00 930.00
646.00 938.00
602.00 966.00
263.00 980.00
1732.00 983.00
327.00 1046.00
256.00 1050.00
181.00 1053.00
80.00 1063.00
39.00 1071.00
477.00 1082.00
383.00 1088.00
1649.00 1093.00
1739.00 1095.00
1885.00 1110.00
199.00 1131.00
722.00 1133.00
1018.00 1148.00
1843.00 1162.00
608.00 1163.00
466.00 1168.00
258.00 1203.00
568.00 1216.00
1895.00 1218.00
1747.00 1224.00
607.00 1257.00
696.00 1265.00
64.00 1285.00
262.00 1312.00
163.00 1316.00
1904.00 1327.00
1019.00 1360.00
1411.00 1370.00
225.00 1379.00
1808.00 1403.00
1318.00 1410.00
1038.00 1426.00
1686.00 1448.00
224.00 1477.00
76.00 1485.00
1683.00 1489.00
1640.00 1492.00
765.00 1494.00
606.00 1496.00
1235.00 1498.00
1996.00 1509.00
386.00 1513.00
1277.00 1517.00
971.00 1520.00
21.00 1534.00
1636.00 1545.00
527.00 1550.00
1721.00 1551.00
642.00 1554.00
1793.00 1554.00
1844.00 1556.00
1585.00 1560.00
1161.00 1561.00
1396.00 1566.00
1113.00 1567.00
996.00 1574.00
1982.00 1593.00
493.00 1644.00
91.00 1651.00
921.00 1664.00
36.00 1670.00
1058.00 1673.00
1669.00 1673.00
621.00 1691.00
770.00 1694.00
45.00 1724.00
773.00 1746.00
677.00 1776.00
12.00 1821.00
695.00 1824.00
