1004.00 211.00
1624.00 216.00
1205.00 248.00
1699.00 264.00
781.00 272.00
1171.00 296.00
869.00 353.00
819.00 357.00
1203.00 365.00
1741.00 382.00
1325.00 390.00
1101.00 404.00
384.00 417.00
779.00 441.00
1504.00 450.00
915.00 456.00
835.00 472.00
1196.00 482.00
1312.00 495.00
915.00 519.00
1851.00 536.00
1600.00 551.00
989.00 553.00
1499.00 553.00
1284.00 556.00
912.00 571.00
503.00 572.00
1045.00 572.00
830.00 600.00
633.00 611.00
1683.00 640.00
865.00 641.00
1401.00 644.00
413.00 648.00
1483.00 651.00
910.00 672.00
667.00 680.00
1312.00 682.00
1144.00 683.00
1203.00 691.00
1706.00 692.00
576.00 696.00
1542.00 699.00
827.00 705.00
1415.00 709.00
1758.00 720.00
1070.00 722.00
1991.00 726.00
1196.00 739.00
1534.00 740.00
594.00 743.00
690.00 743.00
1593.00 749.00
1301.00 760.00
1468.00 762.00
2096.00 774.00
1766.00 780.00
1356.00 783.00
611.00 784.00
1821.00 788.00
512.00 792.00
823.00 796.00
1645.00 796.00
2036.00 796.00
1314.00 803.00
1251.00 804.00
708.00 810.00
1708.00 826.00
1859.00 833.00
1502.00 836.00
527.00 838.00
383.00 840.00
2117.00 842.00
1760.00 858.00
1338.00 863.00
1396.00 865.00
821.00 872.00
717.00 877.00
1882.00 877.00
529.00 898.00
1089.00 906.00
1731.00 907.00
1481.00 924.00
1631.00 935.00
1340.00 939.00
2051.00 939.00
1754.00 951.00
498.00 953.00
2099.00 953.00
1533.00 959.00
1872.00 959.00
442.00 967.00
1389.00 970.00
817.00 994.00
860.00 995.00
1295.00 1003.00
1336.00 1007.00
512.00 1008.00
1774.00 1008.00
712.00 1013.00
597.00 1029.00
901.00 1042.00
1611.00 1045.00
1568.00 1047.00
1436.00 1049.00
1518.00 1050.00
1856.00 1051.00
1304.00 1055.00
1794.00 1057.00
1977.00 1086.00
502.00 1091.00
2117.00 1102.00
717.00 1111.00
1716.00 1113.00
576.00 1116.00
856.00 1123.00
1308.00 1124.00
1918.00 1134.00
1991.00 1134.00
1394.00 1138.00
647.00 1158.00
1349.00 1162.00
1252.00 1196.00
635.00 1206.00
1417.00 1214.00
2080.00 1214.00
982.00 1219.00
1470.00 1237.00
2004.00 1243.00
622.00 1269.00
2136.00 1277.00
981.00 1280.00
1417.00 1282.00
496.00 1301.00
1303.00 1329.00
563.00 1332.00
2063.00 1333.00
1418.00 1347.00
1568.00 1352.00
851.00 1374.00
1317.00 1374.00
2023.00 1382.00
1977.00 1384.00
978.00 1394.00
1550.00 1396.00
1482.00 1399.00
1240.00 1402.00
1655.00 1403.00
551.00 1405.00
1194.00 1411.00
2093.00 1445.00
1167.00 1458.00
1669.00 1458.00
1623.00 1492.00
998.00 1496.00
2101.00 1496.00
1879.00 1500.00
859.00 1514.00
1716.00 1515.00
1781.00 1520.00
1296.00 1532.00
1659.00 1533.00
1513.00 1539.00
1098.00 1557.00
635.00 1562.00
857.00 1567.00
2149.00 1576.00
1273.00 1583.00
1783.00 1589.00
1485.00 1619.00
1536.00 1622.00
1239.00 1625.00
1301.00 1628.00
1582.00 1631.00
1785.00 1635.00
1410.00 1645.00
1716.00 1672.00
1765.00 1678.00
2055.00 1714.00
1665.00 1723.00
1267.00 1741.00
1361.00 1746.00
2081.00 1915.00
2081.00 1958.00
1747.00 2038.00
1850.00 2090.00
1957.00 2094.00
1859.00 2151.00
1765.00 2179.00
1610.00 2268.00
1476.00 2275.00
1591.00 2373.00
1468.00 2541.00
