812.00 371.00
898.00 395.00
1764.00 420.00
532.00 441.00
478.00 460.00
573.00 473.00
1875.00 487.00
496.00 513.00
568.00 516.00
938.00 588.00
197.00 711.00
377.00 747.00
1544.00 760.00
639.00 781.00
1708.00 786.00
386.00 816.00
606.00 823.00
725.00 823.00
816.00 837.00
244.00 846.00
735.00 882.00
586.00 903.00
647.00 916.00
28.00 919.00
418.00 924.00
801.00 924.00
1330.00 929.00
885.00 942.00
1116.00 946.00
813.00 970.00
972.00 979.00
1628.00 990.00
37.00 992.00
883.00 993.00
534.00 999.00
1117.00 1006.00
1515.00 1006.00
586.00 1007.00
437.00 1019.00
782.00 1041.00
884.00 1042.00
829.00 1048.00
647.00 1050.00
1494.00 1053.00
723.00 1061.00
1696.00 1068.00
980.00 1086.00
1163.00 1092.00
1105.00 1094.00
1629.00 1097.00
517.00 1104.00
781.00 1112.00
602.00 1125.00
1271.00 1132.00
892.00 1134.00
1701.00 1141.00
1071.00 1142.00
1401.00 1150.00
1513.00 1165.00
566.00 1169.00
647.00 1177.00
1643.00 1188.00
1108.00 1190.00
887.00 1193.00
823.00 1209.00
447.00 1219.00
963.00 1230.00
340.00 1231.00
602.00 1238.00
402.00 1239.00
9.00 1246.00
1253.00 1247.00
1611.00 1254.00
823.00 1265.00
228.00 1266.00
688.00 1271.00
1731.00 1289.00
1110.00 1297.00
346.00 1300.00
618.00 1304.00
1781.00 1304.00
1035.00 1308.00
846.00 1321.00
803.00 1324.00
1384.00 1326.00
1310.00 1336.00
977.00 1341.00
888.00 1351.00
1034.00 1355.00
431.00 1372.00
1114.00 1373.00
1581.00 1373.00
1316.00 1382.00
1210.00 1391.00
1631.00 1391.00
1275.00 1397.00
1563.00 1414.00
147.00 1418.00
601.00 1426.00
395.00 1436.00
1798.00 1463.00
889.00 1466.00
1157.00 1474.00
562.00 1477.00
670.00 1480.00
128.00 1485.00
8.00 1490.00
1304.00 1493.00
1711.00 1497.00
1390.00 1499.00
220.00 1507.00
712.00 1518.00
1483.00 1518.00
1159.00 1520.00
580.00 1545.00
996.00 1548.00
1770.00 1549.00
55.00 1554.00
429.00 1559.00
1629.00 1560.00
1509.00 1578.00
861.00 1582.00
491.00 1585.00
1214.00 1590.00
1299.00 1592.00
1694.00 1593.00
1090.00 1606.00
1617.00 1606.00
134.00 1625.00
1715.00 1634.00
1516.00 1640.00
1473.00 1677.00
1366.00 1712.00
1532.00 1714.00
1490.00 1830.00
57.00 1833.00
1390.00 1870.00
1574.00 2008.00
1391.00 2072.00
1208.00 2083.00
1613.00 2475.00
993.00 2549.00
1228.00 2675.00
440.00 2703.00
1542.00 2727.00
