1454.00 285.00
1739.00 287.00
1533.00 508.00
1651.00 538.00
1703.00 604.00
1978.00 609.00
1560.00 628.00
2100.00 666.00
1601.00 681.00
1625.00 740.00
1683.00 777.00
1600.00 802.00
1477.00 825.00
1768.00 825.00
1845.00 850.00
1636.00 862.00
2118.00 863.00
1766.00 879.00
1900.00 912.00
1776.00 926.00
1279.00 934.00
1717.00 951.00
1413.00 985.00
1781.00 988.00
2071.00 1015.00
2113.00 1035.00
1667.00 1047.00
1623.00 1049.00
1755.00 1068.00
2052.00 1069.00
1449.00 1076.00
2150.00 1089.00
1616.00 1109.00
1791.00 1124.00
1736.00 1142.00
1679.00 1146.00
1929.00 1192.00
1769.00 1221.00
1739.00 1266.00
1662.00 1274.00
1868.00 1275.00
1582.00 1285.00
1282.00 1310.00
1752.00 1316.00
1561.00 1330.00
1584.00 1377.00
1950.00 1377.00
1919.00 1432.00
2082.00 1437.00
1748.00 1439.00
1895.00 1473.00
1244.00 1532.00
1859.00 1571.00
1521.00 1601.00
1677.00 1605.00
1787.00 1635.00
1810.00 1765.00
1714.00 1795.00
1417.00 1831.00
1655.00 1900.00
1977.00 1935.00
1917.00 2039.00
1823.00 2071.00
1768.00 2090.00
1712.00 2135.00
1261.00 2147.00
1557.00 2166.00
1562.00 2232.00
1566.00 2298.00
1752.00 2347.00
1812.00 2357.00
1716.00 2465.00
1796.00 2675.00
1607.00 2721.00
