2149.00 331.00
1988.00 369.00
919.00 389.00
1741.00 450.00
781.00 532.00
926.00 813.00
1355.00 816.00
995.00 873.00
1069.00 877.00
997.00 940.00
1590.00 988.00
992.00 1052.00
645.00 1055.00
1652.00 1056.00
661.00 1100.00
1511.00 1111.00
1437.00 1119.00
818.00 1131.00
944.00 1162.00
1778.00 1191.00
1681.00 1198.00
546.00 1210.00
1767.00 1239.00
1442.00 1240.00
2011.00 1244.00
544.00 1263.00
1550.00 1270.00
1667.00 1272.00
824.00 1287.00
2077.00 1305.00
1544.00 1329.00
2020.00 1339.00
1918.00 1340.00
1701.00 1357.00
1774.00 1358.00
516.00 1369.00
1851.00 1374.00
803.00 1378.00
1366.00 1406.00
560.00 1414.00
855.00 1417.00
1149.00 1435.00
913.00 1446.00
1859.00 1446.00
1108.00 1449.00
1011.00 1453.00
633.00 1459.00
1234.00 1472.00
1612.00 1482.00
808.00 1496.00
954.00 1496.00
1135.00 1497.00
2063.00 1497.00
1699.00 1505.00
1012.00 1509.00
1975.00 1525.00
1392.00 1526.00
1348.00 1529.00
1248.00 1533.00
1189.00 1540.00
1136.00 1558.00
626.00 1567.00
582.00 1573.00
1557.00 1579.00
1647.00 1592.00
1182.00 1600.00
2083.00 1624.00
1014.00 1626.00
1139.00 1633.00
1185.00 1663.00
886.00 1757.00
710.00 1771.00
1118.00 1801.00
1440.00 1836.00
1088.00 1846.00
1657.00 1846.00
1748.00 1895.00
1669.00 1997.00
1923.00 2052.00
1629.00 2141.00
1679.00 2143.00
1466.00 2165.00
1576.00 2170.00
1673.00 2203.00
1583.00 2260.00
1472.00 2261.00
1131.00 2362.00
1238.00 2465.00
670.00 2749.00
