765.00 466.00
1745.00 479.00
1275.00 496.00
1124.00 567.00
679.00 593.00
1125.00 608.00
1618.00 630.00
1527.00 634.00
1446.00 651.00
804.00 661.00
1233.00 673.00
589.00 711.00
1501.00 744.00
585.00 752.00
1173.00 773.00
2041.00 780.00
1558.00 794.00
507.00 797.00
567.00 812.00
2146.00 820.00
1195.00 829.00
909.00 830.00
2007.00 836.00
511.00 843.00
816.00 867.00
1130.00 876.00
1537.00 878.00
587.00 884.00
1429.00 924.00
795.00 928.00
635.00 931.00
404.00 932.00
742.00 966.00
1982.00 978.00
1436.00 979.00
645.00 985.00
1938.00 986.00
1303.00 989.00
507.00 1013.00
344.00 1014.00
1946.00 1030.00
1245.00 1041.00
1905.00 1067.00
506.00 1069.00
694.00 1070.00
575.00 1088.00
1641.00 1094.00
504.00 1116.00
785.00 1118.00
2149.00 1119.00
1211.00 1126.00
1788.00 1126.00
830.00 1141.00
1708.00 1141.00
1479.00 1148.00
1934.00 1149.00
236.00 1157.00
502.00 1163.00
1343.00 1163.00
1284.00 1174.00
1536.00 1178.00
1231.00 1181.00
1165.00 1195.00
1646.00 1201.00
824.00 1213.00
1350.00 1218.00
1488.00 1229.00
1793.00 1230.00
1550.00 1236.00
1207.00 1241.00
1446.00 1245.00
1997.00 1249.00
1133.00 1256.00
2143.00 1268.00
863.00 1270.00
2062.00 1277.00
1178.00 1282.00
1494.00 1284.00
1262.00 1293.00
1341.00 1295.00
1399.00 1311.00
1726.00 1316.00
658.00 1317.00
156.00 1325.00
1792.00 1326.00
330.00 1328.00
873.00 1334.00
455.00 1336.00
1462.00 1339.00
1349.00 1353.00
1277.00 1360.00
2064.00 1360.00
1650.00 1379.00
382.00 1380.00
1877.00 1388.00
1134.00 1397.00
1202.00 1397.00
1268.00 1404.00
696.00 1408.00
1806.00 1412.00
492.00 1414.00
222.00 1419.00
616.00 1426.00
1650.00 1434.00
1752.00 1436.00
300.00 1437.00
2123.00 1469.00
2070.00 1471.00
1911.00 1479.00
218.00 1490.00
1407.00 1495.00
1503.00 1497.00
1279.00 1504.00
2094.00 1514.00
1661.00 1537.00
2138.00 1537.00
1462.00 1542.00
162.00 1547.00
1584.00 1551.00
633.00 1568.00
1386.00 1579.00
1436.00 1584.00
1110.00 1586.00
1661.00 1596.00
2097.00 1605.00
228.00 1607.00
1567.00 1613.00
1591.00 1673.00
1668.00 1677.00
1872.00 1697.00
1977.00 1703.00
2037.00 1717.00
1826.00 1718.00
1324.00 1730.00
1275.00 1749.00
1933.00 1757.00
1594.00 1760.00
1811.00 1765.00
2044.00 1786.00
1646.00 1801.00
1598.00 1803.00
2091.00 1807.00
1432.00 1811.00
297.00 1841.00
1535.00 1850.00
1601.00 1859.00
1441.00 1861.00
1819.00 1865.00
1938.00 1865.00
1482.00 1866.00
1823.00 1907.00
1430.00 1930.00
1904.00 1939.00
1810.00 1948.00
1543.00 1957.00
1334.00 1978.00
2048.00 1982.00
1502.00 1985.00
1916.00 1989.00
1625.00 2010.00
1446.00 2015.00
1829.00 2015.00
1649.00 2065.00
1966.00 2073.00
1371.00 2090.00
1438.00 2091.00
1272.00 2104.00
1057.00 2122.00
1692.00 2142.00
1614.00 2149.00
1143.00 2164.00
1665.00 2235.00
1730.00 2237.00
1031.00 2242.00
1398.00 2261.00
1556.00 2271.00
1345.00 2289.00
1651.00 2291.00
1469.00 2320.00
137.00 2358.00
1321.00 2359.00
1197.00 2363.00
1707.00 2363.00
1673.00 2440.00
266.00 2493.00
1119.00 2507.00
622.00 2518.00
1930.00 2539.00
1757.00 2552.00
1801.00 2552.00
1716.00 2560.00
1295.00 2590.00
987.00 2605.00
1555.00 2612.00
1719.00 2628.00
2026.00 2662.00
1981.00 2665.00
