721.00 728.00
709.00 780.00
41.00 790.00
933.00 809.00
698.00 826.00
509.00 905.00
120.00 957.00
659.00 992.00
504.00 1018.00
502.00 1063.00
159.00 1095.00
660.00 1100.00
958.00 1105.00
1112.00 1109.00
758.00 1130.00
1115.00 1151.00
138.00 1155.00
184.00 1158.00
779.00 1171.00
200.00 1201.00
1116.00 1205.00
578.00 1247.00
1041.00 1247.00
188.00 1264.00
1116.00 1275.00
1039.00 1288.00
792.00 1293.00
447.00 1306.00
127.00 1321.00
288.00 1329.00
554.00 1344.00
1041.00 1344.00
659.00 1349.00
1117.00 1358.00
448.00 1363.00
718.00 1368.00
176.00 1381.00
320.00 1381.00
1117.00 1400.00
424.00 1428.00
136.00 1430.00
184.00 1430.00
1118.00 1447.00
225.00 1456.00
418.00 1493.00
1068.00 1495.00
303.00 1501.00
1117.00 1528.00
1047.00 1542.00
272.00 1565.00
325.00 1566.00
381.00 1568.00
467.00 1575.00
999.00 1580.00
850.00 1592.00
1047.00 1601.00
793.00 1606.00
316.00 1651.00
1069.00 1672.00
1139.00 1738.00
1084.00 1751.00
1070.00 1798.00
318.00 1801.00
512.00 1829.00
561.00 1890.00
398.00 1897.00
843.00 1947.00
790.00 1974.00
929.00 1994.00
875.00 2013.00
791.00 2020.00
511.00 2039.00
892.00 2056.00
1076.00 2057.00
763.00 2061.00
973.00 2064.00
513.00 2080.00
407.00 2100.00
311.00 2192.00
912.00 2287.00
