1238.00 31.00
1636.00 62.00
1796.00 68.00
434.00 117.00
1690.00 128.00
1948.00 133.00
2012.00 139.00
1911.00 189.00
883.00 202.00
2049.00 202.00
1817.00 208.00
1729.00 223.00
809.00 260.00
2043.00 289.00
1162.00 294.00
1306.00 303.00
1220.00 325.00
1441.00 361.00
1193.00 380.00
2099.00 381.00
1395.00 382.00
1611.00 393.00
1320.00 465.00
2016.00 466.00
840.00 470.00
1274.00 488.00
511.00 490.00
1595.00 499.00
1550.00 504.00
1199.00 526.00
1698.00 537.00
408.00 540.00
1919.00 553.00
1396.00 564.00
1199.00 581.00
1845.00 597.00
2044.00 600.00
1661.00 608.00
2141.00 620.00
1739.00 633.00
2081.00 660.00
1628.00 662.00
1075.00 676.00
2131.00 688.00
910.00 691.00
329.00 697.00
1531.00 703.00
1376.00 704.00
1343.00 754.00
599.00 758.00
1617.00 762.00
2072.00 771.00
1205.00 773.00
1553.00 783.00
409.00 784.00
1860.00 792.00
688.00 798.00
498.00 806.00
2077.00 816.00
364.00 827.00
878.00 834.00
1105.00 834.00
1273.00 844.00
416.00 851.00
1926.00 856.00
55.00 857.00
708.00 866.00
114.00 870.00
1846.00 875.00
839.00 881.00
886.00 881.00
1276.00 890.00
205.00 893.00
505.00 897.00
1919.00 904.00
1124.00 912.00
1787.00 915.00
1016.00 929.00
1868.00 929.00
421.00 935.00
1278.00 937.00
1666.00 953.00
1149.00 957.00
484.00 979.00
902.00 1003.00
1281.00 1008.00
991.00 1011.00
1224.00 1025.00
1813.00 1025.00
1085.00 1057.00
1547.00 1062.00
1130.00 1077.00
441.00 1081.00
1225.00 1084.00
163.00 1086.00
921.00 1095.00
1479.00 1101.00
1745.00 1112.00
1203.00 1125.00
1277.00 1129.00
2026.00 1133.00
1044.00 1136.00
1089.00 1168.00
1279.00 1176.00
1481.00 1180.00
1902.00 1186.00
1206.00 1193.00
1948.00 1213.00
996.00 1214.00
90.00 1216.00
1756.00 1216.00
1047.00 1223.00
1281.00 1235.00
1605.00 1235.00
1666.00 1247.00
384.00 1262.00
99.00 1263.00
1893.00 1278.00
1458.00 1280.00
1591.00 1312.00
1969.00 1317.00
1407.00 1319.00
224.00 1327.00
1456.00 1331.00
138.00 1334.00
2048.00 1334.00
1000.00 1345.00
1861.00 1348.00
317.00 1351.00
1118.00 1353.00
1298.00 1379.00
1676.00 1380.00
1583.00 1394.00
1408.00 1397.00
365.00 1408.00
1922.00 1410.00
1300.00 1440.00
2043.00 1454.00
1055.00 1456.00
420.00 1462.00
680.00 1468.00
1303.00 1490.00
1916.00 1495.00
1871.00 1501.00
1626.00 1507.00
1547.00 1532.00
2144.00 1532.00
1709.00 1536.00
1124.00 1537.00
1876.00 1547.00
922.00 1554.00
1629.00 1554.00
2005.00 1570.00
494.00 1576.00
1506.00 1579.00
1698.00 1584.00
2117.00 1584.00
409.00 1587.00
1814.00 1588.00
1297.00 1590.00
1224.00 1597.00
1633.00 1604.00
1943.00 1630.00
2124.00 1631.00
1311.00 1640.00
2026.00 1644.00
1248.00 1657.00
98.00 1658.00
1392.00 1669.00
1889.00 1669.00
256.00 1685.00
621.00 1696.00
1731.00 1700.00
1249.00 1706.00
1878.00 1711.00
1685.00 1722.00
1440.00 1726.00
242.00 1741.00
534.00 1742.00
472.00 1743.00
1305.00 1743.00
2092.00 1751.00
901.00 1796.00
1284.00 1796.00
1846.00 1860.00
1656.00 1865.00
545.00 1875.00
1431.00 1876.00
1332.00 1892.00
1074.00 1902.00
11.00 1909.00
150.00 1933.00
1027.00 1943.00
861.00 1951.00
33.00 1955.00
2057.00 1971.00
1491.00 1992.00
1551.00 2000.00
84.00 2009.00
1479.00 2041.00
306.00 2066.00
448.00 2094.00
81.00 2102.00
14.00 2107.00
514.00 2117.00
1670.00 2159.00
20.00 2177.00
890.00 2196.00
1177.00 2215.00
1085.00 2216.00
576.00 2263.00
675.00 2284.00
871.00 2302.00
771.00 2317.00
1268.00 2333.00
711.00 2338.00
942.00 2338.00
625.00 2341.00
478.00 2346.00
136.00 2355.00
45.00 2375.00
502.00 2618.00
