1039.00 639.00
981.00 688.00
1415.00 746.00
1277.00 752.00
1670.00 783.00
1244.00 809.00
1457.00 811.00
1799.00 813.00
1153.00 822.00
477.00 824.00
1799.00 865.00
1770.00 930.00
1857.00 948.00
475.00 952.00
664.00 981.00
205.00 1007.00
1805.00 1035.00
1743.00 1044.00
885.00 1048.00
1274.00 1054.00
1890.00 1055.00
1830.00 1079.00
761.00 1083.00
1735.00 1110.00
1808.00 1121.00
818.00 1160.00
1153.00 1160.00
1367.00 1173.00
1717.00 1178.00
680.00 1179.00
1481.00 1189.00
1557.00 1193.00
1812.00 1209.00
1668.00 1224.00
1498.00 1243.00
1607.00 1260.00
1496.00 1296.00
1592.00 1303.00
1108.00 1336.00
1728.00 1360.00
1631.00 1400.00
1511.00 1409.00
1432.00 1433.00
1773.00 1476.00
1120.00 1530.00
1825.00 1570.00
1773.00 1572.00
1376.00 1606.00
1825.00 1615.00
1700.00 1678.00
1758.00 1708.00
1704.00 1757.00
1833.00 1758.00
1410.00 1760.00
1481.00 1768.00
1540.00 1848.00
1898.00 1938.00
1840.00 1951.00
983.00 2108.00
742.00 2119.00
1416.00 2141.00
291.00 2148.00
1361.00 2158.00
959.00 2161.00
573.00 2179.00
736.00 2196.00
1519.00 2205.00
150.00 2214.00
284.00 2233.00
566.00 2273.00
1331.00 2291.00
79.00 2301.00
25.00 2307.00
188.00 2329.00
422.00 2370.00
524.00 2375.00
591.00 2399.00
