1123.00 56.00
1636.00 137.00
830.00 146.00
1378.00 165.00
1309.00 183.00
592.00 215.00
1733.00 216.00
1639.00 220.00
1692.00 223.00
1561.00 238.00
1456.00 246.00
572.00 265.00
402.00 274.00
360.00 287.00
1457.00 295.00
1305.00 322.00
1217.00 343.00
124.00 355.00
1172.00 369.00
46.00 380.00
978.00 398.00
890.00 415.00
1450.00 421.00
1541.00 430.00
750.00 437.00
544.00 439.00
128.00 445.00
254.00 445.00
791.00 448.00
1175.00 467.00
462.00 480.00
1224.00 499.00
774.00 500.00
302.00 501.00
1632.00 504.00
232.00 523.00
911.00 526.00
788.00 541.00
1602.00 548.00
1690.00 552.00
279.00 559.00
685.00 564.00
1420.00 568.00
373.00 577.00
1254.00 583.00
1346.00 597.00
1531.00 603.00
498.00 607.00
929.00 611.00
411.00 627.00
1080.00 633.00
769.00 635.00
842.00 645.00
289.00 654.00
930.00 659.00
238.00 663.00
620.00 665.00
1659.00 667.00
471.00 690.00
284.00 698.00
240.00 707.00
1365.00 714.00
928.00 717.00
596.00 718.00
799.00 743.00
1114.00 765.00
927.00 775.00
866.00 783.00
1509.00 795.00
1398.00 797.00
796.00 811.00
1660.00 821.00
1464.00 838.00
1527.00 849.00
1092.00 861.00
632.00 876.00
965.00 881.00
807.00 905.00
1227.00 906.00
1615.00 909.00
1657.00 910.00
509.00 913.00
87.00 928.00
655.00 928.00
394.00 933.00
1510.00 934.00
948.00 947.00
777.00 958.00
1338.00 959.00
1449.00 961.00
1132.00 962.00
193.00 964.00
1296.00 971.00
340.00 977.00
667.00 987.00
105.00 988.00
1390.00 1001.00
443.00 1017.00
1290.00 1019.00
389.00 1025.00
623.00 1029.00
1082.00 1045.00
749.00 1048.00
930.00 1048.00
1498.00 1050.00
42.00 1052.00
1393.00 1052.00
1338.00 1059.00
84.00 1070.00
1197.00 1070.00
1447.00 1076.00
1009.00 1078.00
511.00 1086.00
1493.00 1093.00
1616.00 1094.00
1115.00 1099.00
1399.00 1101.00
172.00 1106.00
1346.00 1113.00
1171.00 1114.00
1668.00 1119.00
927.00 1120.00
761.00 1122.00
829.00 1126.00
1444.00 1128.00
535.00 1136.00
973.00 1136.00
407.00 1150.00
454.00 1152.00
1533.00 1152.00
1178.00 1156.00
1305.00 1160.00
1264.00 1168.00
1659.00 1169.00
786.00 1180.00
1491.00 1185.00
404.00 1194.00
1336.00 1204.00
1097.00 1214.00
441.00 1270.00
135.00 1277.00
77.00 1294.00
903.00 1300.00
582.00 1332.00
171.00 1348.00
1337.00 1367.00
1110.00 1374.00
1736.00 1401.00
310.00 1423.00
663.00 1438.00
464.00 1449.00
1566.00 1450.00
1267.00 1467.00
639.00 1486.00
1557.00 1557.00
1367.00 1627.00
871.00 1629.00
1158.00 1630.00
1278.00 1643.00
1595.00 1651.00
1226.00 1653.00
1523.00 1715.00
1562.00 1846.00
1417.00 1888.00
1301.00 1918.00
1488.00 1927.00
1557.00 1929.00
447.00 2452.00
