973.00 102.00
1237.00 270.00
1438.00 287.00
1101.00 288.00
1181.00 292.00
1765.00 302.00
1664.00 310.00
851.00 313.00
538.00 323.00
1179.00 333.00
1237.00 334.00
1307.00 336.00
1378.00 362.00
1475.00 377.00
1420.00 378.00
1262.00 390.00
804.00 400.00
1310.00 402.00
1075.00 412.00
729.00 425.00
1180.00 428.00
965.00 435.00
1237.00 443.00
1766.00 459.00
1082.00 471.00
1719.00 472.00
1671.00 473.00
1383.00 475.00
753.00 477.00
959.00 483.00
898.00 487.00
1142.00 500.00
50.00 502.00
1237.00 509.00
1084.00 519.00
1444.00 523.00
987.00 524.00
654.00 561.00
1006.00 568.00
34.00 569.00
895.00 571.00
695.00 580.00
843.00 587.00
1724.00 605.00
1237.00 617.00
1445.00 635.00
1787.00 636.00
1179.00 640.00
894.00 644.00
1498.00 646.00
600.00 657.00
840.00 663.00
974.00 669.00
792.00 676.00
1369.00 689.00
1728.00 692.00
1505.00 695.00
912.00 696.00
690.00 712.00
958.00 716.00
787.00 717.00
1572.00 718.00
1237.00 721.00
1191.00 729.00
838.00 730.00
1642.00 747.00
1730.00 749.00
1512.00 750.00
1087.00 762.00
1381.00 762.00
1593.00 765.00
537.00 770.00
746.00 770.00
1446.00 780.00
1237.00 795.00
1515.00 799.00
510.00 811.00
1733.00 814.00
1096.00 815.00
1682.00 846.00
255.00 854.00
488.00 855.00
1740.00 864.00
800.00 869.00
1516.00 869.00
1448.00 899.00
300.00 903.00
646.00 906.00
1063.00 914.00
1517.00 916.00
1311.00 917.00
1705.00 918.00
927.00 919.00
978.00 946.00
635.00 951.00
432.00 953.00
1713.00 965.00
1372.00 966.00
1519.00 966.00
1762.00 977.00
883.00 985.00
55.00 986.00
1311.00 1001.00
437.00 1008.00
1380.00 1010.00
1716.00 1012.00
1058.00 1015.00
1423.00 1015.00
1761.00 1039.00
1310.00 1048.00
1390.00 1056.00
1478.00 1057.00
373.00 1059.00
1732.00 1082.00
756.00 1084.00
379.00 1105.00
1306.00 1105.00
932.00 1111.00
1058.00 1134.00
338.00 1155.00
1548.00 1158.00
1269.00 1161.00
448.00 1171.00
224.00 1176.00
1486.00 1176.00
1599.00 1181.00
833.00 1187.00
1443.00 1192.00
633.00 1200.00
456.00 1219.00
1141.00 1221.00
1399.00 1236.00
277.00 1237.00
1273.00 1240.00
1452.00 1244.00
1750.00 1244.00
1524.00 1256.00
1143.00 1276.00
405.00 1281.00
562.00 1284.00
1445.00 1290.00
1525.00 1304.00
55.00 1318.00
623.00 1321.00
560.00 1325.00
831.00 1330.00
676.00 1334.00
1759.00 1346.00
775.00 1350.00
1223.00 1351.00
322.00 1352.00
245.00 1356.00
522.00 1371.00
201.00 1373.00
1656.00 1374.00
51.00 1376.00
565.00 1385.00
1595.00 1391.00
831.00 1393.00
1526.00 1400.00
432.00 1401.00
1197.00 1406.00
1130.00 1420.00
580.00 1427.00
256.00 1429.00
1086.00 1436.00
373.00 1444.00
829.00 1453.00
1563.00 1462.00
194.00 1463.00
53.00 1466.00
293.00 1471.00
922.00 1472.00
416.00 1481.00
468.00 1485.00
1307.00 1493.00
829.00 1495.00
1418.00 1505.00
1487.00 1511.00
922.00 1519.00
1198.00 1522.00
166.00 1527.00
276.00 1528.00
604.00 1541.00
460.00 1549.00
813.00 1549.00
1310.00 1550.00
398.00 1551.00
1411.00 1551.00
864.00 1552.00
119.00 1556.00
9.00 1559.00
725.00 1563.00
1017.00 1566.00
658.00 1577.00
1725.00 1578.00
343.00 1586.00
1636.00 1601.00
27.00 1603.00
85.00 1605.00
746.00 1606.00
848.00 1611.00
394.00 1616.00
891.00 1616.00
648.00 1621.00
797.00 1623.00
715.00 1647.00
668.00 1665.00
826.00 1667.00
1029.00 1667.00
1545.00 1686.00
1282.00 1694.00
540.00 1699.00
442.00 1702.00
1168.00 1716.00
1214.00 1724.00
515.00 1744.00
945.00 1764.00
102.00 1774.00
1198.00 1778.00
211.00 1784.00
519.00 1808.00
619.00 1823.00
1168.00 1831.00
176.00 1835.00
1477.00 1840.00
1710.00 1844.00
934.00 1883.00
1416.00 1894.00
1558.00 1897.00
1469.00 1900.00
1710.00 1903.00
742.00 1921.00
964.00 1931.00
434.00 1937.00
1403.00 1937.00
1470.00 1944.00
1640.00 1956.00
766.00 1969.00
1705.00 1987.00
1044.00 2004.00
1608.00 2008.00
1659.00 2008.00
763.00 2010.00
81.00 2035.00
1505.00 2037.00
1001.00 2038.00
1375.00 2057.00
563.00 2071.00
510.00 2096.00
843.00 2137.00
1416.00 2139.00
286.00 2141.00
1662.00 2152.00
1486.00 2154.00
1073.00 2155.00
1616.00 2155.00
710.00 2156.00
602.00 2170.00
908.00 2202.00
293.00 2209.00
213.00 2214.00
759.00 2218.00
1115.00 2224.00
145.00 2244.00
433.00 2251.00
840.00 2253.00
55.00 2277.00
200.00 2294.00
125.00 2300.00
1576.00 2304.00
14.00 2309.00
1528.00 2310.00
1398.00 2323.00
691.00 2328.00
643.00 2333.00
909.00 2334.00
1248.00 2338.00
87.00 2341.00
1066.00 2346.00
339.00 2360.00
915.00 2385.00
511.00 2392.00
448.00 2398.00
375.00 2405.00
816.00 2444.00
677.00 2449.00
1396.00 2451.00
275.00 2458.00
137.00 2495.00
152.00 2538.00
1020.00 2539.00
248.00 2559.00
288.00 2650.00
83.00 2868.00
