944.00 356.00
993.00 722.00
1100.00 813.00
766.00 1102.00
492.00 1129.00
733.00 1149.00
2123.00 1211.00
512.00 1257.00
414.00 1268.00
1084.00 1286.00
1988.00 1310.00
893.00 1321.00
977.00 1321.00
1244.00 1349.00
386.00 1367.00
801.00 1367.00
311.00 1372.00
365.00 1409.00
1155.00 1415.00
91.00 1416.00
960.00 1434.00
1520.00 1435.00
1304.00 1465.00
1447.00 1482.00
1582.00 1489.00
422.00 1511.00
1637.00 1524.00
1800.00 1531.00
119.00 1549.00
335.00 1570.00
904.00 1571.00
1767.00 1590.00
1841.00 1598.00
487.00 1618.00
8.00 1619.00
2034.00 1630.00
1283.00 1649.00
1507.00 1685.00
1098.00 1691.00
1403.00 1691.00
1284.00 1715.00
1498.00 1732.00
683.00 1747.00
285.00 1763.00
890.00 1811.00
1248.00 1829.00
1152.00 1833.00
1007.00 1896.00
1357.00 1909.00
777.00 1920.00
1299.00 1920.00
909.00 1953.00
1293.00 1969.00
1120.00 1987.00
1169.00 2094.00
1398.00 2095.00
1296.00 2116.00
1088.00 2117.00
116.00 2272.00
59.00 2290.00
498.00 2388.00
