432.00 248.00
328.00 290.00
287.00 311.00
1022.00 360.00
492.00 403.00
124.00 408.00
215.00 441.00
425.00 464.00
466.00 478.00
218.00 487.00
1385.00 502.00
736.00 613.00
431.00 638.00
640.00 650.00
887.00 669.00
230.00 677.00
478.00 717.00
213.00 722.00
157.00 731.00
620.00 786.00
70.00 802.00
183.00 848.00
779.00 860.00
313.00 864.00
449.00 870.00
9.00 888.00
248.00 895.00
601.00 895.00
1623.00 898.00
670.00 906.00
87.00 916.00
490.00 920.00
147.00 938.00
748.00 945.00
393.00 951.00
798.00 970.00
598.00 981.00
116.00 983.00
552.00 994.00
331.00 1007.00
506.00 1018.00
132.00 1032.00
1561.00 1035.00
190.00 1048.00
44.00 1060.00
311.00 1070.00
420.00 1077.00
259.00 1084.00
1119.00 1114.00
398.00 1119.00
482.00 1123.00
1545.00 1145.00
773.00 1152.00
13.00 1154.00
605.00 1160.00
1673.00 1227.00
63.00 1249.00
515.00 1279.00
1014.00 1286.00
1198.00 1291.00
405.00 1298.00
341.00 1316.00
560.00 1336.00
1223.00 1338.00
936.00 1354.00
1268.00 1355.00
226.00 1371.00
532.00 1379.00
149.00 1391.00
890.00 1393.00
1232.00 1400.00
1348.00 1410.00
577.00 1415.00
1956.00 1426.00
1006.00 1430.00
1564.00 1436.00
1714.00 1440.00
1470.00 1466.00
527.00 1474.00
1540.00 1488.00
1282.00 1504.00
1673.00 1510.00
642.00 1522.00
191.00 1527.00
696.00 1534.00
587.00 1536.00
432.00 1549.00
1159.00 1550.00
2014.00 1574.00
840.00 1575.00
660.00 1632.00
1256.00 1638.00
1084.00 1659.00
1994.00 1684.00
818.00 1757.00
866.00 1772.00
702.00 1870.00
622.00 1911.00
1124.00 1987.00
