1602.00 112.00
1478.00 165.00
1634.00 207.00
43.00 257.00
75.00 299.00
1462.00 301.00
1386.00 305.00
1586.00 358.00
388.00 359.00
71.00 360.00
1502.00 418.00
1080.00 445.00
1434.00 463.00
1514.00 487.00
1455.00 520.00
1555.00 533.00
1653.00 542.00
1083.00 549.00
1310.00 559.00
1602.00 575.00
22.00 582.00
1402.00 585.00
1085.00 592.00
966.00 606.00
1539.00 607.00
1341.00 638.00
1261.00 639.00
1490.00 646.00
1920.00 658.00
1335.00 679.00
1270.00 682.00
1135.00 692.00
991.00 697.00
271.00 749.00
1767.00 752.00
1957.00 762.00
823.00 766.00
1615.00 769.00
895.00 785.00
1169.00 786.00
1310.00 786.00
1090.00 793.00
1447.00 793.00
965.00 800.00
1672.00 809.00
1250.00 815.00
1044.00 817.00
2004.00 828.00
1536.00 851.00
795.00 855.00
1679.00 855.00
225.00 858.00
1062.00 858.00
1203.00 870.00
1378.00 878.00
1489.00 885.00
1063.00 902.00
1141.00 902.00
195.00 907.00
890.00 937.00
795.00 940.00
688.00 941.00
1319.00 941.00
1424.00 945.00
1063.00 946.00
1606.00 957.00
1489.00 958.00
2071.00 978.00
171.00 982.00
217.00 987.00
1309.00 995.00
1664.00 995.00
796.00 1005.00
1482.00 1008.00
1619.00 1017.00
1204.00 1019.00
974.00 1020.00
681.00 1026.00
1308.00 1038.00
204.00 1040.00
1570.00 1043.00
1924.00 1045.00
1377.00 1050.00
938.00 1061.00
796.00 1065.00
1506.00 1074.00
690.00 1078.00
1879.00 1079.00
1823.00 1083.00
1456.00 1099.00
2053.00 1104.00
796.00 1110.00
544.00 1114.00
884.00 1126.00
135.00 1128.00
1380.00 1133.00
1876.00 1140.00
796.00 1157.00
885.00 1186.00
545.00 1199.00
128.00 1203.00
84.00 1210.00
445.00 1230.00
688.00 1230.00
795.00 1243.00
915.00 1251.00
968.00 1257.00
1887.00 1258.00
98.00 1271.00
563.00 1271.00
688.00 1285.00
445.00 1290.00
869.00 1304.00
733.00 1308.00
369.00 1316.00
1808.00 1342.00
66.00 1346.00
794.00 1348.00
969.00 1359.00
329.00 1360.00
8.00 1374.00
1396.00 1374.00
242.00 1378.00
441.00 1379.00
2070.00 1379.00
631.00 1380.00
732.00 1384.00
796.00 1395.00
1833.00 1396.00
368.00 1401.00
1895.00 1413.00
951.00 1420.00
1421.00 1422.00
1371.00 1423.00
1324.00 1424.00
629.00 1432.00
750.00 1437.00
1965.00 1458.00
676.00 1460.00
2041.00 1467.00
450.00 1475.00
1011.00 1480.00
1853.00 1482.00
851.00 1486.00
67.00 1491.00
226.00 1500.00
327.00 1501.00
662.00 1507.00
970.00 1517.00
101.00 1537.00
631.00 1550.00
183.00 1552.00
1936.00 1599.00
76.00 1601.00
1989.00 1601.00
226.00 1619.00
673.00 1627.00
1840.00 1628.00
609.00 1629.00
1760.00 1631.00
794.00 1636.00
79.00 1646.00
34.00 1648.00
2109.00 1649.00
284.00 1659.00
2015.00 1669.00
725.00 1679.00
130.00 1683.00
181.00 1690.00
234.00 1691.00
381.00 1703.00
536.00 1710.00
156.00 1731.00
1376.00 1731.00
638.00 1738.00
413.00 1764.00
556.00 1765.00
198.00 1784.00
627.00 1784.00
1212.00 1797.00
1522.00 1801.00
1893.00 1804.00
2111.00 1804.00
146.00 1805.00
1955.00 1805.00
1448.00 1807.00
1798.00 1808.00
603.00 1829.00
706.00 1831.00
660.00 1835.00
358.00 1845.00
123.00 1852.00
411.00 1853.00
585.00 1880.00
738.00 1883.00
644.00 1884.00
314.00 1886.00
385.00 1898.00
430.00 1898.00
1239.00 1900.00
1296.00 1933.00
560.00 1943.00
244.00 1949.00
1192.00 1949.00
1240.00 1952.00
467.00 1966.00
509.00 1973.00
412.00 1991.00
1384.00 2015.00
627.00 2027.00
444.00 2045.00
712.00 2045.00
580.00 2055.00
500.00 2061.00
1303.00 2066.00
348.00 2070.00
220.00 2075.00
677.00 2101.00
272.00 2103.00
479.00 2106.00
434.00 2111.00
1197.00 2111.00
2055.00 2112.00
582.00 2122.00
970.00 2136.00
180.00 2137.00
1551.00 2137.00
787.00 2141.00
61.00 2144.00
299.00 2152.00
224.00 2157.00
1727.00 2158.00
735.00 2171.00
9.00 2174.00
92.00 2194.00
2074.00 2215.00
1452.00 2218.00
784.00 2237.00
135.00 2253.00
551.00 2266.00
436.00 2309.00
185.00 2323.00
1709.00 2324.00
284.00 2363.00
1403.00 2380.00
102.00 2383.00
1766.00 2386.00
1475.00 2406.00
249.00 2413.00
123.00 2428.00
532.00 2431.00
284.00 2465.00
1157.00 2476.00
1689.00 2489.00
16.00 2501.00
465.00 2501.00
224.00 2540.00
177.00 2547.00
682.00 2548.00
15.00 2570.00
378.00 2599.00
304.00 2612.00
209.00 2627.00
663.00 2648.00
620.00 2664.00
441.00 2693.00
66.00 2818.00
314.00 2864.00
