1485.00 307.00
1696.00 332.00
1301.00 365.00
1625.00 371.00
1751.00 388.00
1391.00 405.00
2140.00 414.00
1539.00 420.00
1289.00 425.00
1207.00 428.00
988.00 435.00
689.00 451.00
2130.00 465.00
1545.00 480.00
905.00 507.00
1210.00 511.00
947.00 516.00
1647.00 524.00
817.00 525.00
990.00 532.00
1810.00 542.00
1257.00 543.00
904.00 554.00
587.00 555.00
1442.00 562.00
1394.00 564.00
2067.00 567.00
764.00 572.00
1149.00 576.00
838.00 581.00
716.00 585.00
614.00 600.00
1281.00 604.00
1190.00 609.00
551.00 629.00
1447.00 632.00
2011.00 635.00
813.00 640.00
967.00 645.00
762.00 649.00
1225.00 657.00
1029.00 658.00
592.00 659.00
1165.00 660.00
714.00 673.00
1484.00 673.00
1282.00 681.00
811.00 685.00
1710.00 700.00
561.00 705.00
1028.00 706.00
968.00 709.00
903.00 710.00
1169.00 712.00
762.00 714.00
1759.00 716.00
1390.00 719.00
1097.00 735.00
1219.00 740.00
990.00 751.00
1933.00 774.00
1086.00 794.00
731.00 815.00
624.00 834.00
1250.00 834.00
675.00 841.00
558.00 859.00
1085.00 861.00
1204.00 875.00
1318.00 881.00
671.00 886.00
619.00 912.00
558.00 914.00
1380.00 929.00
1006.00 934.00
1952.00 954.00
744.00 955.00
2140.00 962.00
537.00 973.00
601.00 976.00
687.00 977.00
1686.00 981.00
2083.00 986.00
1548.00 993.00
968.00 998.00
1034.00 1010.00
591.00 1020.00
1435.00 1032.00
758.00 1034.00
914.00 1037.00
835.00 1039.00
1882.00 1049.00
2088.00 1050.00
1730.00 1053.00
1559.00 1057.00
1206.00 1058.00
1380.00 1064.00
707.00 1065.00
885.00 1078.00
1668.00 1079.00
933.00 1081.00
1832.00 1081.00
1966.00 1088.00
1050.00 1090.00
757.00 1100.00
712.00 1109.00
816.00 1109.00
884.00 1119.00
657.00 1120.00
516.00 1123.00
1561.00 1126.00
2143.00 1130.00
607.00 1135.00
1380.00 1139.00
775.00 1146.00
1835.00 1153.00
956.00 1156.00
1022.00 1160.00
1174.00 1168.00
689.00 1180.00
904.00 1192.00
1562.00 1197.00
1665.00 1198.00
752.00 1205.00
560.00 1227.00
1092.00 1227.00
1150.00 1228.00
942.00 1234.00
1842.00 1245.00
716.00 1255.00
1287.00 1261.00
984.00 1263.00
1046.00 1269.00
519.00 1271.00
633.00 1274.00
1089.00 1276.00
1331.00 1278.00
1848.00 1298.00
1200.00 1304.00
1074.00 1328.00
1664.00 1353.00
1992.00 1353.00
1208.00 1364.00
478.00 1369.00
1040.00 1385.00
886.00 1391.00
975.00 1393.00
772.00 1395.00
1802.00 1399.00
566.00 1406.00
1735.00 1413.00
1104.00 1415.00
520.00 1423.00
655.00 1424.00
1249.00 1428.00
1907.00 1435.00
764.00 1437.00
885.00 1446.00
1429.00 1455.00
567.00 1484.00
608.00 1491.00
512.00 1497.00
653.00 1497.00
941.00 1498.00
1402.00 1501.00
755.00 1504.00
851.00 1509.00
1189.00 1512.00
1076.00 1516.00
687.00 1538.00
1523.00 1539.00
1613.00 1542.00
1421.00 1543.00
1897.00 1550.00
1066.00 1561.00
524.00 1586.00
805.00 1596.00
852.00 1603.00
902.00 1603.00
1719.00 1603.00
1024.00 1620.00
748.00 1621.00
703.00 1632.00
1070.00 1639.00
880.00 1657.00
1426.00 1659.00
720.00 1674.00
1475.00 1685.00
540.00 1687.00
932.00 1696.00
1424.00 1700.00
1518.00 1704.00
582.00 1711.00
720.00 1719.00
1235.00 1730.00
1024.00 1738.00
1072.00 1738.00
865.00 1740.00
908.00 1754.00
1839.00 1767.00
1449.00 1774.00
568.00 1781.00
559.00 1824.00
1289.00 1836.00
829.00 1865.00
888.00 1866.00
784.00 1867.00
1300.00 1904.00
716.00 1913.00
511.00 1925.00
898.00 1929.00
1594.00 1930.00
656.00 1945.00
727.00 1954.00
1300.00 1966.00
1188.00 1969.00
1125.00 1970.00
512.00 2020.00
638.00 2083.00
756.00 2175.00
667.00 2176.00
1118.00 2185.00
1827.00 2188.00
798.00 2192.00
1170.00 2195.00
883.00 2227.00
770.00 2237.00
1172.00 2241.00
1116.00 2247.00
656.00 2267.00
751.00 2303.00
1112.00 2316.00
955.00 2377.00
764.00 2410.00
835.00 2467.00
1161.00 2481.00
