1017.00 109.00
968.00 153.00
1092.00 154.00
1047.00 190.00
1583.00 191.00
1896.00 202.00
1235.00 224.00
1564.00 342.00
1705.00 367.00
879.00 409.00
540.00 425.00
1809.00 518.00
1703.00 523.00
773.00 546.00
1580.00 632.00
2007.00 632.00
1903.00 634.00
677.00 638.00
19.00 663.00
1483.00 689.00
1997.00 695.00
224.00 726.00
1585.00 735.00
1940.00 741.00
434.00 749.00
391.00 764.00
1991.00 771.00
1485.00 776.00
1858.00 776.00
603.00 785.00
1618.00 785.00
448.00 793.00
1738.00 795.00
1003.00 825.00
961.00 836.00
620.00 837.00
1779.00 843.00
671.00 852.00
1506.00 856.00
1004.00 874.00
766.00 881.00
1595.00 886.00
1427.00 900.00
1490.00 903.00
1989.00 908.00
857.00 910.00
1386.00 911.00
977.00 919.00
1828.00 936.00
1664.00 960.00
1495.00 971.00
1061.00 972.00
1804.00 977.00
1134.00 1000.00
1182.00 1004.00
1999.00 1004.00
1450.00 1020.00
1253.00 1030.00
1089.00 1055.00
1932.00 1059.00
1710.00 1062.00
1226.00 1092.00
1323.00 1119.00
17.00 1129.00
1454.00 1135.00
496.00 1151.00
548.00 1151.00
138.00 1156.00
790.00 1186.00
988.00 1191.00
1126.00 1209.00
733.00 1211.00
1176.00 1220.00
884.00 1230.00
1439.00 1236.00
646.00 1248.00
949.00 1253.00
1389.00 1256.00
599.00 1269.00
896.00 1282.00
555.00 1288.00
683.00 1300.00
30.00 1302.00
512.00 1306.00
811.00 1312.00
984.00 1315.00
767.00 1328.00
719.00 1344.00
642.00 1347.00
1960.00 1382.00
504.00 1391.00
633.00 1395.00
737.00 1395.00
403.00 1404.00
144.00 1411.00
253.00 1414.00
331.00 1424.00
502.00 1450.00
401.00 1451.00
689.00 1453.00
154.00 1457.00
327.00 1493.00
1148.00 1502.00
173.00 1510.00
465.00 1518.00
916.00 1523.00
336.00 1558.00
120.00 1564.00
205.00 1569.00
176.00 1612.00
91.00 1614.00
234.00 1623.00
704.00 1644.00
862.00 1645.00
142.00 1658.00
501.00 1668.00
76.00 1679.00
29.00 1714.00
945.00 1722.00
83.00 1742.00
525.00 1771.00
843.00 1774.00
1854.00 1776.00
1268.00 1786.00
180.00 1832.00
1161.00 1843.00
745.00 1859.00
1393.00 1874.00
1186.00 1912.00
201.00 1918.00
775.00 1936.00
1468.00 1952.00
1283.00 1956.00
1801.00 1973.00
1393.00 1977.00
240.00 2018.00
1153.00 2028.00
381.00 2032.00
739.00 2042.00
1383.00 2043.00
1202.00 2046.00
1756.00 2084.00
508.00 2101.00
207.00 2102.00
1286.00 2108.00
641.00 2113.00
347.00 2116.00
772.00 2156.00
1157.00 2172.00
903.00 2173.00
1496.00 2181.00
194.00 2187.00
599.00 2197.00
693.00 2208.00
1431.00 2258.00
930.00 2278.00
1187.00 2313.00
639.00 2317.00
426.00 2319.00
1493.00 2347.00
483.00 2360.00
596.00 2378.00
154.00 2502.00
149.00 2589.00
398.00 2648.00
321.00 2664.00
258.00 2705.00
271.00 2746.00
559.00 2753.00
603.00 2773.00
283.00 2787.00
