735.00 265.00
760.00 331.00
2064.00 344.00
1631.00 458.00
2088.00 483.00
1532.00 499.00
1703.00 520.00
1750.00 572.00
720.00 581.00
1934.00 583.00
1484.00 588.00
1605.00 601.00
1235.00 617.00
360.00 623.00
1822.00 655.00
1517.00 658.00
1624.00 660.00
1779.00 667.00
358.00 681.00
1238.00 681.00
1550.00 704.00
1821.00 711.00
1426.00 725.00
1650.00 726.00
1318.00 750.00
1529.00 753.00
1375.00 758.00
1596.00 762.00
1713.00 768.00
1244.00 797.00
460.00 803.00
1422.00 819.00
1760.00 830.00
366.00 836.00
1354.00 841.00
1258.00 845.00
2075.00 855.00
1204.00 862.00
1672.00 869.00
1837.00 899.00
1450.00 906.00
1372.00 909.00
1247.00 912.00
486.00 918.00
1581.00 919.00
1518.00 925.00
1698.00 931.00
578.00 939.00
1998.00 941.00
1809.00 964.00
1650.00 974.00
1696.00 979.00
1448.00 991.00
1919.00 995.00
347.00 1001.00
2040.00 1003.00
1530.00 1006.00
1848.00 1016.00
1760.00 1024.00
1607.00 1030.00
1683.00 1038.00
598.00 1040.00
347.00 1042.00
422.00 1042.00
1377.00 1046.00
1336.00 1057.00
2131.00 1070.00
1269.00 1075.00
1554.00 1076.00
583.00 1081.00
1674.00 1089.00
1854.00 1095.00
1382.00 1114.00
675.00 1120.00
1254.00 1120.00
1975.00 1121.00
1163.00 1130.00
1622.00 1136.00
1530.00 1142.00
631.00 1149.00
1903.00 1162.00
725.00 1167.00
1493.00 1183.00
779.00 1184.00
274.00 1186.00
1861.00 1186.00
491.00 1210.00
2092.00 1210.00
721.00 1213.00
1614.00 1215.00
1534.00 1217.00
1745.00 1224.00
1449.00 1226.00
1258.00 1229.00
369.00 1231.00
1377.00 1232.00
1866.00 1233.00
1333.00 1242.00
543.00 1247.00
781.00 1257.00
432.00 1260.00
1978.00 1266.00
2048.00 1267.00
719.00 1272.00
654.00 1275.00
186.00 1285.00
1500.00 1285.00
1250.00 1286.00
1869.00 1289.00
1453.00 1293.00
1667.00 1293.00
1125.00 1295.00
1797.00 1301.00
2103.00 1310.00
462.00 1312.00
1312.00 1312.00
1961.00 1312.00
827.00 1314.00
674.00 1319.00
567.00 1321.00
1911.00 1322.00
893.00 1324.00
2042.00 1332.00
1396.00 1342.00
406.00 1345.00
727.00 1346.00
1952.00 1355.00
629.00 1360.00
805.00 1360.00
1457.00 1361.00
580.00 1362.00
849.00 1365.00
1239.00 1365.00
1089.00 1369.00
518.00 1377.00
1996.00 1377.00
682.00 1381.00
1286.00 1390.00
755.00 1396.00
1187.00 1398.00
1680.00 1402.00
1564.00 1407.00
989.00 1408.00
1939.00 1411.00
1139.00 1417.00
1062.00 1419.00
612.00 1422.00
661.00 1426.00
1362.00 1436.00
1698.00 1452.00
708.00 1455.00
1762.00 1455.00
991.00 1459.00
485.00 1463.00
899.00 1470.00
1944.00 1473.00
609.00 1479.00
770.00 1479.00
1386.00 1479.00
1205.00 1483.00
2074.00 1491.00
1702.00 1496.00
353.00 1498.00
1427.00 1498.00
1080.00 1500.00
1332.00 1500.00
951.00 1505.00
1126.00 1510.00
735.00 1524.00
1011.00 1526.00
686.00 1532.00
1568.00 1540.00
898.00 1546.00
1442.00 1552.00
1519.00 1555.00
1359.00 1561.00
950.00 1571.00
1243.00 1587.00
639.00 1590.00
2013.00 1590.00
1423.00 1593.00
903.00 1598.00
1199.00 1598.00
1478.00 1598.00
1646.00 1618.00
1561.00 1622.00
1712.00 1630.00
1378.00 1632.00
1138.00 1637.00
1048.00 1641.00
1199.00 1645.00
598.00 1646.00
930.00 1652.00
1002.00 1663.00
712.00 1670.00
2109.00 1679.00
2057.00 1703.00
764.00 1707.00
971.00 1711.00
1025.00 1719.00
551.00 1721.00
1087.00 1732.00
412.00 1733.00
1202.00 1778.00
848.00 1817.00
932.00 1881.00
879.00 1894.00
788.00 1911.00
649.00 1935.00
959.00 1941.00
916.00 1953.00
449.00 1971.00
866.00 2037.00
728.00 2042.00
1046.00 2054.00
582.00 2073.00
629.00 2086.00
784.00 2090.00
860.00 2094.00
597.00 2137.00
750.00 2139.00
733.00 2225.00
814.00 2258.00
467.00 2279.00
1095.00 2283.00
775.00 2309.00
899.00 2340.00
813.00 2364.00
1013.00 2385.00
634.00 2416.00
912.00 2418.00
776.00 2464.00
141.00 2475.00
687.00 2628.00
1085.00 2632.00
423.00 2733.00
