1501.00 835.00
1293.00 915.00
1547.00 918.00
1560.00 971.00
1244.00 991.00
958.00 998.00
1360.00 1006.00
1607.00 1012.00
1465.00 1104.00
984.00 1116.00
1122.00 1126.00
723.00 1131.00
1516.00 1145.00
1539.00 1212.00
1790.00 1221.00
722.00 1258.00
1795.00 1286.00
1072.00 1299.00
1356.00 1311.00
721.00 1325.00
1217.00 1425.00
1632.00 1440.00
1725.00 1441.00
882.00 1507.00
1652.00 1511.00
924.00 1520.00
598.00 1587.00
668.00 1597.00
968.00 1626.00
1164.00 1673.00
1065.00 1676.00
1139.00 1714.00
1189.00 1734.00
1244.00 1777.00
1322.00 1778.00
1203.00 1783.00
1190.00 1830.00
1062.00 1876.00
1105.00 1894.00
1707.00 1899.00
1467.00 1965.00
1378.00 1995.00
1290.00 2026.00
989.00 2063.00
972.00 2104.00
1105.00 2148.00
1112.00 2197.00
