435.00 693.00
2101.00 718.00
703.00 742.00
1435.00 820.00
1319.00 833.00
2092.00 899.00
1278.00 994.00
1665.00 1076.00
2024.00 1085.00
963.00 1095.00
1226.00 1139.00
1153.00 1144.00
1685.00 1172.00
1861.00 1174.00
1480.00 1192.00
2135.00 1216.00
1693.00 1221.00
2136.00 1269.00
2078.00 1287.00
1548.00 1307.00
1735.00 1323.00
1589.00 1330.00
1053.00 1336.00
1345.00 1343.00
1451.00 1357.00
1010.00 1358.00
2007.00 1377.00
1409.00 1409.00
1702.00 1420.00
1323.00 1434.00
1233.00 1439.00
2071.00 1454.00
2002.00 1456.00
1959.00 1458.00
1584.00 1469.00
1537.00 1470.00
1858.00 1529.00
1091.00 1543.00
1335.00 1545.00
1278.00 1558.00
1207.00 1574.00
1459.00 1577.00
1550.00 1609.00
1651.00 1630.00
1277.00 1652.00
1646.00 1681.00
1073.00 1688.00
1524.00 1708.00
1400.00 1711.00
1209.00 1745.00
1484.00 1756.00
1074.00 1779.00
1121.00 1794.00
1223.00 1864.00
1229.00 1922.00
1063.00 1945.00
1179.00 1955.00
1115.00 1973.00
1653.00 2004.00
1540.00 2007.00
1719.00 2010.00
1418.00 2104.00
1576.00 2120.00
1386.00 2172.00
1075.00 2221.00
1243.00 2225.00
