978.00 308.00
1033.00 352.00
1507.00 406.00
959.00 446.00
1034.00 450.00
1468.00 452.00
688.00 548.00
1339.00 559.00
1687.00 565.00
1646.00 574.00
932.00 591.00
703.00 609.00
1260.00 610.00
575.00 615.00
618.00 627.00
1214.00 649.00
1054.00 652.00
978.00 672.00
902.00 673.00
861.00 677.00
1947.00 690.00
1478.00 741.00
1034.00 775.00
1123.00 794.00
1712.00 794.00
1373.00 796.00
575.00 938.00
260.00 946.00
141.00 962.00
241.00 987.00
23.00 1036.00
493.00 1078.00
571.00 1090.00
625.00 1093.00
340.00 1098.00
298.00 1126.00
215.00 1170.00
513.00 1200.00
557.00 1207.00
607.00 1239.00
8.00 1286.00
415.00 1289.00
147.00 1335.00
324.00 1335.00
455.00 1404.00
142.00 1405.00
283.00 1411.00
228.00 1414.00
233.00 1499.00
21.00 1513.00
365.00 1575.00
286.00 1615.00
399.00 1663.00
487.00 1874.00
542.00 1902.00
316.00 1952.00
137.00 1996.00
88.00 2237.00
