583.00 260.00
1717.00 262.00
632.00 264.00
593.00 306.00
1666.00 311.00
1899.00 325.00
1699.00 357.00
1250.00 423.00
1930.00 427.00
1322.00 434.00
1247.00 469.00
1840.00 542.00
1683.00 566.00
649.00 580.00
573.00 591.00
1253.00 593.00
1622.00 603.00
2108.00 619.00
607.00 682.00
1505.00 710.00
1315.00 749.00
1461.00 765.00
1662.00 781.00
1342.00 808.00
1265.00 826.00
991.00 882.00
1034.00 887.00
1866.00 912.00
1327.00 913.00
1273.00 916.00
1656.00 954.00
618.00 979.00
1658.00 1002.00
1617.00 1005.00
489.00 1016.00
575.00 1021.00
1036.00 1035.00
514.00 1057.00
822.00 1073.00
1970.00 1082.00
2014.00 1087.00
480.00 1115.00
1039.00 1127.00
1846.00 1143.00
1936.00 1147.00
419.00 1150.00
1784.00 1158.00
974.00 1185.00
565.00 1191.00
608.00 1196.00
1805.00 1199.00
1552.00 1200.00
1736.00 1209.00
2134.00 1215.00
1606.00 1219.00
1305.00 1227.00
818.00 1243.00
1153.00 1245.00
1563.00 1258.00
1306.00 1268.00
1833.00 1268.00
1476.00 1269.00
1366.00 1273.00
1664.00 1287.00
1166.00 1289.00
1071.00 1298.00
889.00 1310.00
621.00 1315.00
1792.00 1316.00
824.00 1317.00
732.00 1319.00
2024.00 1324.00
943.00 1325.00
521.00 1339.00
1649.00 1345.00
575.00 1346.00
1553.00 1346.00
1289.00 1348.00
892.00 1352.00
1462.00 1353.00
1048.00 1374.00
1181.00 1384.00
1124.00 1385.00
2051.00 1388.00
1520.00 1391.00
1573.00 1393.00
502.00 1407.00
1928.00 1410.00
574.00 1411.00
1696.00 1411.00
1254.00 1425.00
1131.00 1427.00
629.00 1429.00
2073.00 1429.00
1491.00 1432.00
828.00 1435.00
1124.00 1468.00
497.00 1469.00
1524.00 1474.00
2089.00 1492.00
739.00 1505.00
991.00 1531.00
1220.00 1558.00
1168.00 1565.00
408.00 1580.00
1323.00 1581.00
709.00 1593.00
810.00 1608.00
1057.00 1618.00
1110.00 1654.00
622.00 1691.00
1042.00 1715.00
902.00 1742.00
1683.00 1782.00
871.00 1801.00
1402.00 1806.00
1029.00 1821.00
1433.00 1855.00
1075.00 1857.00
1369.00 1857.00
1529.00 1883.00
1043.00 1902.00
823.00 1903.00
980.00 1922.00
1260.00 1936.00
1065.00 1954.00
1383.00 1964.00
1723.00 1972.00
943.00 1987.00
1026.00 2000.00
900.00 2026.00
1398.00 2032.00
1036.00 2049.00
1115.00 2059.00
1254.00 2068.00
599.00 2077.00
880.00 2089.00
1731.00 2091.00
1362.00 2096.00
1088.00 2109.00
1163.00 2116.00
1877.00 2137.00
1375.00 2138.00
1459.00 2139.00
692.00 2154.00
905.00 2179.00
1892.00 2183.00
1425.00 2202.00
1310.00 2211.00
1066.00 2230.00
543.00 2242.00
1114.00 2254.00
925.00 2267.00
1030.00 2274.00
975.00 2278.00
1150.00 2311.00
1088.00 2355.00
709.00 2386.00
