1942.00 380.00
1280.00 440.00
1940.00 451.00
1338.00 510.00
1441.00 633.00
1626.00 669.00
1494.00 670.00
1750.00 685.00
1682.00 701.00
1603.00 720.00
1537.00 726.00
1744.00 745.00
1314.00 752.00
1499.00 767.00
1658.00 767.00
1370.00 779.00
1807.00 780.00
1702.00 781.00
1546.00 796.00
1593.00 796.00
1387.00 820.00
1651.00 832.00
1838.00 832.00
1476.00 838.00
1573.00 849.00
1338.00 867.00
1723.00 868.00
1382.00 875.00
1844.00 914.00
1758.00 925.00
1434.00 926.00
1688.00 940.00
791.00 946.00
1568.00 967.00
1388.00 1007.00
1730.00 1012.00
718.00 1016.00
1565.00 1041.00
1480.00 1047.00
1672.00 1047.00
1854.00 1048.00
1402.00 1049.00
765.00 1052.00
895.00 1064.00
820.00 1066.00
1458.00 1107.00
1861.00 1108.00
1384.00 1109.00
1513.00 1115.00
1709.00 1121.00
1798.00 1123.00
1627.00 1155.00
1461.00 1166.00
2007.00 1170.00
1507.00 1189.00
1789.00 1189.00
1263.00 1191.00
1870.00 1203.00
1736.00 1212.00
826.00 1216.00
2028.00 1219.00
1390.00 1238.00
1526.00 1241.00
1669.00 1241.00
1321.00 1259.00
1509.00 1286.00
1951.00 1291.00
1071.00 1292.00
1794.00 1298.00
1724.00 1308.00
1683.00 1313.00
1237.00 1316.00
1835.00 1327.00
1769.00 1339.00
1470.00 1343.00
1188.00 1347.00
1034.00 1349.00
1881.00 1360.00
2040.00 1362.00
1637.00 1365.00
1396.00 1367.00
1927.00 1375.00
1804.00 1383.00
1461.00 1408.00
1366.00 1410.00
1266.00 1423.00
1808.00 1426.00
2043.00 1438.00
1136.00 1439.00
1679.00 1466.00
1907.00 1466.00
1953.00 1475.00
1504.00 1483.00
1995.00 1497.00
1744.00 1500.00
1640.00 1509.00
1440.00 1510.00
1387.00 1518.00
1167.00 1519.00
1952.00 1526.00
1325.00 1535.00
1874.00 1542.00
1513.00 1547.00
1593.00 1552.00
1205.00 1565.00
1927.00 1567.00
1652.00 1573.00
1821.00 1581.00
1716.00 1586.00
1984.00 1587.00
1392.00 1590.00
1494.00 1590.00
1773.00 1597.00
1879.00 1615.00
1559.00 1621.00
566.00 1622.00
1948.00 1628.00
809.00 1632.00
1438.00 1634.00
1484.00 1635.00
1771.00 1642.00
1630.00 1664.00
1587.00 1665.00
1818.00 1665.00
1894.00 1684.00
1193.00 1685.00
1935.00 1687.00
1774.00 1698.00
1731.00 1700.00
1688.00 1701.00
1767.00 1755.00
1838.00 1772.00
1245.00 1782.00
1647.00 1789.00
860.00 1819.00
1521.00 1823.00
1814.00 1832.00
1588.00 1871.00
1699.00 1877.00
1965.00 1890.00
434.00 1898.00
1868.00 1898.00
1290.00 1902.00
1489.00 1904.00
1998.00 1931.00
1584.00 1932.00
1441.00 1962.00
1878.00 1974.00
1756.00 1977.00
1523.00 1987.00
1702.00 1988.00
2005.00 2010.00
1639.00 2011.00
1319.00 2015.00
1847.00 2018.00
1420.00 2027.00
1774.00 2036.00
1944.00 2043.00
1577.00 2066.00
1861.00 2070.00
1618.00 2086.00
1728.00 2091.00
1374.00 2102.00
1467.00 2104.00
1861.00 2111.00
1654.00 2135.00
1799.00 2144.00
1397.00 2145.00
1589.00 2149.00
1464.00 2185.00
1554.00 2200.00
1853.00 2238.00
555.00 2247.00
1587.00 2274.00
1276.00 2366.00
