1270.00 18.00
1288.00 101.00
1537.00 258.00
1112.00 297.00
1134.00 338.00
557.00 379.00
1292.00 389.00
904.00 426.00
1268.00 432.00
390.00 433.00
1124.00 470.00
1439.00 479.00
1268.00 483.00
131.00 506.00
903.00 512.00
1327.00 512.00
1025.00 520.00
274.00 525.00
90.00 526.00
1327.00 560.00
1127.00 576.00
1265.00 583.00
1541.00 593.00
1542.00 637.00
1268.00 640.00
1841.00 657.00
1476.00 661.00
1031.00 664.00
1328.00 674.00
1271.00 692.00
1394.00 715.00
1871.00 734.00
378.00 825.00
1269.00 850.00
1329.00 855.00
1047.00 879.00
1202.00 894.00
826.00 917.00
724.00 924.00
1986.00 935.00
580.00 936.00
1551.00 937.00
1199.00 941.00
406.00 946.00
988.00 947.00
1117.00 954.00
765.00 965.00
848.00 977.00
1975.00 984.00
1329.00 992.00
1268.00 1006.00
1056.00 1020.00
751.00 1021.00
989.00 1044.00
1268.00 1059.00
759.00 1125.00
414.00 1142.00
755.00 1184.00
559.00 1205.00
1902.00 1258.00
231.00 1272.00
443.00 1288.00
1806.00 1298.00
1880.00 1341.00
2094.00 1375.00
1105.00 1402.00
2056.00 1456.00
509.00 1524.00
737.00 1551.00
1230.00 1564.00
808.00 1663.00
1528.00 1666.00
892.00 1672.00
1104.00 1682.00
900.00 1792.00
484.00 1842.00
1499.00 1850.00
1102.00 1878.00
2134.00 1886.00
730.00 1891.00
884.00 1917.00
488.00 1931.00
874.00 1977.00
612.00 1989.00
1014.00 1995.00
543.00 2002.00
468.00 2005.00
953.00 2021.00
8.00 2032.00
541.00 2058.00
1166.00 2069.00
759.00 2083.00
661.00 2094.00
51.00 2100.00
489.00 2112.00
411.00 2120.00
1097.00 2124.00
737.00 2132.00
1199.00 2147.00
145.00 2151.00
463.00 2154.00
35.00 2163.00
1904.00 2171.00
1012.00 2178.00
91.00 2179.00
1832.00 2195.00
459.00 2200.00
200.00 2203.00
832.00 2243.00
80.00 2307.00
906.00 2339.00
444.00 2395.00
980.00 2409.00
1044.00 2429.00
170.00 2434.00
65.00 2453.00
592.00 2461.00
397.00 2468.00
1001.00 2475.00
288.00 2496.00
591.00 2527.00
1939.00 2555.00
66.00 2558.00
395.00 2567.00
616.00 2577.00
1096.00 2583.00
315.00 2605.00
