1136.00 57.00
1060.00 74.00
585.00 122.00
1139.00 175.00
1289.00 175.00
1264.00 216.00
594.00 261.00
530.00 278.00
1066.00 280.00
710.00 302.00
581.00 317.00
471.00 329.00
1235.00 334.00
579.00 358.00
277.00 360.00
409.00 373.00
791.00 389.00
53.00 439.00
1595.00 440.00
580.00 450.00
861.00 454.00
1241.00 463.00
767.00 474.00
1305.00 494.00
1346.00 511.00
904.00 521.00
1243.00 540.00
1076.00 608.00
738.00 629.00
531.00 642.00
958.00 645.00
124.00 666.00
362.00 678.00
783.00 682.00
877.00 709.00
1081.00 714.00
475.00 735.00
197.00 762.00
965.00 763.00
1288.00 766.00
22.00 773.00
923.00 775.00
1072.00 781.00
561.00 802.00
1008.00 811.00
464.00 820.00
1215.00 820.00
934.00 822.00
1071.00 839.00
630.00 841.00
588.00 845.00
417.00 849.00
1119.00 850.00
535.00 853.00
744.00 858.00
367.00 870.00
274.00 871.00
100.00 878.00
13.00 892.00
162.00 892.00
612.00 901.00
838.00 910.00
357.00 911.00
777.00 911.00
736.00 916.00
82.00 926.00
1210.00 929.00
398.00 944.00
1261.00 945.00
871.00 951.00
791.00 962.00
346.00 977.00
677.00 978.00
1168.00 981.00
991.00 984.00
214.00 991.00
1091.00 991.00
540.00 997.00
841.00 1014.00
786.00 1020.00
1399.00 1022.00
659.00 1039.00
952.00 1039.00
1030.00 1048.00
772.00 1066.00
411.00 1073.00
349.00 1076.00
511.00 1084.00
568.00 1084.00
1461.00 1091.00
1344.00 1094.00
1000.00 1095.00
25.00 1096.00
635.00 1098.00
1403.00 1100.00
1078.00 1107.00
308.00 1112.00
1270.00 1116.00
822.00 1120.00
252.00 1124.00
777.00 1126.00
883.00 1129.00
148.00 1139.00
979.00 1149.00
392.00 1165.00
78.00 1167.00
572.00 1172.00
741.00 1176.00
1499.00 1177.00
782.00 1179.00
1084.00 1183.00
627.00 1188.00
978.00 1191.00
843.00 1207.00
408.00 1212.00
482.00 1214.00
1151.00 1218.00
1565.00 1224.00
1199.00 1225.00
1524.00 1228.00
211.00 1230.00
342.00 1236.00
1450.00 1237.00
1678.00 1238.00
1409.00 1240.00
38.00 1249.00
1085.00 1254.00
516.00 1263.00
1581.00 1271.00
971.00 1274.00
856.00 1280.00
346.00 1282.00
456.00 1292.00
681.00 1295.00
1505.00 1296.00
191.00 1298.00
1464.00 1298.00
1199.00 1299.00
1068.00 1300.00
908.00 1303.00
33.00 1312.00
525.00 1318.00
820.00 1326.00
1416.00 1327.00
716.00 1336.00
318.00 1341.00
1607.00 1349.00
188.00 1352.00
375.00 1360.00
1066.00 1372.00
578.00 1378.00
1321.00 1378.00
1648.00 1380.00
1170.00 1381.00
78.00 1384.00
715.00 1384.00
148.00 1395.00
621.00 1400.00
782.00 1401.00
481.00 1409.00
1543.00 1410.00
930.00 1415.00
386.00 1423.00
1418.00 1428.00
732.00 1446.00
493.00 1452.00
674.00 1453.00
1617.00 1463.00
373.00 1470.00
1682.00 1470.00
1548.00 1473.00
1092.00 1475.00
1257.00 1482.00
1021.00 1492.00
159.00 1503.00
830.00 1517.00
1567.00 1518.00
925.00 1525.00
1493.00 1527.00
515.00 1534.00
1227.00 1544.00
774.00 1545.00
1141.00 1550.00
622.00 1557.00
1452.00 1571.00
1637.00 1583.00
1041.00 1585.00
1358.00 1585.00
1556.00 1587.00
1690.00 1591.00
781.00 1592.00
690.00 1605.00
1246.00 1614.00
998.00 1638.00
872.00 1642.00
1500.00 1646.00
1606.00 1648.00
742.00 1650.00
1652.00 1650.00
1093.00 1666.00
445.00 1667.00
1046.00 1680.00
262.00 1687.00
616.00 1695.00
953.00 1700.00
1098.00 1714.00
1150.00 1714.00
1001.00 1715.00
702.00 1716.00
1378.00 1716.00
567.00 1720.00
515.00 1735.00
303.00 1736.00
1466.00 1746.00
1042.00 1752.00
670.00 1761.00
1151.00 1772.00
562.00 1789.00
1060.00 1796.00
986.00 1813.00
938.00 1838.00
1348.00 1840.00
566.00 1844.00
1585.00 1863.00
856.00 1875.00
802.00 1889.00
1223.00 1904.00
236.00 1905.00
1606.00 1905.00
1440.00 1918.00
1665.00 1935.00
1584.00 1958.00
650.00 1973.00
1393.00 1976.00
831.00 1985.00
790.00 2008.00
1659.00 2016.00
1488.00 2045.00
1544.00 2051.00
1372.00 2064.00
978.00 2074.00
1643.00 2079.00
528.00 2084.00
1432.00 2091.00
1548.00 2096.00
1589.00 2133.00
1317.00 2137.00
1244.00 2150.00
1633.00 2151.00
892.00 2154.00
1320.00 2187.00
1627.00 2201.00
1101.00 2258.00
1321.00 2260.00
705.00 2271.00
1597.00 2272.00
1218.00 2310.00
1042.00 2314.00
1639.00 2317.00
1142.00 2344.00
1220.00 2360.00
1299.00 2360.00
1603.00 2371.00
883.00 2374.00
1431.00 2379.00
1059.00 2382.00
965.00 2413.00
1347.00 2426.00
1044.00 2441.00
1262.00 2446.00
941.00 2532.00
723.00 2594.00
796.00 2636.00
1116.00 2698.00
574.00 2801.00
