844.00 72.00
1207.00 328.00
856.00 382.00
426.00 439.00
572.00 442.00
1921.00 451.00
1479.00 463.00
1851.00 467.00
974.00 474.00
437.00 480.00
1678.00 521.00
1591.00 560.00
896.00 601.00
1614.00 667.00
411.00 685.00
1335.00 690.00
1677.00 697.00
1445.00 698.00
1104.00 704.00
901.00 734.00
1124.00 752.00
1490.00 752.00
434.00 763.00
1566.00 781.00
2122.00 788.00
1207.00 793.00
1937.00 793.00
1115.00 811.00
1276.00 836.00
1207.00 839.00
2007.00 864.00
1790.00 865.00
2134.00 866.00
992.00 870.00
1640.00 876.00
2064.00 876.00
1945.00 878.00
1325.00 880.00
1547.00 885.00
914.00 901.00
1222.00 915.00
869.00 918.00
1834.00 930.00
1660.00 933.00
1961.00 934.00
1499.00 938.00
1551.00 954.00
431.00 965.00
884.00 971.00
658.00 982.00
2006.00 1005.00
852.00 1013.00
1262.00 1015.00
1371.00 1042.00
1250.00 1068.00
2110.00 1073.00
925.00 1074.00
1673.00 1091.00
478.00 1103.00
1977.00 1106.00
1562.00 1133.00
1420.00 1157.00
1848.00 1161.00
1376.00 1162.00
791.00 1167.00
746.00 1175.00
2129.00 1189.00
960.00 1198.00
405.00 1202.00
1849.00 1216.00
1338.00 1217.00
1271.00 1221.00
1517.00 1222.00
1568.00 1223.00
1072.00 1227.00
1002.00 1231.00
791.00 1237.00
1671.00 1250.00
680.00 1253.00
1196.00 1259.00
1279.00 1270.00
1571.00 1270.00
1032.00 1279.00
850.00 1284.00
1504.00 1284.00
1803.00 1287.00
809.00 1291.00
1125.00 1306.00
1463.00 1308.00
2131.00 1308.00
1205.00 1315.00
1034.00 1320.00
1260.00 1321.00
991.00 1327.00
1084.00 1334.00
533.00 1340.00
939.00 1343.00
1578.00 1350.00
2012.00 1358.00
1695.00 1363.00
1853.00 1366.00
1480.00 1385.00
1423.00 1392.00
1740.00 1399.00
1073.00 1403.00
2011.00 1411.00
2145.00 1414.00
1312.00 1428.00
1205.00 1442.00
544.00 1451.00
1770.00 1460.00
1023.00 1461.00
1268.00 1461.00
883.00 1476.00
924.00 1476.00
1329.00 1479.00
1706.00 1485.00
1220.00 1495.00
1178.00 1496.00
1085.00 1501.00
1131.00 1501.00
1400.00 1506.00
1459.00 1506.00
1039.00 1512.00
1654.00 1515.00
542.00 1522.00
739.00 1522.00
1537.00 1524.00
785.00 1539.00
1287.00 1558.00
2018.00 1559.00
1672.00 1561.00
1395.00 1562.00
686.00 1563.00
1444.00 1567.00
1110.00 1571.00
1020.00 1582.00
1485.00 1588.00
1910.00 1589.00
1273.00 1628.00
1801.00 1632.00
1014.00 1633.00
1322.00 1646.00
732.00 1654.00
1186.00 1655.00
1572.00 1672.00
976.00 1681.00
1142.00 1686.00
1020.00 1692.00
1689.00 1704.00
1327.00 1705.00
869.00 1725.00
1238.00 1726.00
1553.00 1731.00
1606.00 1732.00
1104.00 1741.00
1350.00 1762.00
1422.00 1770.00
1033.00 1773.00
1704.00 1779.00
986.00 1784.00
878.00 1792.00
1611.00 1800.00
440.00 1808.00
2117.00 1817.00
1239.00 1823.00
1006.00 1826.00
904.00 1839.00
1362.00 1848.00
1306.00 1849.00
1101.00 1859.00
1213.00 1864.00
498.00 1883.00
1008.00 1884.00
1741.00 1896.00
925.00 1910.00
415.00 1924.00
513.00 1931.00
574.00 1938.00
1122.00 1942.00
1311.00 1953.00
1254.00 1957.00
1484.00 1957.00
844.00 1963.00
1624.00 1966.00
980.00 1970.00
1354.00 1972.00
1063.00 1996.00
1265.00 2004.00
1512.00 2004.00
1403.00 2007.00
1628.00 2015.00
2125.00 2017.00
964.00 2038.00
891.00 2049.00
1633.00 2072.00
1204.00 2074.00
711.00 2081.00
1528.00 2092.00
463.00 2093.00
1390.00 2096.00
763.00 2097.00
1732.00 2112.00
833.00 2117.00
874.00 2124.00
1078.00 2132.00
1392.00 2143.00
1981.00 2143.00
1480.00 2146.00
1583.00 2151.00
1636.00 2162.00
778.00 2167.00
826.00 2179.00
941.00 2183.00
1119.00 2185.00
578.00 2199.00
851.00 2220.00
807.00 2225.00
1062.00 2229.00
1630.00 2241.00
1367.00 2257.00
425.00 2298.00
574.00 2313.00
646.00 2313.00
521.00 2318.00
1508.00 2319.00
1032.00 2323.00
1727.00 2335.00
810.00 2336.00
862.00 2337.00
1921.00 2363.00
1433.00 2366.00
1237.00 2367.00
1378.00 2398.00
661.00 2412.00
482.00 2426.00
592.00 2438.00
1606.00 2438.00
905.00 2479.00
1559.00 2479.00
451.00 2489.00
1182.00 2521.00
1852.00 2528.00
1415.00 2605.00
634.00 2611.00
741.00 2626.00
1567.00 2626.00
916.00 2689.00
1132.00 2752.00
