1254.00 582.00
921.00 603.00
1407.00 606.00
1364.00 619.00
1593.00 634.00
1216.00 635.00
1503.00 659.00
1598.00 702.00
1438.00 707.00
1139.00 728.00
1420.00 748.00
1602.00 788.00
920.00 814.00
1684.00 847.00
1643.00 869.00
1172.00 915.00
1467.00 926.00
1541.00 928.00
1686.00 937.00
1756.00 966.00
1410.00 996.00
1361.00 999.00
920.00 1007.00
1301.00 1007.00
1883.00 1030.00
1625.00 1032.00
1812.00 1076.00
920.00 1077.00
1875.00 1088.00
1569.00 1111.00
1572.00 1188.00
1492.00 1194.00
1201.00 1201.00
1622.00 1212.00
1752.00 1243.00
1707.00 1266.00
1306.00 1267.00
1368.00 1283.00
1626.00 1292.00
1927.00 1297.00
1971.00 1303.00
1318.00 1309.00
1577.00 1309.00
1270.00 1328.00
1072.00 1347.00
1992.00 1358.00
1655.00 1365.00
2049.00 1366.00
1320.00 1374.00
1371.00 1401.00
1633.00 1421.00
921.00 1426.00
1513.00 1433.00
1674.00 1445.00
1020.00 1451.00
1109.00 1452.00
1310.00 1453.00
1584.00 1472.00
890.00 1476.00
1514.00 1484.00
1764.00 1490.00
1374.00 1492.00
1638.00 1501.00
1587.00 1513.00
1522.00 1525.00
1681.00 1547.00
1975.00 1609.00
2072.00 1617.00
1379.00 1624.00
1470.00 1627.00
2076.00 1658.00
1380.00 1669.00
1422.00 1693.00
1474.00 1693.00
151.00 1696.00
2018.00 1708.00
1733.00 1716.00
1527.00 1718.00
1858.00 1719.00
1653.00 1720.00
1921.00 1720.00
1599.00 1724.00
1476.00 1737.00
1359.00 1771.00
1531.00 1772.00
1255.00 1792.00
989.00 1794.00
1658.00 1819.00
1699.00 1834.00
1256.00 1836.00
1591.00 1837.00
1741.00 1841.00
1819.00 1888.00
1906.00 1891.00
1708.00 1953.00
1845.00 1970.00
1920.00 1984.00
1711.00 2013.00
1827.00 2013.00
1923.00 2025.00
1647.00 2060.00
1675.00 2103.00
1818.00 2175.00
1529.00 2192.00
1466.00 2198.00
1409.00 2203.00
1901.00 2210.00
1791.00 2221.00
1993.00 2224.00
1727.00 2244.00
1683.00 2289.00
