356.00 493.00
568.00 504.00
925.00 568.00
175.00 610.00
897.00 628.00
909.00 671.00
1189.00 674.00
657.00 679.00
511.00 685.00
1014.00 688.00
257.00 690.00
795.00 697.00
592.00 699.00
355.00 708.00
721.00 720.00
314.00 731.00
671.00 748.00
523.00 794.00
1232.00 798.00
709.00 817.00
765.00 817.00
242.00 827.00
327.00 829.00
610.00 852.00
432.00 876.00
826.00 900.00
278.00 904.00
890.00 907.00
892.00 962.00
1046.00 1007.00
588.00 1021.00
659.00 1026.00
761.00 1032.00
882.00 1038.00
404.00 1039.00
978.00 1039.00
812.00 1042.00
459.00 1069.00
709.00 1073.00
571.00 1074.00
526.00 1075.00
282.00 1076.00
835.00 1091.00
877.00 1093.00
1161.00 1133.00
772.00 1134.00
1483.00 1135.00
1535.00 1144.00
610.00 1159.00
511.00 1162.00
831.00 1162.00
195.00 1163.00
668.00 1164.00
1027.00 1166.00
117.00 1168.00
780.00 1184.00
739.00 1187.00
1285.00 1189.00
298.00 1199.00
938.00 1200.00
1446.00 1201.00
850.00 1206.00
1537.00 1210.00
515.00 1221.00
604.00 1230.00
158.00 1240.00
740.00 1246.00
354.00 1266.00
1164.00 1266.00
514.00 1273.00
245.00 1274.00
1540.00 1289.00
611.00 1295.00
1660.00 1295.00
305.00 1296.00
1619.00 1301.00
42.00 1313.00
555.00 1317.00
511.00 1327.00
220.00 1329.00
1573.00 1330.00
984.00 1333.00
830.00 1334.00
303.00 1337.00
1400.00 1352.00
348.00 1357.00
392.00 1362.00
511.00 1369.00
1484.00 1370.00
556.00 1372.00
648.00 1383.00
1315.00 1392.00
739.00 1398.00
1272.00 1408.00
1545.00 1426.00
1725.00 1429.00
1231.00 1439.00
1045.00 1446.00
1408.00 1482.00
875.00 1488.00
19.00 1605.00
1677.00 1606.00
1336.00 2171.00
82.00 2437.00
387.00 2465.00
397.00 2659.00
