706.00 206.00
59.00 434.00
778.00 559.00
282.00 583.00
530.00 583.00
608.00 621.00
824.00 631.00
1043.00 699.00
40.00 706.00
668.00 712.00
500.00 719.00
743.00 730.00
1530.00 744.00
36.00 767.00
872.00 776.00
959.00 805.00
1120.00 812.00
744.00 831.00
449.00 844.00
637.00 858.00
1120.00 862.00
996.00 876.00
72.00 890.00
641.00 922.00
864.00 925.00
1121.00 929.00
509.00 944.00
1014.00 946.00
188.00 960.00
602.00 964.00
68.00 973.00
340.00 977.00
721.00 1003.00
804.00 1004.00
77.00 1033.00
545.00 1058.00
204.00 1059.00
969.00 1071.00
769.00 1072.00
855.00 1084.00
914.00 1122.00
649.00 1127.00
73.00 1140.00
855.00 1146.00
1104.00 1164.00
791.00 1165.00
376.00 1167.00
1007.00 1194.00
299.00 1197.00
132.00 1201.00
1064.00 1206.00
714.00 1219.00
617.00 1248.00
18.00 1256.00
193.00 1272.00
260.00 1282.00
379.00 1311.00
183.00 1319.00
1043.00 1320.00
553.00 1341.00
733.00 1382.00
550.00 1399.00
1108.00 1414.00
1428.00 1419.00
1053.00 1444.00
388.00 1449.00
245.00 1453.00
858.00 1465.00
587.00 1519.00
687.00 1549.00
1051.00 1574.00
727.00 1610.00
670.00 1643.00
571.00 1740.00
708.00 1776.00
264.00 1779.00
305.00 1792.00
297.00 1834.00
995.00 1954.00
1137.00 1954.00
531.00 1955.00
43.00 1959.00
295.00 1967.00
716.00 1975.00
781.00 2026.00
308.00 2064.00
331.00 2116.00
566.00 2158.00
134.00 2180.00
607.00 2203.00
867.00 2206.00
543.00 2276.00
294.00 2277.00
745.00 2280.00
838.00 2297.00
80.00 2327.00
624.00 2405.00
529.00 2474.00
657.00 2506.00
466.00 2515.00
915.00 2552.00
558.00 2631.00
