1157.00 35.00
1390.00 124.00
1126.00 152.00
1330.00 293.00
1649.00 351.00
1384.00 363.00
121.00 374.00
1158.00 376.00
1443.00 399.00
1650.00 400.00
1387.00 429.00
1514.00 443.00
1639.00 468.00
1159.00 469.00
1315.00 472.00
922.00 483.00
63.00 540.00
1528.00 540.00
1593.00 545.00
1477.00 550.00
1343.00 551.00
1239.00 554.00
1081.00 569.00
1280.00 584.00
1353.00 594.00
949.00 654.00
1526.00 662.00
1328.00 669.00
804.00 672.00
1197.00 678.00
692.00 679.00
1151.00 680.00
1473.00 682.00
1375.00 684.00
925.00 695.00
1307.00 711.00
970.00 713.00
665.00 740.00
1222.00 741.00
959.00 756.00
540.00 781.00
1555.00 784.00
1494.00 801.00
1179.00 805.00
661.00 807.00
1026.00 810.00
1449.00 820.00
1337.00 841.00
961.00 849.00
134.00 871.00
1623.00 902.00
881.00 905.00
326.00 928.00
682.00 933.00
848.00 947.00
1615.00 947.00
1025.00 953.00
967.00 956.00
186.00 958.00
271.00 961.00
1067.00 980.00
367.00 1015.00
1212.00 1019.00
408.00 1033.00
1264.00 1228.00
1059.00 1230.00
1194.00 1253.00
1018.00 1261.00
1104.00 1279.00
1189.00 1326.00
1148.00 1357.00
1191.00 1367.00
1152.00 1410.00
1029.00 1411.00
1398.00 1413.00
1145.00 1461.00
1393.00 1461.00
1393.00 1514.00
1057.00 1532.00
1337.00 1539.00
1385.00 1618.00
767.00 1722.00
1337.00 1733.00
1007.00 1736.00
1140.00 1829.00
715.00 1959.00
772.00 2118.00
892.00 2133.00
1176.00 2141.00
1081.00 2179.00
925.00 2184.00
810.00 2188.00
500.00 2242.00
814.00 2264.00
922.00 2293.00
658.00 2328.00
1243.00 2336.00
482.00 2361.00
428.00 2369.00
723.00 2386.00
858.00 2407.00
