484.00 321.00
628.00 388.00
135.00 412.00
1567.00 432.00
820.00 509.00
1613.00 630.00
653.00 676.00
707.00 700.00
522.00 749.00
664.00 760.00
500.00 821.00
9.00 915.00
760.00 918.00
913.00 933.00
1223.00 948.00
433.00 950.00
1264.00 964.00
675.00 981.00
844.00 986.00
1145.00 1004.00
422.00 1018.00
1280.00 1019.00
1064.00 1044.00
705.00 1048.00
122.00 1055.00
1161.00 1056.00
63.00 1057.00
181.00 1062.00
437.00 1095.00
1178.00 1106.00
905.00 1118.00
626.00 1127.00
1229.00 1136.00
795.00 1140.00
1529.00 1145.00
168.00 1154.00
754.00 1154.00
1174.00 1159.00
114.00 1161.00
341.00 1166.00
902.00 1172.00
647.00 1186.00
1480.00 1201.00
1343.00 1222.00
1436.00 1224.00
812.00 1225.00
1173.00 1261.00
82.00 1265.00
596.00 1312.00
348.00 1314.00
1177.00 1316.00
1022.00 1352.00
901.00 1365.00
1174.00 1370.00
538.00 1372.00
1280.00 1372.00
478.00 1375.00
680.00 1384.00
1077.00 1413.00
1392.00 1415.00
796.00 1421.00
1175.00 1421.00
1510.00 1455.00
1350.00 1474.00
736.00 1477.00
1439.00 1477.00
845.00 1479.00
379.00 1483.00
901.00 1495.00
1258.00 1523.00
759.00 1540.00
848.00 1550.00
963.00 1554.00
1186.00 1579.00
1234.00 1580.00
1489.00 1581.00
1431.00 1602.00
728.00 1606.00
1314.00 1615.00
836.00 1625.00
479.00 1644.00
1256.00 1663.00
784.00 1673.00
1031.00 1674.00
426.00 1691.00
1481.00 1705.00
1435.00 1707.00
898.00 1709.00
1256.00 1714.00
1307.00 1749.00
1248.00 1758.00
1443.00 1770.00
638.00 1777.00
1372.00 1833.00
895.00 1857.00
1181.00 1895.00
