952.00 275.00
951.00 426.00
1504.00 440.00
1409.00 452.00
950.00 471.00
1456.00 500.00
327.00 531.00
940.00 533.00
1625.00 597.00
487.00 625.00
995.00 688.00
485.00 710.00
49.00 771.00
481.00 793.00
1189.00 800.00
684.00 823.00
222.00 824.00
1622.00 840.00
672.00 875.00
551.00 891.00
713.00 892.00
1160.00 895.00
1432.00 939.00
1525.00 943.00
25.00 969.00
210.00 970.00
432.00 974.00
822.00 974.00
1191.00 982.00
1309.00 984.00
1682.00 1017.00
428.00 1021.00
847.00 1029.00
1191.00 1029.00
22.00 1034.00
1323.00 1044.00
202.00 1062.00
1546.00 1064.00
243.00 1082.00
1415.00 1088.00
534.00 1103.00
164.00 1105.00
18.00 1123.00
1014.00 1125.00
1573.00 1140.00
231.00 1142.00
972.00 1142.00
531.00 1164.00
1450.00 1167.00
13.00 1173.00
694.00 1173.00
818.00 1176.00
1520.00 1183.00
331.00 1195.00
890.00 1202.00
120.00 1215.00
635.00 1222.00
1000.00 1223.00
1553.00 1224.00
1273.00 1231.00
721.00 1239.00
891.00 1244.00
329.00 1246.00
647.00 1265.00
486.00 1266.00
173.00 1268.00
1003.00 1279.00
1053.00 1288.00
379.00 1290.00
1443.00 1294.00
1131.00 1306.00
484.00 1310.00
832.00 1315.00
305.00 1318.00
732.00 1318.00
143.00 1325.00
1003.00 1325.00
560.00 1326.00
34.00 1329.00
1602.00 1333.00
1201.00 1337.00
264.00 1356.00
1126.00 1356.00
1524.00 1368.00
328.00 1370.00
467.00 1375.00
729.00 1377.00
1568.00 1379.00
96.00 1389.00
146.00 1395.00
386.00 1396.00
590.00 1404.00
541.00 1407.00
239.00 1409.00
1287.00 1411.00
1608.00 1421.00
655.00 1424.00
886.00 1436.00
469.00 1437.00
151.00 1443.00
381.00 1456.00
1203.00 1456.00
973.00 1461.00
1269.00 1461.00
539.00 1465.00
92.00 1470.00
731.00 1471.00
465.00 1485.00
283.00 1488.00
660.00 1490.00
160.00 1496.00
584.00 1505.00
1633.00 1512.00
1393.00 1520.00
836.00 1522.00
534.00 1527.00
1578.00 1532.00
94.00 1555.00
691.00 1556.00
267.00 1562.00
1394.00 1573.00
46.00 1578.00
755.00 1582.00
1086.00 1582.00
92.00 1601.00
1480.00 1602.00
154.00 1608.00
899.00 1619.00
775.00 1626.00
1026.00 1630.00
1116.00 1639.00
1221.00 1654.00
147.00 1666.00
653.00 1679.00
1317.00 1679.00
1404.00 1683.00
1051.00 1684.00
1096.00 1688.00
1005.00 1693.00
604.00 1695.00
721.00 1705.00
498.00 1713.00
1800.00 1723.00
868.00 1745.00
532.00 1761.00
595.00 1763.00
1248.00 1771.00
968.00 1781.00
921.00 1807.00
720.00 1830.00
845.00 1834.00
2021.00 1836.00
886.00 1853.00
624.00 1869.00
797.00 1884.00
1128.00 1900.00
677.00 1906.00
1300.00 1911.00
474.00 1915.00
804.00 1925.00
1126.00 1945.00
879.00 1953.00
1021.00 1953.00
1353.00 1953.00
750.00 1960.00
1888.00 1972.00
835.00 2016.00
890.00 2021.00
1224.00 2046.00
951.00 2057.00
1020.00 2074.00
716.00 2087.00
592.00 2099.00
816.00 2110.00
461.00 2111.00
1037.00 2133.00
391.00 2134.00
1424.00 2148.00
914.00 2188.00
1400.00 2225.00
1354.00 2234.00
709.00 2238.00
771.00 2243.00
1305.00 2271.00
489.00 2274.00
426.00 2275.00
544.00 2285.00
330.00 2287.00
873.00 2295.00
264.00 2297.00
956.00 2318.00
1118.00 2320.00
709.00 2326.00
1364.00 2363.00
434.00 2372.00
615.00 2426.00
547.00 2427.00
1155.00 2428.00
1424.00 2428.00
967.00 2469.00
636.00 2518.00
826.00 2583.00
584.00 2676.00
