1476.00 76.00
1852.00 165.00
1563.00 176.00
1608.00 177.00
1819.00 257.00
1644.00 276.00
1215.00 362.00
1147.00 396.00
1554.00 443.00
1079.00 489.00
174.00 756.00
439.00 826.00
490.00 863.00
1594.00 864.00
1070.00 907.00
1111.00 912.00
603.00 916.00
1968.00 968.00
543.00 977.00
1496.00 982.00
1050.00 1011.00
426.00 1020.00
758.00 1040.00
1966.00 1091.00
757.00 1131.00
712.00 1153.00
895.00 1178.00
700.00 1195.00
1820.00 1241.00
1922.00 1249.00
1713.00 1312.00
884.00 1318.00
650.00 1351.00
837.00 1365.00
902.00 1380.00
1999.00 1406.00
1922.00 1444.00
1911.00 1519.00
2067.00 1537.00
1743.00 1539.00
1804.00 1564.00
1627.00 1592.00
1415.00 1609.00
647.00 1613.00
1932.00 1634.00
2057.00 1643.00
1480.00 1713.00
1630.00 1713.00
1099.00 1716.00
2002.00 1732.00
1632.00 1765.00
2119.00 1773.00
1179.00 1779.00
1131.00 1792.00
500.00 1801.00
1461.00 1820.00
908.00 1823.00
2081.00 1824.00
1918.00 1827.00
987.00 1847.00
1455.00 1865.00
646.00 1866.00
899.00 1867.00
1649.00 1869.00
495.00 1901.00
1035.00 1904.00
1488.00 1926.00
780.00 1958.00
1641.00 2006.00
1374.00 2008.00
1604.00 2049.00
1645.00 2057.00
1909.00 2071.00
1982.00 2088.00
1646.00 2099.00
1922.00 2175.00
1766.00 2177.00
1815.00 2178.00
1233.00 2211.00
1617.00 2251.00
1645.00 2298.00
1090.00 2313.00
1089.00 2449.00
1508.00 2508.00
1567.00 2626.00
1171.00 2639.00
1183.00 2716.00
