1130.00 38.00
893.00 99.00
1306.00 163.00
1814.00 200.00
1218.00 216.00
1292.00 246.00
1147.00 252.00
1582.00 289.00
902.00 308.00
1511.00 330.00
730.00 345.00
957.00 354.00
1146.00 375.00
1664.00 388.00
804.00 392.00
928.00 437.00
1146.00 459.00
1864.00 475.00
910.00 487.00
1615.00 532.00
985.00 543.00
1145.00 557.00
1868.00 578.00
1096.00 641.00
1217.00 641.00
1871.00 643.00
893.00 646.00
1292.00 665.00
575.00 677.00
162.00 695.00
1414.00 699.00
1496.00 723.00
879.00 739.00
984.00 752.00
1143.00 755.00
1068.00 768.00
756.00 772.00
1690.00 780.00
1218.00 792.00
1735.00 792.00
1005.00 794.00
1617.00 815.00
634.00 820.00
1142.00 829.00
879.00 856.00
1566.00 856.00
1477.00 870.00
1080.00 889.00
1291.00 889.00
1142.00 895.00
835.00 900.00
1264.00 937.00
1013.00 961.00
1107.00 967.00
889.00 983.00
1665.00 986.00
1496.00 1002.00
1615.00 1009.00
718.00 1010.00
1071.00 1013.00
1372.00 1021.00
1571.00 1052.00
902.00 1058.00
1873.00 1070.00
1139.00 1085.00
846.00 1087.00
1422.00 1093.00
477.00 1097.00
1216.00 1098.00
1290.00 1114.00
944.00 1119.00
1892.00 1142.00
1022.00 1168.00
1352.00 1173.00
1743.00 1194.00
1567.00 1231.00
1393.00 1234.00
830.00 1257.00
690.00 1288.00
909.00 1300.00
1095.00 1307.00
1755.00 1310.00
1375.00 1311.00
1559.00 1311.00
618.00 1346.00
1136.00 1346.00
1571.00 1366.00
1511.00 1372.00
1310.00 1373.00
848.00 1393.00
1135.00 1402.00
1769.00 1405.00
1414.00 1410.00
1094.00 1418.00
1536.00 1418.00
1470.00 1421.00
890.00 1435.00
1310.00 1440.00
1168.00 1468.00
1100.00 1477.00
1545.00 1478.00
1472.00 1519.00
1041.00 1538.00
1617.00 1559.00
1674.00 1564.00
1133.00 1573.00
1211.00 1579.00
1011.00 1592.00
1081.00 1597.00
1512.00 1603.00
1307.00 1635.00
1171.00 1651.00
1113.00 1659.00
1393.00 1669.00
1132.00 1709.00
1383.00 1719.00
950.00 1734.00
1637.00 1751.00
1465.00 1753.00
1192.00 1768.00
754.00 1773.00
1319.00 1798.00
1489.00 1801.00
1211.00 1816.00
1110.00 1823.00
1319.00 1867.00
1711.00 1922.00
737.00 1929.00
112.00 1947.00
1010.00 1959.00
1579.00 1974.00
1485.00 1978.00
1107.00 1990.00
1343.00 1990.00
1179.00 1992.00
1387.00 2000.00
108.00 2003.00
1790.00 2014.00
728.00 2016.00
826.00 2039.00
909.00 2058.00
962.00 2071.00
1814.00 2075.00
848.00 2080.00
1031.00 2086.00
1289.00 2097.00
1211.00 2099.00
1128.00 2103.00
1362.00 2131.00
1795.00 2166.00
1564.00 2172.00
1389.00 2184.00
1472.00 2206.00
1144.00 2208.00
1796.00 2212.00
1001.00 2235.00
1127.00 2262.00
871.00 2292.00
1388.00 2296.00
1429.00 2316.00
1480.00 2327.00
1126.00 2341.00
904.00 2347.00
1208.00 2351.00
963.00 2352.00
1358.00 2371.00
1289.00 2374.00
1770.00 2388.00
1057.00 2404.00
924.00 2413.00
975.00 2429.00
1103.00 2444.00
1059.00 2472.00
884.00 2501.00
1041.00 2556.00
1124.00 2564.00
1615.00 2582.00
672.00 2585.00
1453.00 2588.00
1336.00 2715.00
1643.00 2715.00
