836.00 323.00
1943.00 352.00
1038.00 367.00
1292.00 376.00
1997.00 386.00
840.00 421.00
2116.00 432.00
1806.00 456.00
1575.00 479.00
1355.00 494.00
1309.00 513.00
794.00 532.00
1592.00 535.00
644.00 544.00
1644.00 561.00
885.00 562.00
1726.00 583.00
1558.00 588.00
682.00 590.00
944.00 613.00
1623.00 615.00
850.00 625.00
894.00 629.00
1145.00 634.00
680.00 647.00
847.00 667.00
1675.00 673.00
1144.00 680.00
936.00 682.00
716.00 688.00
1057.00 688.00
758.00 690.00
891.00 693.00
1098.00 693.00
1548.00 722.00
660.00 727.00
1671.00 731.00
933.00 739.00
1051.00 751.00
1934.00 785.00
1143.00 786.00
931.00 788.00
2140.00 789.00
1094.00 798.00
1676.00 801.00
1768.00 805.00
1044.00 813.00
1622.00 815.00
689.00 842.00
1828.00 846.00
2012.00 858.00
1726.00 860.00
1227.00 862.00
1659.00 864.00
1551.00 868.00
740.00 869.00
850.00 873.00
1775.00 889.00
2072.00 890.00
1142.00 894.00
1854.00 894.00
1573.00 917.00
1618.00 921.00
2010.00 921.00
1035.00 922.00
949.00 928.00
664.00 929.00
1774.00 934.00
1728.00 936.00
1076.00 960.00
1142.00 972.00
1548.00 980.00
851.00 981.00
2018.00 982.00
1767.00 997.00
1833.00 1000.00
2067.00 1001.00
1890.00 1008.00
755.00 1010.00
946.00 1013.00
1949.00 1015.00
1089.00 1021.00
1140.00 1023.00
859.00 1025.00
2129.00 1045.00
1830.00 1047.00
1583.00 1054.00
688.00 1057.00
1088.00 1062.00
1141.00 1069.00
987.00 1078.00
1029.00 1084.00
1779.00 1084.00
2062.00 1093.00
827.00 1096.00
921.00 1100.00
1626.00 1100.00
1726.00 1115.00
1132.00 1116.00
1566.00 1119.00
759.00 1120.00
1774.00 1127.00
1383.00 1133.00
886.00 1141.00
935.00 1141.00
976.00 1150.00
1884.00 1150.00
1997.00 1165.00
1088.00 1192.00
769.00 1194.00
1140.00 1194.00
1846.00 1198.00
847.00 1210.00
1558.00 1217.00
2119.00 1217.00
650.00 1228.00
1139.00 1244.00
1668.00 1251.00
1984.00 1251.00
894.00 1254.00
1028.00 1260.00
1087.00 1262.00
845.00 1265.00
1850.00 1284.00
957.00 1291.00
1925.00 1292.00
1802.00 1294.00
2103.00 1294.00
1028.00 1312.00
2144.00 1312.00
1086.00 1314.00
1560.00 1314.00
1139.00 1321.00
1658.00 1322.00
861.00 1327.00
958.00 1333.00
1941.00 1343.00
1615.00 1347.00
1803.00 1347.00
2065.00 1352.00
1027.00 1353.00
1738.00 1353.00
2106.00 1355.00
1114.00 1373.00
1804.00 1390.00
1610.00 1391.00
1658.00 1391.00
1562.00 1403.00
956.00 1420.00
1085.00 1425.00
649.00 1428.00
716.00 1442.00
758.00 1442.00
1847.00 1444.00
888.00 1445.00
1633.00 1445.00
1564.00 1446.00
2081.00 1447.00
2024.00 1450.00
1139.00 1452.00
1517.00 1455.00
1255.00 1457.00
956.00 1474.00
1432.00 1477.00
821.00 1480.00
914.00 1492.00
1709.00 1492.00
1565.00 1502.00
1138.00 1503.00
651.00 1522.00
1026.00 1529.00
954.00 1538.00
1578.00 1544.00
1871.00 1546.00
2081.00 1550.00
1971.00 1551.00
1803.00 1563.00
983.00 1579.00
1893.00 1591.00
1972.00 1593.00
1846.00 1610.00
1599.00 1612.00
2079.00 1615.00
1288.00 1621.00
1193.00 1622.00
1446.00 1641.00
1399.00 1665.00
1138.00 1671.00
2149.00 1675.00
2042.00 1687.00
1640.00 1689.00
1835.00 1767.00
2132.00 1835.00
1586.00 1850.00
1235.00 1987.00
1704.00 2199.00
1149.00 2333.00
1606.00 2368.00
1213.00 2553.00
831.00 2715.00
