1813.00 757.00
1734.00 770.00
1564.00 782.00
1295.00 832.00
376.00 852.00
1425.00 865.00
316.00 897.00
330.00 958.00
510.00 967.00
511.00 1008.00
958.00 1041.00
683.00 1074.00
1656.00 1137.00
1129.00 1142.00
1723.00 1185.00
1644.00 1199.00
271.00 1236.00
1696.00 1257.00
1544.00 1276.00
816.00 1280.00
1437.00 1335.00
1678.00 1340.00
349.00 1341.00
1660.00 1383.00
1608.00 1387.00
1507.00 1396.00
1372.00 1404.00
1057.00 1421.00
1549.00 1454.00
1897.00 1499.00
888.00 1561.00
1219.00 1597.00
1490.00 1658.00
443.00 1659.00
835.00 1843.00
787.00 1845.00
