177.00 268.00
811.00 278.00
549.00 356.00
304.00 373.00
348.00 492.00
225.00 651.00
509.00 687.00
369.00 796.00
606.00 896.00
650.00 919.00
1203.00 940.00
1466.00 1027.00
1284.00 1085.00
365.00 1132.00
235.00 1149.00
428.00 1154.00
604.00 1172.00
1018.00 1198.00
372.00 1202.00
459.00 1215.00
415.00 1234.00
345.00 1243.00
1647.00 1246.00
251.00 1256.00
514.00 1258.00
1266.00 1259.00
1581.00 1269.00
400.00 1279.00
841.00 1287.00
593.00 1289.00
272.00 1314.00
344.00 1318.00
592.00 1335.00
800.00 1338.00
421.00 1345.00
372.00 1360.00
41.00 1362.00
244.00 1365.00
184.00 1366.00
1225.00 1377.00
418.00 1396.00
647.00 1409.00
180.00 1416.00
333.00 1418.00
899.00 1437.00
266.00 1440.00
745.00 1445.00
796.00 1454.00
481.00 1470.00
416.00 1471.00
1077.00 1479.00
855.00 1481.00
266.00 1488.00
1035.00 1488.00
151.00 1495.00
585.00 1496.00
392.00 1513.00
778.00 1525.00
256.00 1530.00
204.00 1547.00
1096.00 1556.00
87.00 1558.00
1282.00 1560.00
427.00 1575.00
226.00 1588.00
34.00 1594.00
1443.00 1606.00
306.00 1624.00
37.00 1640.00
249.00 1646.00
493.00 1659.00
362.00 1697.00
495.00 1702.00
407.00 1711.00
150.00 1712.00
357.00 1759.00
317.00 1806.00
14.00 1811.00
375.00 1812.00
209.00 1819.00
317.00 1849.00
1184.00 1888.00
169.00 1899.00
218.00 1900.00
75.00 1904.00
311.00 1922.00
495.00 1938.00
76.00 1959.00
352.00 1967.00
374.00 2035.00
327.00 2069.00
328.00 2309.00
927.00 2309.00
234.00 2425.00
109.00 2438.00
