1563.00 1056.00
639.00 1063.00
2043.00 1064.00
1889.00 1097.00
1708.00 1163.00
814.00 1188.00
737.00 1190.00
1610.00 1198.00
1526.00 1209.00
1949.00 1211.00
1859.00 1224.00
1110.00 1235.00
864.00 1248.00
1609.00 1251.00
803.00 1261.00
723.00 1263.00
943.00 1297.00
1513.00 1302.00
1226.00 1307.00
1294.00 1307.00
613.00 1309.00
1451.00 1320.00
1834.00 1327.00
944.00 1340.00
1580.00 1345.00
1235.00 1352.00
1088.00 1355.00
552.00 1381.00
940.00 1390.00
1298.00 1405.00
853.00 1438.00
795.00 1440.00
1173.00 1450.00
725.00 1463.00
1220.00 1474.00
853.00 1479.00
1093.00 1537.00
855.00 1666.00
