1715.00 374.00
1892.00 462.00
1837.00 491.00
1944.00 504.00
1245.00 525.00
1717.00 528.00
1316.00 536.00
1385.00 544.00
1844.00 574.00
1128.00 583.00
582.00 587.00
760.00 592.00
1899.00 595.00
976.00 600.00
1531.00 609.00
843.00 613.00
885.00 628.00
954.00 645.00
545.00 646.00
1231.00 655.00
1681.00 656.00
1064.00 675.00
2143.00 681.00
1853.00 684.00
469.00 685.00
1376.00 710.00
1535.00 713.00
775.00 715.00
1208.00 715.00
716.00 723.00
1272.00 731.00
641.00 754.00
982.00 767.00
2025.00 769.00
721.00 776.00
976.00 812.00
774.00 851.00
984.00 877.00
584.00 887.00
1397.00 895.00
658.00 910.00
727.00 914.00
906.00 915.00
772.00 916.00
1133.00 926.00
1548.00 931.00
592.00 938.00
1398.00 944.00
840.00 946.00
884.00 959.00
943.00 970.00
621.00 994.00
662.00 1010.00
969.00 1015.00
789.00 1016.00
528.00 1017.00
579.00 1024.00
635.00 1054.00
490.00 1065.00
827.00 1081.00
726.00 1138.00
528.00 1163.00
770.00 1202.00
525.00 1235.00
751.00 1287.00
792.00 1292.00
840.00 1297.00
555.00 1318.00
617.00 1332.00
431.00 1354.00
783.00 1366.00
557.00 1386.00
924.00 1401.00
519.00 1435.00
797.00 1480.00
441.00 1492.00
763.00 1600.00
823.00 1610.00
836.00 1664.00
600.00 1675.00
494.00 1686.00
451.00 1704.00
761.00 1728.00
624.00 1780.00
784.00 1789.00
648.00 1823.00
501.00 1841.00
457.00 1843.00
757.00 1866.00
437.00 1918.00
478.00 1920.00
527.00 1923.00
609.00 1955.00
522.00 2007.00
563.00 2033.00
752.00 2065.00
481.00 2096.00
557.00 2108.00
762.00 2158.00
691.00 2230.00
578.00 2286.00
472.00 2295.00
729.00 2323.00
643.00 2337.00
747.00 2376.00
586.00 2382.00
662.00 2432.00
713.00 2432.00
877.00 2454.00
1011.00 2490.00
