1628.00 29.00
130.00 54.00
175.00 72.00
1081.00 80.00
128.00 102.00
775.00 132.00
817.00 145.00
123.00 175.00
536.00 231.00
44.00 261.00
643.00 279.00
2061.00 371.00
107.00 423.00
637.00 493.00
871.00 495.00
103.00 500.00
775.00 523.00
819.00 533.00
723.00 548.00
863.00 552.00
99.00 553.00
1566.00 588.00
722.00 612.00
95.00 631.00
633.00 649.00
1681.00 657.00
1022.00 670.00
914.00 679.00
817.00 689.00
1319.00 703.00
762.00 713.00
90.00 714.00
1425.00 719.00
1368.00 728.00
138.00 730.00
1032.00 731.00
206.00 744.00
1079.00 752.00
632.00 764.00
1442.00 764.00
339.00 779.00
162.00 784.00
1169.00 787.00
46.00 790.00
401.00 796.00
1375.00 802.00
1880.00 803.00
205.00 818.00
21.00 832.00
97.00 832.00
630.00 836.00
144.00 854.00
1902.00 863.00
1630.00 865.00
1076.00 879.00
459.00 883.00
1949.00 888.00
13.00 894.00
1456.00 896.00
1712.00 896.00
197.00 918.00
953.00 934.00
1095.00 937.00
1162.00 940.00
123.00 954.00
814.00 955.00
577.00 956.00
73.00 967.00
1394.00 982.00
1204.00 997.00
719.00 1014.00
574.00 1024.00
799.00 1034.00
1110.00 1045.00
69.00 1048.00
878.00 1054.00
629.00 1060.00
573.00 1071.00
451.00 1117.00
570.00 1118.00
720.00 1125.00
977.00 1147.00
250.00 1159.00
571.00 1165.00
169.00 1166.00
570.00 1212.00
787.00 1234.00
624.00 1245.00
1095.00 1256.00
1034.00 1286.00
853.00 1310.00
49.00 1348.00
962.00 1355.00
903.00 1372.00
789.00 1382.00
90.00 1437.00
297.00 1457.00
235.00 1531.00
297.00 1536.00
297.00 1591.00
296.00 1647.00
24.00 1695.00
76.00 1695.00
146.00 1755.00
765.00 1764.00
216.00 1845.00
813.00 1863.00
142.00 1876.00
753.00 1877.00
738.00 1948.00
31.00 2103.00
26.00 2204.00
