206.00 210.00
1265.00 238.00
887.00 276.00
76.00 284.00
1541.00 303.00
884.00 362.00
1240.00 379.00
881.00 431.00
1216.00 443.00
879.00 497.00
101.00 518.00
1217.00 527.00
877.00 560.00
875.00 608.00
873.00 659.00
1670.00 686.00
872.00 710.00
419.00 729.00
531.00 742.00
68.00 761.00
1045.00 785.00
1107.00 787.00
950.00 805.00
1152.00 820.00
1278.00 829.00
141.00 835.00
240.00 839.00
670.00 848.00
988.00 891.00
48.00 903.00
1225.00 913.00
1293.00 957.00
1504.00 962.00
1703.00 980.00
1138.00 986.00
1326.00 1001.00
687.00 1013.00
1217.00 1013.00
639.00 1024.00
542.00 1041.00
1319.00 1050.00
454.00 1063.00
1259.00 1077.00
787.00 1088.00
1081.00 1098.00
724.00 1100.00
1011.00 1115.00
246.00 1121.00
1253.00 1122.00
1142.00 1149.00
185.00 1151.00
1200.00 1151.00
662.00 1154.00
1040.00 1157.00
1303.00 1157.00
1401.00 1158.00
1539.00 1170.00
574.00 1174.00
16.00 1179.00
746.00 1179.00
1047.00 1208.00
1407.00 1210.00
1448.00 1210.00
1598.00 1220.00
743.00 1231.00
665.00 1234.00
535.00 1255.00
844.00 1255.00
910.00 1258.00
490.00 1261.00
771.00 1274.00
661.00 1275.00
1194.00 1276.00
865.00 1305.00
927.00 1305.00
569.00 1307.00
482.00 1311.00
806.00 1340.00
867.00 1350.00
931.00 1358.00
480.00 1362.00
1476.00 1374.00
655.00 1417.00
922.00 1418.00
1123.00 1436.00
534.00 1445.00
452.00 1447.00
864.00 1447.00
158.00 1449.00
102.00 1451.00
806.00 1452.00
1282.00 1486.00
1390.00 1486.00
1035.00 1488.00
275.00 1503.00
18.00 1506.00
187.00 1514.00
73.00 1526.00
623.00 1527.00
1548.00 1531.00
562.00 1533.00
931.00 1540.00
718.00 1544.00
1377.00 1548.00
319.00 1559.00
1060.00 1559.00
371.00 1562.00
423.00 1582.00
803.00 1583.00
221.00 1585.00
876.00 1586.00
519.00 1594.00
921.00 1600.00
47.00 1602.00
1151.00 1608.00
1572.00 1624.00
962.00 1655.00
34.00 1676.00
435.00 1677.00
393.00 1684.00
85.00 1685.00
32.00 1717.00
372.00 1765.00
304.00 1785.00
365.00 1807.00
1190.00 1821.00
869.00 1834.00
1176.00 1883.00
438.00 1888.00
486.00 2022.00
1430.00 2039.00
454.00 2071.00
321.00 2091.00
529.00 2136.00
167.00 2187.00
317.00 2288.00
194.00 2304.00
1777.00 2308.00
317.00 2349.00
1834.00 2363.00
701.00 2409.00
794.00 2423.00
1672.00 2454.00
304.00 2469.00
1825.00 2491.00
1858.00 2604.00
789.00 2643.00
920.00 2771.00
1457.00 2794.00
1340.00 2837.00
1014.00 2857.00
