1875.00 168.00
1738.00 201.00
1792.00 203.00
1925.00 217.00
1500.00 252.00
1883.00 253.00
1679.00 329.00
1892.00 351.00
1517.00 363.00
1581.00 368.00
1275.00 403.00
1507.00 415.00
1402.00 434.00
1696.00 525.00
1718.00 569.00
694.00 583.00
1464.00 587.00
1671.00 600.00
1740.00 646.00
1462.00 649.00
1421.00 662.00
1513.00 681.00
1911.00 733.00
1535.00 734.00
1385.00 737.00
859.00 738.00
796.00 742.00
1845.00 743.00
1740.00 757.00
1934.00 774.00
1538.00 784.00
1892.00 784.00
1664.00 796.00
1396.00 803.00
1803.00 807.00
1481.00 811.00
1386.00 857.00
1669.00 869.00
1543.00 873.00
1486.00 888.00
1717.00 891.00
1390.00 914.00
1950.00 928.00
1453.00 930.00
1710.00 932.00
670.00 946.00
1378.00 955.00
1199.00 961.00
1884.00 966.00
1645.00 968.00
1829.00 978.00
1734.00 987.00
734.00 999.00
1875.00 1019.00
1081.00 1026.00
1963.00 1048.00
1650.00 1063.00
1717.00 1071.00
1968.00 1089.00
1651.00 1110.00
1895.00 1127.00
1527.00 1135.00
1447.00 1185.00
1645.00 1190.00
1515.00 1225.00
1808.00 1227.00
1965.00 1229.00
1700.00 1234.00
1901.00 1284.00
1519.00 1309.00
1722.00 1316.00
1801.00 1339.00
1662.00 1349.00
1455.00 1357.00
1524.00 1360.00
1711.00 1373.00
1579.00 1391.00
1506.00 1401.00
1636.00 1407.00
1796.00 1429.00
1741.00 1454.00
1254.00 1475.00
1689.00 1480.00
1732.00 1499.00
1566.00 1515.00
1649.00 1529.00
1602.00 1558.00
1804.00 1582.00
1496.00 1602.00
1644.00 1604.00
1599.00 1608.00
1925.00 1641.00
1676.00 1656.00
1578.00 1662.00
1487.00 1670.00
1194.00 1684.00
1508.00 1851.00
1387.00 1865.00
1594.00 1871.00
1839.00 1915.00
1889.00 1970.00
1736.00 1983.00
1619.00 2014.00
1555.00 2057.00
1826.00 2206.00
