1727.00 20.00
1677.00 65.00
2010.00 93.00
1330.00 189.00
932.00 195.00
1284.00 235.00
1382.00 235.00
1038.00 290.00
828.00 341.00
1100.00 426.00
759.00 433.00
1057.00 470.00
1129.00 482.00
756.00 486.00
1089.00 523.00
756.00 529.00
815.00 552.00
599.00 585.00
850.00 599.00
1090.00 606.00
654.00 619.00
952.00 653.00
683.00 668.00
1908.00 669.00
952.00 730.00
1328.00 752.00
619.00 785.00
782.00 800.00
2072.00 852.00
815.00 856.00
663.00 876.00
1690.00 907.00
625.00 917.00
2000.00 959.00
699.00 962.00
2049.00 966.00
856.00 975.00
897.00 975.00
629.00 1025.00
1377.00 1038.00
1934.00 1090.00
1096.00 1118.00
1994.00 1118.00
1195.00 1134.00
2044.00 1142.00
780.00 1160.00
856.00 1189.00
1728.00 1200.00
740.00 1205.00
1247.00 1210.00
1547.00 1214.00
854.00 1239.00
1318.00 1244.00
1361.00 1261.00
1166.00 1263.00
1431.00 1264.00
1620.00 1264.00
1264.00 1265.00
738.00 1269.00
1545.00 1290.00
1714.00 1299.00
1216.00 1301.00
1020.00 1306.00
1287.00 1306.00
1132.00 1316.00
1361.00 1316.00
842.00 1318.00
2122.00 1350.00
1038.00 1352.00
1265.00 1361.00
857.00 1372.00
2015.00 1375.00
2079.00 1375.00
1604.00 1385.00
717.00 1391.00
1853.00 1397.00
1159.00 1403.00
1926.00 1408.00
2008.00 1425.00
1239.00 1428.00
1726.00 1429.00
2062.00 1437.00
1163.00 1465.00
940.00 1479.00
2044.00 1483.00
1576.00 1506.00
1023.00 1508.00
1520.00 1524.00
1786.00 1526.00
927.00 1529.00
1426.00 1547.00
1085.00 1548.00
825.00 1549.00
1532.00 1566.00
1344.00 1577.00
800.00 1594.00
1233.00 1601.00
1287.00 1610.00
899.00 1631.00
1168.00 1637.00
1201.00 1685.00
955.00 1696.00
1322.00 1726.00
1377.00 1728.00
982.00 1755.00
924.00 1763.00
870.00 1777.00
2023.00 1823.00
1625.00 1825.00
862.00 1830.00
975.00 1856.00
1570.00 1866.00
1276.00 1870.00
1326.00 1895.00
2022.00 1939.00
1201.00 1950.00
1576.00 1970.00
1374.00 1986.00
2032.00 2015.00
1394.00 2034.00
2115.00 2044.00
1324.00 2048.00
1991.00 2093.00
1459.00 2094.00
1895.00 2157.00
1957.00 2165.00
1892.00 2207.00
1348.00 2236.00
1126.00 2320.00
923.00 2415.00
1188.00 2514.00
2051.00 2531.00
2099.00 2532.00
1353.00 2589.00
1503.00 2602.00
1412.00 2634.00
841.00 2681.00
1070.00 2697.00
1314.00 2711.00
1147.00 2729.00
1389.00 2752.00
1630.00 2770.00
