1545.00 795.00
1404.00 811.00
1504.00 821.00
1447.00 824.00
1607.00 877.00
1378.00 878.00
888.00 901.00
1162.00 914.00
1579.00 919.00
1818.00 957.00
1760.00 961.00
1352.00 977.00
1187.00 984.00
1254.00 990.00
1728.00 1027.00
1671.00 1031.00
847.00 1037.00
760.00 1077.00
1142.00 1087.00
1310.00 1094.00
1363.00 1107.00
1509.00 1125.00
1425.00 1132.00
1607.00 1132.00
1554.00 1134.00
2020.00 1145.00
1282.00 1165.00
1230.00 1166.00
1926.00 1170.00
1872.00 1173.00
1016.00 1199.00
1290.00 1206.00
1713.00 1245.00
1659.00 1248.00
1011.00 1264.00
600.00 1287.00
252.00 1311.00
511.00 1322.00
557.00 1327.00
904.00 1337.00
1287.00 1343.00
1503.00 1357.00
1551.00 1357.00
1794.00 1359.00
816.00 1364.00
707.00 1381.00
244.00 1384.00
1287.00 1384.00
616.00 1393.00
285.00 1398.00
1121.00 1405.00
1767.00 1416.00
1871.00 1417.00
1635.00 1420.00
1524.00 1423.00
1279.00 1429.00
1915.00 1436.00
1679.00 1437.00
1376.00 1443.00
367.00 1452.00
1171.00 1463.00
296.00 1469.00
844.00 1469.00
1223.00 1481.00
1286.00 1498.00
1594.00 1504.00
772.00 1511.00
589.00 1514.00
726.00 1516.00
548.00 1523.00
1414.00 1527.00
1969.00 1527.00
1928.00 1528.00
1676.00 1534.00
1822.00 1540.00
1342.00 1559.00
1095.00 1583.00
964.00 1585.00
913.00 1586.00
1285.00 1586.00
1957.00 1594.00
706.00 1596.00
758.00 1608.00
1765.00 1608.00
1416.00 1621.00
1512.00 1625.00
1284.00 1630.00
546.00 1631.00
1742.00 1670.00
1284.00 1675.00
1150.00 1685.00
1913.00 1688.00
1986.00 1689.00
1285.00 1729.00
1515.00 1733.00
1874.00 1740.00
1822.00 1750.00
1145.00 1763.00
1393.00 1766.00
739.00 1782.00
1508.00 1794.00
242.00 1807.00
1284.00 1829.00
1392.00 1832.00
736.00 1837.00
1896.00 1861.00
1103.00 1941.00
1239.00 1948.00
910.00 2038.00
1436.00 2048.00
1885.00 2186.00
