1790.00 202.00
1349.00 248.00
1763.00 256.00
1804.00 261.00
1031.00 271.00
579.00 306.00
1307.00 325.00
608.00 359.00
1231.00 470.00
561.00 475.00
1529.00 588.00
1691.00 645.00
1431.00 657.00
2117.00 663.00
2074.00 675.00
1093.00 733.00
1374.00 744.00
600.00 751.00
1352.00 797.00
1416.00 805.00
1300.00 826.00
1184.00 850.00
1417.00 854.00
1231.00 898.00
1418.00 900.00
1272.00 910.00
2107.00 925.00
1419.00 943.00
1613.00 943.00
1355.00 956.00
1887.00 974.00
2140.00 978.00
1636.00 985.00
2084.00 997.00
1452.00 1020.00
1514.00 1059.00
1895.00 1064.00
1640.00 1070.00
2120.00 1086.00
2064.00 1097.00
2010.00 1104.00
1598.00 1110.00
1951.00 1113.00
1357.00 1120.00
641.00 1134.00
1643.00 1141.00
1745.00 1148.00
873.00 1153.00
1383.00 1165.00
1902.00 1178.00
1184.00 1182.00
1826.00 1184.00
675.00 1195.00
1467.00 1199.00
1998.00 1201.00
737.00 1206.00
1385.00 1208.00
1745.00 1208.00
1619.00 1223.00
952.00 1224.00
1900.00 1237.00
690.00 1241.00
850.00 1244.00
1119.00 1252.00
641.00 1254.00
1394.00 1266.00
1161.00 1269.00
574.00 1273.00
891.00 1280.00
1349.00 1285.00
1676.00 1290.00
1108.00 1296.00
1823.00 1297.00
689.00 1300.00
1436.00 1310.00
2132.00 1320.00
1761.00 1322.00
624.00 1326.00
1651.00 1333.00
577.00 1334.00
774.00 1346.00
891.00 1354.00
1032.00 1359.00
1726.00 1368.00
1110.00 1369.00
1496.00 1377.00
1187.00 1383.00
631.00 1385.00
1841.00 1387.00
685.00 1391.00
1910.00 1396.00
1062.00 1401.00
1398.00 1425.00
1800.00 1433.00
1355.00 1442.00
633.00 1451.00
684.00 1456.00
1300.00 1474.00
1923.00 1482.00
1856.00 1485.00
1029.00 1508.00
2048.00 1522.00
775.00 1524.00
1150.00 1526.00
1766.00 1526.00
681.00 1528.00
1862.00 1543.00
1720.00 1550.00
1246.00 1562.00
1146.00 1567.00
1767.00 1570.00
761.00 1571.00
972.00 1585.00
1519.00 1585.00
1653.00 1609.00
857.00 1612.00
916.00 1612.00
1723.00 1615.00
2109.00 1616.00
1153.00 1617.00
800.00 1618.00
1838.00 1619.00
1041.00 1620.00
1781.00 1631.00
1105.00 1640.00
913.00 1654.00
1871.00 1672.00
1154.00 1677.00
2014.00 1684.00
571.00 1689.00
1371.00 1696.00
1198.00 1718.00
1431.00 1733.00
926.00 1764.00
1648.00 1771.00
1501.00 1773.00
1422.00 1775.00
2003.00 1775.00
1701.00 1780.00
1795.00 1794.00
1852.00 1822.00
1458.00 1823.00
668.00 1832.00
1671.00 1943.00
1547.00 2118.00
1937.00 2125.00
1708.00 2139.00
1471.00 2163.00
1046.00 2166.00
1669.00 2186.00
676.00 2200.00
1031.00 2224.00
1195.00 2234.00
1237.00 2268.00
1326.00 2298.00
1379.00 2301.00
1979.00 2325.00
2144.00 2339.00
626.00 2366.00
1493.00 2387.00
2033.00 2387.00
803.00 2404.00
1940.00 2429.00
1085.00 2439.00
1717.00 2461.00
1413.00 2469.00
849.00 2472.00
1365.00 2479.00
1438.00 2513.00
2023.00 2574.00
1824.00 2596.00
927.00 2630.00
2070.00 2664.00
1974.00 2677.00
820.00 2679.00
