1333.00 165.00
1399.00 211.00
1434.00 264.00
515.00 356.00
474.00 380.00
583.00 394.00
75.00 438.00
1521.00 451.00
298.00 465.00
242.00 478.00
1574.00 482.00
887.00 488.00
928.00 503.00
313.00 522.00
983.00 524.00
1572.00 527.00
252.00 586.00
1644.00 587.00
27.00 593.00
138.00 650.00
19.00 681.00
1676.00 685.00
460.00 707.00
93.00 715.00
378.00 719.00
1014.00 729.00
950.00 734.00
1187.00 748.00
1228.00 750.00
557.00 752.00
380.00 764.00
494.00 784.00
1495.00 791.00
1778.00 796.00
72.00 817.00
137.00 838.00
505.00 841.00
268.00 851.00
339.00 861.00
709.00 904.00
1846.00 906.00
813.00 915.00
335.00 922.00
71.00 923.00
1280.00 938.00
1429.00 938.00
1238.00 949.00
412.00 967.00
544.00 971.00
776.00 984.00
176.00 990.00
607.00 1004.00
1483.00 1014.00
129.00 1019.00
254.00 1022.00
427.00 1023.00
940.00 1034.00
1911.00 1037.00
888.00 1045.00
843.00 1053.00
987.00 1060.00
551.00 1075.00
685.00 1075.00
1426.00 1089.00
1157.00 1094.00
1478.00 1095.00
1054.00 1097.00
143.00 1099.00
772.00 1118.00
55.00 1123.00
630.00 1129.00
955.00 1145.00
282.00 1166.00
1186.00 1171.00
332.00 1172.00
697.00 1175.00
60.00 1180.00
1357.00 1180.00
1666.00 1180.00
875.00 1185.00
503.00 1195.00
769.00 1202.00
1716.00 1206.00
1003.00 1212.00
1622.00 1214.00
1408.00 1215.00
1575.00 1226.00
392.00 1228.00
239.00 1236.00
500.00 1245.00
1704.00 1247.00
1115.00 1248.00
93.00 1250.00
1226.00 1252.00
660.00 1262.00
1865.00 1290.00
1155.00 1292.00
413.00 1294.00
1736.00 1300.00
1061.00 1303.00
1358.00 1312.00
658.00 1313.00
1449.00 1314.00
1595.00 1320.00
731.00 1335.00
1251.00 1345.00
1310.00 1347.00
794.00 1351.00
590.00 1356.00
1656.00 1358.00
34.00 1359.00
1097.00 1364.00
1788.00 1366.00
1009.00 1375.00
1143.00 1377.00
1449.00 1377.00
1709.00 1391.00
866.00 1395.00
687.00 1401.00
1492.00 1410.00
1393.00 1417.00
1450.00 1426.00
1915.00 1439.00
1615.00 1444.00
1822.00 1446.00
1494.00 1456.00
1095.00 1486.00
1764.00 1486.00
1672.00 1505.00
1537.00 1511.00
1812.00 1529.00
1618.00 1536.00
1558.00 1559.00
1677.00 1571.00
1516.00 1578.00
1807.00 1602.00
1558.00 1604.00
266.00 1706.00
1451.00 1720.00
1615.00 1788.00
1515.00 1849.00
1589.00 1860.00
1390.00 1877.00
1488.00 1894.00
292.00 1923.00
589.00 1974.00
1574.00 1993.00
288.00 2027.00
620.00 2059.00
1067.00 2077.00
568.00 2095.00
898.00 2105.00
632.00 2112.00
1622.00 2117.00
217.00 2128.00
1626.00 2229.00
424.00 2296.00
1216.00 2303.00
1455.00 2303.00
676.00 2322.00
1141.00 2329.00
1343.00 2351.00
1055.00 2360.00
1561.00 2367.00
1274.00 2384.00
1174.00 2426.00
1737.00 2440.00
1378.00 2467.00
1006.00 2501.00
1300.00 2508.00
1242.00 2541.00
846.00 2569.00
765.00 2604.00
1504.00 2623.00
977.00 2685.00
1550.00 2719.00
892.00 2730.00
738.00 2845.00
