798.00 173.00
1037.00 227.00
1727.00 244.00
647.00 252.00
987.00 280.00
643.00 368.00
584.00 409.00
784.00 429.00
1368.00 446.00
2105.00 459.00
1704.00 471.00
1301.00 476.00
2020.00 493.00
1092.00 494.00
1385.00 515.00
2008.00 546.00
1937.00 555.00
1657.00 557.00
1330.00 566.00
1818.00 570.00
431.00 584.00
2017.00 591.00
1197.00 598.00
1416.00 626.00
1292.00 646.00
1863.00 647.00
1598.00 679.00
566.00 684.00
2144.00 691.00
1915.00 705.00
1851.00 714.00
1810.00 718.00
2129.00 734.00
1606.00 742.00
1109.00 746.00
1545.00 746.00
825.00 750.00
1485.00 758.00
1009.00 763.00
1398.00 772.00
1340.00 773.00
1855.00 828.00
1110.00 830.00
1506.00 843.00
1007.00 846.00
425.00 856.00
2150.00 887.00
2097.00 893.00
1109.00 912.00
1886.00 912.00
1395.00 922.00
987.00 944.00
517.00 975.00
431.00 979.00
1105.00 992.00
2134.00 1002.00
661.00 1008.00
1891.00 1014.00
1935.00 1018.00
1842.00 1020.00
1790.00 1029.00
680.00 1060.00
405.00 1081.00
1099.00 1081.00
969.00 1086.00
2016.00 1101.00
756.00 1113.00
714.00 1116.00
1169.00 1116.00
875.00 1122.00
2133.00 1142.00
1175.00 1157.00
848.00 1179.00
413.00 1197.00
1581.00 1197.00
1182.00 1198.00
1086.00 1203.00
2099.00 1206.00
1902.00 1207.00
503.00 1213.00
775.00 1215.00
696.00 1218.00
1337.00 1219.00
359.00 1226.00
996.00 1226.00
647.00 1239.00
862.00 1241.00
1181.00 1245.00
2086.00 1257.00
1911.00 1267.00
909.00 1276.00
986.00 1284.00
2135.00 1284.00
1369.00 1292.00
2015.00 1292.00
1100.00 1299.00
2071.00 1305.00
1899.00 1312.00
1875.00 1353.00
1808.00 1354.00
761.00 1356.00
2086.00 1360.00
2032.00 1372.00
1513.00 1376.00
1244.00 1384.00
649.00 1386.00
1972.00 1393.00
1443.00 1395.00
497.00 1412.00
569.00 1421.00
1105.00 1422.00
1006.00 1431.00
1913.00 1435.00
1752.00 1442.00
1700.00 1444.00
1383.00 1456.00
427.00 1460.00
1257.00 1461.00
1197.00 1463.00
1136.00 1465.00
1619.00 1480.00
1910.00 1485.00
1543.00 1495.00
1814.00 1502.00
1690.00 1504.00
1491.00 1506.00
526.00 1512.00
422.00 1518.00
1599.00 1527.00
1872.00 1553.00
1789.00 1559.00
1719.00 1561.00
1652.00 1562.00
1554.00 1565.00
1506.00 1566.00
1427.00 1567.00
1350.00 1568.00
1305.00 1569.00
530.00 1603.00
1322.00 1610.00
1242.00 1628.00
1716.00 1643.00
2110.00 1649.00
1261.00 1672.00
1377.00 1672.00
1333.00 1687.00
325.00 1722.00
1562.00 1737.00
1307.00 1738.00
1156.00 1747.00
1720.00 1749.00
646.00 1758.00
1896.00 1780.00
1890.00 1822.00
1183.00 1845.00
2131.00 1845.00
316.00 1858.00
844.00 1863.00
1636.00 1877.00
1808.00 1900.00
1568.00 1902.00
1634.00 1928.00
1696.00 1933.00
1853.00 1933.00
1523.00 1960.00
1731.00 1980.00
1538.00 2024.00
255.00 2052.00
1548.00 2088.00
1724.00 2090.00
1804.00 2118.00
1757.00 2144.00
394.00 2155.00
1197.00 2168.00
1993.00 2168.00
586.00 2173.00
730.00 2187.00
1679.00 2194.00
1199.00 2218.00
1253.00 2218.00
533.00 2225.00
2103.00 2238.00
2037.00 2262.00
1711.00 2272.00
430.00 2273.00
648.00 2274.00
717.00 2277.00
1253.00 2280.00
367.00 2299.00
544.00 2312.00
1078.00 2312.00
660.00 2315.00
1889.00 2319.00
1935.00 2322.00
1121.00 2357.00
1957.00 2368.00
1638.00 2398.00
1251.00 2404.00
639.00 2451.00
1625.00 2458.00
1828.00 2473.00
2049.00 2493.00
2090.00 2496.00
1529.00 2525.00
1645.00 2538.00
1838.00 2554.00
2088.00 2581.00
2107.00 2625.00
283.00 2627.00
1750.00 2649.00
1421.00 2693.00
2141.00 2695.00
544.00 2811.00
