758.00 110.00
791.00 159.00
832.00 176.00
568.00 253.00
615.00 280.00
689.00 319.00
1755.00 357.00
484.00 359.00
1824.00 415.00
1421.00 466.00
1888.00 469.00
1358.00 505.00
567.00 556.00
2002.00 564.00
1161.00 616.00
1701.00 659.00
2144.00 681.00
1914.00 689.00
1708.00 717.00
1575.00 743.00
1332.00 761.00
1889.00 775.00
1724.00 789.00
1734.00 831.00
1809.00 848.00
2040.00 870.00
1854.00 874.00
1007.00 882.00
1735.00 894.00
675.00 897.00
1956.00 932.00
1009.00 935.00
2007.00 963.00
956.00 981.00
1946.00 982.00
574.00 1010.00
1650.00 1010.00
1514.00 1038.00
1303.00 1045.00
1102.00 1048.00
2024.00 1051.00
1376.00 1053.00
1552.00 1084.00
1279.00 1086.00
1228.00 1087.00
929.00 1095.00
1324.00 1100.00
2124.00 1105.00
827.00 1116.00
775.00 1120.00
1172.00 1121.00
888.00 1128.00
1763.00 1130.00
1432.00 1134.00
483.00 1147.00
1935.00 1150.00
2037.00 1172.00
1515.00 1175.00
709.00 1179.00
552.00 1190.00
1753.00 1190.00
761.00 1191.00
1220.00 1197.00
1176.00 1198.00
810.00 1215.00
2137.00 1216.00
1618.00 1218.00
1031.00 1219.00
1330.00 1226.00
1949.00 1229.00
1679.00 1242.00
1857.00 1246.00
894.00 1247.00
1081.00 1248.00
2068.00 1256.00
1466.00 1258.00
1798.00 1262.00
673.00 1263.00
1217.00 1263.00
2126.00 1265.00
1736.00 1267.00
761.00 1271.00
1167.00 1276.00
1106.00 1293.00
839.00 1298.00
566.00 1299.00
1570.00 1300.00
672.00 1308.00
895.00 1320.00
1220.00 1320.00
2131.00 1321.00
1499.00 1323.00
1041.00 1326.00
1352.00 1328.00
2020.00 1330.00
1431.00 1332.00
1973.00 1336.00
553.00 1345.00
939.00 1348.00
604.00 1349.00
2071.00 1352.00
841.00 1353.00
1869.00 1369.00
1039.00 1373.00
1221.00 1376.00
1291.00 1378.00
1405.00 1390.00
998.00 1395.00
1972.00 1396.00
674.00 1397.00
1705.00 1399.00
1341.00 1403.00
834.00 1415.00
2089.00 1425.00
2142.00 1438.00
941.00 1440.00
1282.00 1443.00
1376.00 1457.00
993.00 1462.00
844.00 1480.00
1716.00 1482.00
1058.00 1492.00
1983.00 1495.00
753.00 1498.00
941.00 1498.00
598.00 1505.00
899.00 1506.00
1111.00 1509.00
2098.00 1516.00
1469.00 1538.00
1611.00 1538.00
955.00 1546.00
560.00 1551.00
1370.00 1563.00
2060.00 1564.00
1988.00 1570.00
1290.00 1571.00
673.00 1580.00
1115.00 1582.00
1237.00 1588.00
1527.00 1590.00
943.00 1594.00
625.00 1597.00
1651.00 1597.00
1482.00 1602.00
1416.00 1609.00
1598.00 1609.00
900.00 1628.00
1578.00 1661.00
1099.00 1694.00
1176.00 1889.00
1778.00 2000.00
1738.00 2056.00
1075.00 2180.00
1073.00 2237.00
1569.00 2238.00
1011.00 2367.00
1061.00 2392.00
1360.00 2429.00
1029.00 2433.00
1427.00 2445.00
1744.00 2472.00
1031.00 2481.00
869.00 2485.00
1185.00 2702.00
628.00 2742.00
