716.00 500.00
799.00 602.00
342.00 607.00
1214.00 620.00
802.00 656.00
326.00 708.00
413.00 709.00
956.00 737.00
908.00 802.00
856.00 872.00
708.00 939.00
14.00 951.00
654.00 961.00
593.00 971.00
783.00 975.00
1029.00 999.00
790.00 1044.00
1034.00 1059.00
716.00 1067.00
657.00 1078.00
927.00 1100.00
539.00 1111.00
802.00 1123.00
405.00 1130.00
886.00 1139.00
591.00 1147.00
1710.00 1160.00
644.00 1165.00
1137.00 1166.00
1178.00 1166.00
245.00 1178.00
842.00 1185.00
469.00 1188.00
1090.00 1193.00
605.00 1217.00
1707.00 1219.00
426.00 1225.00
488.00 1236.00
723.00 1241.00
1294.00 1248.00
1581.00 1253.00
796.00 1267.00
1834.00 1268.00
1445.00 1271.00
925.00 1272.00
844.00 1276.00
1745.00 1276.00
519.00 1284.00
735.00 1284.00
1394.00 1294.00
1008.00 1312.00
1341.00 1314.00
1300.00 1318.00
1849.00 1319.00
1447.00 1322.00
1743.00 1332.00
590.00 1340.00
304.00 1348.00
98.00 1351.00
704.00 1358.00
475.00 1361.00
1343.00 1371.00
1739.00 1377.00
1684.00 1382.00
1060.00 1394.00
751.00 1396.00
327.00 1399.00
79.00 1414.00
1134.00 1417.00
1202.00 1421.00
530.00 1428.00
1723.00 1431.00
904.00 1435.00
1621.00 1436.00
1483.00 1437.00
1372.00 1458.00
489.00 1459.00
231.00 1465.00
1815.00 1467.00
1602.00 1477.00
531.00 1484.00
1653.00 1484.00
1527.00 1486.00
1765.00 1497.00
1060.00 1504.00
828.00 1508.00
1724.00 1508.00
1015.00 1520.00
1808.00 1521.00
1240.00 1524.00
539.00 1528.00
1495.00 1530.00
1538.00 1533.00
184.00 1537.00
966.00 1544.00
1060.00 1548.00
318.00 1557.00
1261.00 1576.00
1528.00 1584.00
1210.00 1590.00
1814.00 1600.00
1112.00 1629.00
1408.00 1633.00
1214.00 1638.00
249.00 1644.00
893.00 1646.00
464.00 1662.00
1563.00 1663.00
1500.00 1681.00
1719.00 1703.00
245.00 1704.00
1103.00 1705.00
1298.00 1737.00
1462.00 1743.00
1225.00 1749.00
889.00 1753.00
662.00 1764.00
329.00 1766.00
1503.00 1776.00
1212.00 1803.00
1360.00 1809.00
1078.00 1810.00
401.00 1817.00
1561.00 1819.00
1127.00 1823.00
281.00 1850.00
354.00 1874.00
1071.00 1892.00
778.00 1903.00
1293.00 1910.00
829.00 1936.00
1128.00 1973.00
977.00 1975.00
802.00 1982.00
1083.00 1988.00
300.00 2012.00
1364.00 2036.00
81.00 2038.00
704.00 2045.00
880.00 2064.00
230.00 2077.00
78.00 2081.00
428.00 2109.00
1125.00 2111.00
48.00 2131.00
162.00 2131.00
724.00 2148.00
962.00 2154.00
297.00 2156.00
47.00 2199.00
653.00 2200.00
323.00 2201.00
171.00 2225.00
961.00 2227.00
622.00 2247.00
351.00 2250.00
773.00 2269.00
176.00 2306.00
445.00 2306.00
772.00 2320.00
34.00 2345.00
762.00 2376.00
185.00 2378.00
673.00 2417.00
725.00 2436.00
856.00 2445.00
903.00 2464.00
807.00 2547.00
1008.00 2639.00
1200.00 2684.00
1246.00 2718.00
