1556.00 137.00
521.00 663.00
1518.00 753.00
589.00 791.00
1623.00 845.00
1663.00 900.00
1128.00 941.00
767.00 944.00
1005.00 967.00
1679.00 967.00
1724.00 985.00
1091.00 994.00
1022.00 1009.00
798.00 1041.00
1516.00 1097.00
489.00 1103.00
1681.00 1106.00
539.00 1107.00
1466.00 1107.00
757.00 1112.00
603.00 1120.00
1252.00 1136.00
1836.00 1137.00
1784.00 1145.00
1723.00 1152.00
561.00 1153.00
1130.00 1160.00
737.00 1162.00
1511.00 1169.00
938.00 1175.00
1301.00 1191.00
1563.00 1191.00
1230.00 1209.00
1452.00 1212.00
1518.00 1233.00
1712.00 1247.00
1974.00 1250.00
460.00 1257.00
1338.00 1278.00
1084.00 1280.00
392.00 1283.00
782.00 1291.00
1229.00 1291.00
1535.00 1292.00
1489.00 1303.00
860.00 1304.00
640.00 1321.00
1446.00 1324.00
1049.00 1348.00
666.00 1366.00
1114.00 1382.00
1526.00 1387.00
1967.00 1388.00
1805.00 1394.00
475.00 1407.00
1680.00 1412.00
1579.00 1438.00
999.00 1445.00
1068.00 1447.00
888.00 1449.00
1468.00 1465.00
1854.00 1486.00
1241.00 1494.00
764.00 1499.00
1746.00 1502.00
1696.00 1503.00
647.00 1505.00
1497.00 1513.00
1168.00 1518.00
1310.00 1526.00
1370.00 1526.00
1827.00 1544.00
718.00 1552.00
1721.00 1560.00
1762.00 1560.00
1407.00 1567.00
1606.00 1584.00
1844.00 1599.00
1309.00 1606.00
1085.00 1625.00
1497.00 1666.00
1532.00 1719.00
1231.00 1764.00
1391.00 1781.00
1219.00 1871.00
907.00 1896.00
1127.00 1920.00
960.00 1929.00
1148.00 1978.00
792.00 2018.00
903.00 2022.00
726.00 2026.00
837.00 2026.00
497.00 2035.00
847.00 2071.00
953.00 2078.00
606.00 2098.00
1284.00 2115.00
789.00 2130.00
345.00 2133.00
390.00 2141.00
1257.00 2175.00
747.00 2219.00
1256.00 2232.00
1632.00 2236.00
442.00 2240.00
910.00 2243.00
664.00 2252.00
794.00 2267.00
978.00 2273.00
1501.00 2285.00
730.00 2301.00
1625.00 2302.00
829.00 2348.00
1623.00 2354.00
1845.00 2369.00
1784.00 2449.00
1477.00 2450.00
1544.00 2463.00
674.00 2508.00
838.00 2602.00
174.00 2615.00
1619.00 2615.00
1230.00 2657.00
756.00 2669.00
306.00 2682.00
