1222.00 185.00
896.00 236.00
1725.00 282.00
942.00 290.00
1219.00 374.00
1010.00 392.00
777.00 394.00
1808.00 483.00
888.00 494.00
1220.00 496.00
888.00 535.00
1256.00 538.00
770.00 546.00
473.00 555.00
1755.00 557.00
1516.00 565.00
933.00 568.00
886.00 584.00
974.00 605.00
1515.00 616.00
931.00 622.00
1253.00 630.00
1441.00 648.00
584.00 655.00
978.00 662.00
1787.00 674.00
768.00 677.00
1589.00 696.00
814.00 728.00
1546.00 746.00
393.00 757.00
1489.00 771.00
610.00 773.00
942.00 775.00
1014.00 777.00
1218.00 779.00
1663.00 797.00
1519.00 845.00
868.00 853.00
1052.00 859.00
1404.00 859.00
1254.00 882.00
1784.00 933.00
1213.00 934.00
1052.00 935.00
397.00 944.00
1160.00 944.00
757.00 947.00
923.00 949.00
1254.00 953.00
1332.00 954.00
1521.00 967.00
871.00 996.00
1103.00 999.00
140.00 1001.00
268.00 1001.00
371.00 1002.00
923.00 1005.00
806.00 1009.00
318.00 1012.00
422.00 1015.00
1571.00 1023.00
921.00 1048.00
1522.00 1057.00
275.00 1060.00
1481.00 1066.00
874.00 1069.00
1338.00 1079.00
1953.00 1086.00
507.00 1097.00
1899.00 1111.00
1703.00 1120.00
463.00 1136.00
211.00 1150.00
265.00 1155.00
1936.00 1157.00
1251.00 1162.00
1338.00 1162.00
1157.00 1163.00
1523.00 1163.00
1757.00 1184.00
567.00 1196.00
1372.00 1208.00
134.00 1228.00
321.00 1233.00
1598.00 1248.00
1939.00 1255.00
922.00 1261.00
963.00 1274.00
1328.00 1295.00
1496.00 1295.00
1064.00 1300.00
157.00 1308.00
1108.00 1308.00
1607.00 1313.00
1656.00 1314.00
1556.00 1338.00
1497.00 1358.00
1863.00 1375.00
349.00 1377.00
135.00 1386.00
176.00 1387.00
1029.00 1409.00
947.00 1416.00
1602.00 1416.00
1798.00 1424.00
332.00 1432.00
1847.00 1439.00
1374.00 1453.00
927.00 1463.00
1802.00 1472.00
1426.00 1485.00
816.00 1504.00
1632.00 1506.00
451.00 1509.00
1892.00 1509.00
250.00 1514.00
342.00 1515.00
1529.00 1526.00
702.00 1527.00
1433.00 1533.00
399.00 1550.00
109.00 1552.00
1851.00 1553.00
43.00 1562.00
1633.00 1574.00
347.00 1578.00
37.00 1603.00
1170.00 1605.00
529.00 1615.00
1808.00 1624.00
1904.00 1624.00
1639.00 1628.00
1069.00 1632.00
965.00 1649.00
1013.00 1649.00
1393.00 1654.00
1624.00 1674.00
296.00 1680.00
402.00 1699.00
976.00 1700.00
1382.00 1701.00
1592.00 1721.00
1639.00 1735.00
1262.00 1738.00
1768.00 1745.00
346.00 1751.00
878.00 1787.00
1831.00 1810.00
999.00 1908.00
1652.00 2023.00
1204.00 2147.00
1400.00 2285.00
1465.00 2336.00
1245.00 2384.00
1683.00 2423.00
860.00 2440.00
968.00 2512.00
817.00 2584.00
287.00 2782.00
