1947.00 246.00
611.00 280.00
1667.00 329.00
908.00 540.00
976.00 549.00
1838.00 606.00
1051.00 608.00
752.00 637.00
565.00 642.00
709.00 653.00
1953.00 737.00
1052.00 762.00
678.00 780.00
728.00 797.00
596.00 833.00
784.00 841.00
1109.00 899.00
848.00 901.00
662.00 904.00
1612.00 905.00
1185.00 969.00
1140.00 979.00
571.00 1002.00
1672.00 1017.00
562.00 1045.00
1064.00 1099.00
1393.00 1101.00
1655.00 1125.00
1238.00 1129.00
1705.00 1129.00
1852.00 1156.00
1580.00 1185.00
1316.00 1192.00
522.00 1243.00
965.00 1281.00
1742.00 1282.00
859.00 1288.00
1394.00 1295.00
512.00 1299.00
1564.00 1304.00
2132.00 1312.00
1481.00 1315.00
1304.00 1345.00
1168.00 1373.00
496.00 1378.00
1970.00 1378.00
1364.00 1395.00
1994.00 1419.00
1140.00 1444.00
1813.00 1455.00
2117.00 1477.00
1949.00 1479.00
1753.00 1484.00
1131.00 1489.00
474.00 1492.00
1889.00 1495.00
2017.00 1499.00
2146.00 1519.00
1431.00 1529.00
1133.00 1531.00
1972.00 1533.00
1912.00 1539.00
1192.00 1542.00
1132.00 1574.00
168.00 1587.00
1993.00 1601.00
1917.00 1646.00
1096.00 1689.00
1885.00 1698.00
1309.00 1716.00
71.00 1730.00
1373.00 1746.00
221.00 1767.00
1314.00 1783.00
413.00 1794.00
1067.00 1803.00
668.00 1805.00
851.00 1843.00
1622.00 1844.00
920.00 1845.00
1178.00 1850.00
652.00 1868.00
217.00 1903.00
1307.00 1905.00
1091.00 1945.00
382.00 1949.00
1205.00 1960.00
1316.00 1977.00
1162.00 1988.00
2108.00 2012.00
700.00 2023.00
1044.00 2032.00
1273.00 2050.00
2101.00 2072.00
1043.00 2128.00
1213.00 2134.00
1089.00 2172.00
345.00 2189.00
339.00 2240.00
1146.00 2280.00
1086.00 2296.00
1855.00 2298.00
1249.00 2299.00
826.00 2306.00
1678.00 2307.00
702.00 2310.00
774.00 2324.00
1039.00 2324.00
1806.00 2329.00
1141.00 2333.00
1085.00 2348.00
1207.00 2348.00
857.00 2356.00
1504.00 2377.00
1127.00 2379.00
1826.00 2380.00
1260.00 2387.00
778.00 2388.00
1711.00 2389.00
375.00 2395.00
999.00 2395.00
929.00 2396.00
1197.00 2403.00
630.00 2415.00
1666.00 2419.00
888.00 2421.00
833.00 2423.00
1138.00 2424.00
1073.00 2426.00
232.00 2429.00
511.00 2436.00
1014.00 2441.00
1581.00 2443.00
1185.00 2458.00
1269.00 2459.00
885.00 2467.00
1404.00 2476.00
1608.00 2485.00
217.00 2487.00
1464.00 2489.00
1816.00 2495.00
889.00 2508.00
953.00 2510.00
676.00 2518.00
584.00 2529.00
1416.00 2531.00
1466.00 2547.00
1007.00 2556.00
324.00 2613.00
1265.00 2617.00
1336.00 2619.00
