1636.00 51.00
2043.00 143.00
1640.00 163.00
1991.00 173.00
1591.00 202.00
1848.00 207.00
660.00 299.00
1044.00 315.00
1207.00 319.00
1301.00 328.00
2060.00 340.00
723.00 378.00
1302.00 425.00
701.00 463.00
1242.00 470.00
570.00 472.00
653.00 485.00
1401.00 511.00
766.00 531.00
502.00 550.00
1001.00 571.00
648.00 573.00
714.00 581.00
543.00 585.00
1042.00 622.00
537.00 626.00
848.00 627.00
1001.00 654.00
791.00 677.00
854.00 691.00
563.00 706.00
1099.00 710.00
1732.00 733.00
699.00 755.00
853.00 766.00
508.00 775.00
1177.00 794.00
706.00 879.00
542.00 890.00
662.00 912.00
1806.00 921.00
1896.00 924.00
549.00 936.00
1536.00 955.00
640.00 956.00
1443.00 963.00
1263.00 971.00
576.00 977.00
701.00 982.00
744.00 984.00
2115.00 1001.00
1079.00 1059.00
1361.00 1062.00
1211.00 1065.00
1875.00 1071.00
1429.00 1119.00
934.00 1129.00
1880.00 1132.00
1066.00 1133.00
1540.00 1135.00
1761.00 1139.00
612.00 1161.00
1815.00 1168.00
1863.00 1190.00
567.00 1205.00
698.00 1211.00
1108.00 1229.00
1563.00 1238.00
1378.00 1240.00
1504.00 1252.00
1927.00 1262.00
1252.00 1265.00
565.00 1270.00
1143.00 1274.00
1012.00 1282.00
1102.00 1289.00
1443.00 1290.00
1490.00 1311.00
1059.00 1317.00
865.00 1320.00
696.00 1323.00
1284.00 1323.00
981.00 1329.00
1547.00 1331.00
2150.00 1352.00
1108.00 1375.00
2093.00 1378.00
541.00 1383.00
1651.00 1383.00
686.00 1397.00
770.00 1409.00
1424.00 1409.00
1932.00 1409.00
1015.00 1411.00
1988.00 1412.00
1780.00 1417.00
1082.00 1443.00
2140.00 1453.00
558.00 1463.00
1869.00 1466.00
2008.00 1466.00
1910.00 1471.00
1965.00 1472.00
1370.00 1474.00
1002.00 1476.00
1321.00 1482.00
1504.00 1492.00
852.00 1516.00
1590.00 1518.00
1903.00 1521.00
1179.00 1531.00
1662.00 1532.00
1457.00 1533.00
1737.00 1533.00
1110.00 1536.00
1406.00 1548.00
1516.00 1561.00
881.00 1568.00
1245.00 1582.00
1447.00 1583.00
1405.00 1589.00
1359.00 1599.00
1073.00 1611.00
1014.00 1649.00
754.00 1656.00
800.00 1691.00
1253.00 1738.00
1134.00 1771.00
716.00 1778.00
1175.00 1820.00
1886.00 1830.00
652.00 1835.00
516.00 1836.00
1088.00 1859.00
1450.00 1869.00
1255.00 1870.00
1163.00 1875.00
1926.00 1881.00
1335.00 1897.00
1212.00 1899.00
754.00 1901.00
648.00 1924.00
1882.00 1939.00
1090.00 1953.00
1455.00 1968.00
844.00 1969.00
991.00 1985.00
674.00 1990.00
1262.00 1997.00
747.00 2005.00
1891.00 2008.00
1968.00 2033.00
1316.00 2035.00
1192.00 2043.00
2026.00 2047.00
1413.00 2081.00
1022.00 2088.00
871.00 2098.00
1826.00 2173.00
1414.00 2175.00
1364.00 2178.00
2051.00 2200.00
1270.00 2232.00
1191.00 2244.00
1065.00 2245.00
996.00 2251.00
1112.00 2253.00
1863.00 2264.00
575.00 2269.00
800.00 2308.00
1282.00 2328.00
797.00 2409.00
1789.00 2433.00
553.00 2450.00
826.00 2456.00
1030.00 2481.00
1395.00 2505.00
1517.00 2510.00
825.00 2516.00
1202.00 2547.00
777.00 2601.00
1234.00 2607.00
1284.00 2628.00
1325.00 2644.00
763.00 2662.00
979.00 2666.00
1217.00 2672.00
1587.00 2686.00
1289.00 2704.00
1946.00 2707.00
902.00 2736.00
1955.00 2785.00
1792.00 2794.00
1575.00 2813.00
