402.00 73.00
571.00 107.00
844.00 160.00
611.00 185.00
947.00 207.00
1477.00 285.00
1519.00 333.00
1092.00 336.00
403.00 360.00
472.00 369.00
1447.00 372.00
1139.00 377.00
762.00 390.00
705.00 397.00
937.00 404.00
1079.00 412.00
829.00 413.00
1589.00 418.00
1190.00 423.00
1926.00 451.00
1753.00 460.00
1043.00 461.00
1243.00 469.00
1633.00 469.00
1553.00 487.00
1706.00 511.00
596.00 515.00
1059.00 523.00
1865.00 525.00
1310.00 528.00
1355.00 567.00
1254.00 614.00
640.00 617.00
1418.00 623.00
1363.00 624.00
2012.00 633.00
1688.00 634.00
596.00 642.00
1788.00 651.00
1285.00 676.00
624.00 683.00
835.00 690.00
1170.00 698.00
1750.00 700.00
934.00 701.00
1834.00 703.00
1019.00 704.00
858.00 731.00
1552.00 740.00
984.00 754.00
1154.00 755.00
1253.00 759.00
584.00 760.00
930.00 765.00
530.00 774.00
1490.00 779.00
1835.00 791.00
1616.00 796.00
1931.00 817.00
1567.00 821.00
885.00 826.00
1225.00 826.00
929.00 838.00
1673.00 846.00
1119.00 867.00
1163.00 869.00
1946.00 878.00
463.00 881.00
1422.00 887.00
1638.00 890.00
928.00 897.00
2019.00 920.00
476.00 922.00
1517.00 926.00
1645.00 931.00
521.00 940.00
914.00 949.00
981.00 953.00
1089.00 962.00
1169.00 967.00
1412.00 968.00
1247.00 972.00
1325.00 978.00
1467.00 987.00
2052.00 997.00
505.00 1001.00
1842.00 1004.00
624.00 1009.00
672.00 1012.00
1789.00 1013.00
1261.00 1020.00
1363.00 1020.00
2103.00 1020.00
848.00 1022.00
911.00 1026.00
1003.00 1031.00
962.00 1032.00
1067.00 1036.00
1314.00 1036.00
1138.00 1041.00
530.00 1067.00
2026.00 1069.00
604.00 1073.00
1175.00 1082.00
846.00 1088.00
313.00 1091.00
951.00 1093.00
2093.00 1110.00
1683.00 1111.00
1078.00 1113.00
1886.00 1116.00
1017.00 1119.00
1953.00 1122.00
583.00 1124.00
975.00 1145.00
387.00 1147.00
435.00 1150.00
1608.00 1155.00
1659.00 1158.00
648.00 1160.00
747.00 1166.00
1973.00 1166.00
2064.00 1179.00
1565.00 1198.00
787.00 1211.00
320.00 1225.00
2047.00 1229.00
546.00 1235.00
655.00 1242.00
704.00 1244.00
1695.00 1247.00
1512.00 1254.00
1829.00 1255.00
1977.00 1258.00
785.00 1261.00
1100.00 1262.00
1917.00 1264.00
354.00 1267.00
1748.00 1267.00
1453.00 1276.00
1638.00 1279.00
622.00 1301.00
579.00 1312.00
1722.00 1317.00
783.00 1319.00
520.00 1320.00
1475.00 1340.00
553.00 1362.00
1594.00 1365.00
1520.00 1372.00
1725.00 1372.00
441.00 1376.00
659.00 1379.00
1359.00 1381.00
614.00 1383.00
271.00 1384.00
845.00 1394.00
1063.00 1395.00
892.00 1396.00
483.00 1400.00
1306.00 1401.00
2089.00 1418.00
1564.00 1437.00
886.00 1443.00
829.00 1444.00
1284.00 1447.00
513.00 1448.00
1009.00 1448.00
1201.00 1453.00
651.00 1467.00
1793.00 1477.00
1683.00 1484.00
1230.00 1498.00
300.00 1501.00
900.00 1501.00
1839.00 1502.00
1300.00 1509.00
1401.00 1509.00
1349.00 1512.00
1770.00 1524.00
1687.00 1526.00
900.00 1542.00
1067.00 1545.00
452.00 1552.00
314.00 1554.00
1825.00 1568.00
1625.00 1569.00
1233.00 1571.00
513.00 1580.00
1555.00 1582.00
1122.00 1584.00
963.00 1585.00
1024.00 1587.00
1504.00 1587.00
751.00 1589.00
1334.00 1591.00
325.00 1598.00
828.00 1606.00
573.00 1612.00
628.00 1616.00
1676.00 1618.00
1551.00 1623.00
1259.00 1625.00
1982.00 1625.00
940.00 1626.00
775.00 1641.00
1314.00 1645.00
1148.00 1650.00
615.00 1665.00
722.00 1670.00
1039.00 1671.00
1690.00 1686.00
326.00 1699.00
422.00 1707.00
717.00 1730.00
1073.00 1763.00
512.00 1790.00
620.00 1793.00
671.00 1794.00
1340.00 1797.00
350.00 1805.00
526.00 1831.00
1418.00 1871.00
1401.00 1965.00
450.00 1970.00
697.00 1984.00
504.00 2029.00
706.00 2029.00
510.00 2073.00
1498.00 2078.00
630.00 2079.00
725.00 2079.00
1559.00 2080.00
676.00 2082.00
559.00 2085.00
469.00 2101.00
1734.00 2120.00
702.00 2127.00
1663.00 2142.00
473.00 2152.00
1472.00 2161.00
1426.00 2214.00
1610.00 2256.00
1099.00 2296.00
1153.00 2296.00
778.00 2312.00
2054.00 2317.00
737.00 2330.00
1186.00 2351.00
1024.00 2362.00
792.00 2396.00
857.00 2397.00
450.00 2466.00
517.00 2467.00
495.00 2514.00
1551.00 2537.00
548.00 2552.00
474.00 2555.00
1022.00 2632.00
