973.00 123.00
816.00 222.00
815.00 284.00
743.00 414.00
603.00 464.00
835.00 506.00
16.00 523.00
1117.00 701.00
205.00 761.00
267.00 781.00
104.00 934.00
551.00 1001.00
383.00 1102.00
921.00 1105.00
1264.00 1112.00
820.00 1132.00
872.00 1133.00
731.00 1183.00
240.00 1188.00
641.00 1203.00
689.00 1204.00
1108.00 1206.00
1277.00 1218.00
1192.00 1223.00
379.00 1241.00
996.00 1244.00
1108.00 1249.00
1278.00 1261.00
520.00 1275.00
474.00 1281.00
1174.00 1289.00
1013.00 1293.00
1226.00 1295.00
677.00 1296.00
1107.00 1296.00
807.00 1299.00
1400.00 1333.00
670.00 1343.00
482.00 1346.00
996.00 1356.00
300.00 1359.00
254.00 1361.00
1124.00 1363.00
1293.00 1373.00
886.00 1381.00
480.00 1387.00
825.00 1390.00
212.00 1398.00
163.00 1400.00
1351.00 1406.00
571.00 1408.00
958.00 1453.00
1131.00 1456.00
130.00 1457.00
498.00 1476.00
1329.00 1479.00
1207.00 1486.00
795.00 1503.00
1280.00 1506.00
934.00 1515.00
255.00 1521.00
158.00 1527.00
1211.00 1529.00
893.00 1568.00
296.00 1590.00
608.00 1599.00
482.00 1604.00
817.00 1628.00
873.00 1633.00
223.00 1674.00
624.00 1678.00
436.00 1862.00
729.00 1939.00
108.00 2034.00
