432.00 511.00
523.00 559.00
429.00 572.00
352.00 646.00
241.00 651.00
591.00 676.00
423.00 690.00
282.00 699.00
872.00 858.00
544.00 863.00
681.00 866.00
287.00 876.00
448.00 879.00
210.00 887.00
635.00 893.00
550.00 929.00
681.00 939.00
488.00 943.00
859.00 963.00
807.00 966.00
752.00 968.00
667.00 1001.00
751.00 1031.00
462.00 1063.00
611.00 1065.00
291.00 1070.00
664.00 1097.00
396.00 1101.00
462.00 1108.00
1148.00 1130.00
829.00 1144.00
664.00 1158.00
749.00 1158.00
403.00 1215.00
662.00 1233.00
456.00 1243.00
278.00 1251.00
868.00 1260.00
676.00 1274.00
660.00 1324.00
564.00 1339.00
260.00 1343.00
867.00 1366.00
503.00 1372.00
364.00 1392.00
1078.00 1392.00
659.00 1400.00
598.00 1415.00
485.00 1419.00
425.00 1421.00
657.00 1442.00
855.00 1458.00
1088.00 1458.00
1044.00 1460.00
744.00 1462.00
169.00 1482.00
76.00 1485.00
744.00 1508.00
621.00 1530.00
366.00 1541.00
420.00 1543.00
742.00 1568.00
84.00 1577.00
557.00 1578.00
853.00 1601.00
654.00 1610.00
242.00 1622.00
138.00 1642.00
349.00 1645.00
583.00 1655.00
414.00 1659.00
699.00 1663.00
853.00 1673.00
502.00 1682.00
648.00 1686.00
91.00 1693.00
764.00 1706.00
557.00 1713.00
851.00 1716.00
411.00 1721.00
49.00 1725.00
660.00 1727.00
851.00 1757.00
582.00 1762.00
408.00 1764.00
658.00 1768.00
711.00 1792.00
41.00 1818.00
601.00 1827.00
781.00 1836.00
404.00 1841.00
656.00 1846.00
611.00 1878.00
402.00 1895.00
732.00 1915.00
504.00 1920.00
653.00 1923.00
343.00 1927.00
815.00 1929.00
262.00 1947.00
893.00 1947.00
397.00 1982.00
651.00 1984.00
730.00 1984.00
508.00 1986.00
752.00 2031.00
727.00 2077.00
391.00 2108.00
633.00 2115.00
727.00 2122.00
527.00 2139.00
13.00 2160.00
725.00 2169.00
842.00 2171.00
664.00 2200.00
888.00 2201.00
620.00 2209.00
841.00 2212.00
721.00 2215.00
8.00 2219.00
616.00 2254.00
247.00 2256.00
763.00 2256.00
378.00 2265.00
575.00 2282.00
11.00 2321.00
201.00 2336.00
113.00 2341.00
480.00 2390.00
885.00 2416.00
386.00 2574.00
