1994.00 309.00
1941.00 318.00
1899.00 319.00
355.00 351.00
1580.00 372.00
411.00 390.00
1113.00 504.00
1658.00 541.00
1159.00 545.00
1231.00 580.00
1518.00 588.00
1309.00 590.00
1424.00 600.00
1668.00 618.00
1598.00 624.00
2096.00 645.00
2026.00 653.00
1478.00 662.00
1630.00 672.00
1083.00 676.00
1432.00 676.00
998.00 679.00
1042.00 680.00
824.00 723.00
1804.00 725.00
1626.00 726.00
1000.00 727.00
1448.00 727.00
1491.00 740.00
279.00 762.00
1657.00 767.00
1395.00 768.00
1611.00 778.00
1534.00 800.00
1700.00 820.00
1449.00 824.00
643.00 829.00
1576.00 830.00
540.00 834.00
1621.00 840.00
2151.00 841.00
1915.00 844.00
1860.00 857.00
1770.00 861.00
2100.00 868.00
1305.00 884.00
1168.00 902.00
1543.00 912.00
1116.00 918.00
467.00 929.00
1946.00 935.00
1545.00 953.00
1804.00 953.00
1332.00 954.00
1735.00 968.00
924.00 970.00
1949.00 976.00
1443.00 1007.00
1633.00 1018.00
1739.00 1021.00
1693.00 1031.00
1552.00 1036.00
1365.00 1041.00
308.00 1047.00
930.00 1057.00
1076.00 1082.00
971.00 1093.00
1034.00 1106.00
1078.00 1123.00
1646.00 1138.00
1260.00 1139.00
768.00 1142.00
1309.00 1164.00
1647.00 1180.00
1352.00 1188.00
1213.00 1191.00
1079.00 1199.00
1564.00 1201.00
1953.00 1204.00
972.00 1206.00
321.00 1208.00
1304.00 1208.00
1263.00 1225.00
503.00 1227.00
1788.00 1227.00
1370.00 1233.00
683.00 1241.00
1652.00 1251.00
2151.00 1257.00
1217.00 1264.00
1526.00 1271.00
1316.00 1273.00
1455.00 1287.00
1764.00 1290.00
598.00 1299.00
2065.00 1300.00
977.00 1311.00
1864.00 1314.00
1575.00 1318.00
1257.00 1342.00
771.00 1345.00
1179.00 1345.00
1127.00 1353.00
1771.00 1358.00
2072.00 1365.00
1042.00 1377.00
1298.00 1378.00
457.00 1386.00
920.00 1386.00
878.00 1392.00
1124.00 1395.00
826.00 1415.00
1322.00 1423.00
1547.00 1440.00
178.00 1441.00
1042.00 1442.00
557.00 1446.00
641.00 1451.00
515.00 1452.00
1227.00 1456.00
837.00 1464.00
1387.00 1478.00
642.00 1493.00
2060.00 1500.00
1079.00 1504.00
2006.00 1504.00
726.00 1515.00
1231.00 1527.00
1354.00 1528.00
661.00 1534.00
1189.00 1538.00
1031.00 1541.00
2147.00 1543.00
586.00 1544.00
878.00 1572.00
1190.00 1582.00
943.00 1601.00
1058.00 1602.00
784.00 1630.00
92.00 1634.00
894.00 1640.00
393.00 1655.00
1188.00 1675.00
1123.00 1701.00
1294.00 1705.00
1354.00 1710.00
2069.00 1732.00
1591.00 1733.00
1780.00 1737.00
2117.00 1745.00
1310.00 1753.00
958.00 1760.00
999.00 1765.00
2063.00 1773.00
1047.00 1816.00
941.00 1820.00
1361.00 1825.00
1618.00 1857.00
637.00 1861.00
2150.00 1863.00
1495.00 1868.00
850.00 1882.00
1216.00 1921.00
620.00 1924.00
1626.00 1952.00
1324.00 1995.00
1397.00 2025.00
1632.00 2028.00
574.00 2031.00
1124.00 2053.00
613.00 2084.00
2116.00 2113.00
1234.00 2115.00
646.00 2125.00
870.00 2158.00
1322.00 2173.00
1890.00 2190.00
1081.00 2192.00
1728.00 2197.00
913.00 2207.00
740.00 2210.00
2064.00 2211.00
789.00 2220.00
1842.00 2224.00
1968.00 2235.00
1364.00 2249.00
1651.00 2260.00
1065.00 2266.00
908.00 2267.00
1927.00 2274.00
1568.00 2297.00
1744.00 2298.00
686.00 2306.00
857.00 2308.00
1130.00 2310.00
550.00 2311.00
1868.00 2332.00
1687.00 2341.00
1332.00 2344.00
1548.00 2366.00
982.00 2377.00
1135.00 2377.00
1384.00 2404.00
868.00 2406.00
1264.00 2413.00
1720.00 2472.00
1355.00 2487.00
