1764.00 223.00
790.00 252.00
846.00 305.00
1581.00 499.00
1376.00 504.00
1335.00 513.00
1406.00 545.00
672.00 546.00
1614.00 567.00
880.00 677.00
1616.00 746.00
1443.00 788.00
1515.00 817.00
1313.00 867.00
882.00 907.00
1003.00 948.00
670.00 951.00
467.00 965.00
1424.00 987.00
603.00 1028.00
503.00 1041.00
797.00 1049.00
559.00 1066.00
324.00 1084.00
1356.00 1093.00
1110.00 1100.00
713.00 1118.00
1156.00 1131.00
866.00 1139.00
968.00 1141.00
1115.00 1141.00
300.00 1155.00
353.00 1159.00
1323.00 1168.00
547.00 1176.00
353.00 1200.00
974.00 1205.00
169.00 1207.00
1447.00 1208.00
1254.00 1216.00
1035.00 1222.00
1567.00 1238.00
1341.00 1240.00
764.00 1251.00
1151.00 1290.00
1087.00 1297.00
885.00 1304.00
1005.00 1310.00
61.00 1332.00
1257.00 1342.00
765.00 1374.00
691.00 1376.00
1839.00 1386.00
327.00 1389.00
609.00 1393.00
1097.00 1408.00
1499.00 1409.00
718.00 1419.00
984.00 1419.00
1434.00 1427.00
1393.00 1428.00
610.00 1459.00
1473.00 1472.00
347.00 1477.00
1174.00 1483.00
989.00 1512.00
672.00 1592.00
568.00 1657.00
601.00 1703.00
1657.00 1704.00
867.00 1720.00
734.00 1728.00
501.00 1742.00
549.00 1759.00
823.00 1761.00
1367.00 1772.00
489.00 1832.00
121.00 2105.00
718.00 2434.00
