1443.00 385.00
1156.00 388.00
983.00 398.00
1819.00 423.00
1156.00 438.00
1275.00 440.00
982.00 447.00
1886.00 449.00
1776.00 452.00
1505.00 480.00
1810.00 497.00
1420.00 505.00
1030.00 508.00
979.00 513.00
1156.00 519.00
1202.00 527.00
1347.00 529.00
580.00 596.00
1073.00 600.00
1155.00 624.00
438.00 646.00
1154.00 675.00
1070.00 701.00
326.00 722.00
863.00 736.00
1070.00 752.00
1023.00 755.00
431.00 768.00
570.00 775.00
973.00 782.00
1022.00 800.00
505.00 805.00
970.00 850.00
1520.00 872.00
2054.00 872.00
442.00 884.00
881.00 884.00
1963.00 891.00
1359.00 893.00
967.00 915.00
1189.00 923.00
1734.00 935.00
968.00 956.00
1153.00 974.00
892.00 978.00
1212.00 1000.00
1491.00 1011.00
966.00 1020.00
556.00 1028.00
908.00 1035.00
1306.00 1067.00
1844.00 1087.00
1505.00 1099.00
876.00 1105.00
1733.00 1105.00
1935.00 1112.00
920.00 1114.00
1237.00 1116.00
1401.00 1123.00
428.00 1124.00
742.00 1127.00
1985.00 1160.00
1322.00 1163.00
1017.00 1164.00
1151.00 1164.00
871.00 1171.00
1779.00 1174.00
1373.00 1178.00
1712.00 1184.00
2092.00 1184.00
1852.00 1190.00
801.00 1204.00
1166.00 1211.00
1323.00 1211.00
962.00 1214.00
335.00 1217.00
1216.00 1218.00
1803.00 1219.00
1041.00 1223.00
1373.00 1240.00
1714.00 1244.00
1315.00 1253.00
1589.00 1257.00
1497.00 1273.00
1358.00 1287.00
1830.00 1287.00
1149.00 1295.00
313.00 1296.00
1059.00 1316.00
1424.00 1318.00
1008.00 1321.00
888.00 1323.00
1219.00 1325.00
1695.00 1329.00
1317.00 1346.00
1148.00 1351.00
2051.00 1351.00
2010.00 1354.00
540.00 1363.00
1457.00 1369.00
1808.00 1380.00
1952.00 1387.00
1696.00 1388.00
2151.00 1400.00
1058.00 1407.00
1780.00 1434.00
1408.00 1436.00
2056.00 1438.00
1945.00 1446.00
1860.00 1455.00
1449.00 1456.00
1810.00 1475.00
1696.00 1482.00
1448.00 1497.00
428.00 1510.00
2066.00 1527.00
1006.00 1530.00
1724.00 1536.00
1949.00 1545.00
2031.00 1578.00
506.00 1607.00
2106.00 1614.00
2049.00 1641.00
1506.00 1647.00
2021.00 1686.00
1873.00 1756.00
1889.00 1801.00
370.00 1834.00
1851.00 1888.00
1032.00 1899.00
947.00 1905.00
955.00 2002.00
605.00 2011.00
1435.00 2054.00
411.00 2057.00
464.00 2108.00
923.00 2115.00
1524.00 2135.00
506.00 2147.00
461.00 2159.00
1029.00 2180.00
465.00 2201.00
502.00 2250.00
599.00 2324.00
464.00 2356.00
512.00 2360.00
1299.00 2461.00
