1504.00 687.00
1554.00 701.00
1445.00 703.00
1239.00 901.00
631.00 917.00
1002.00 958.00
1253.00 997.00
990.00 1012.00
1474.00 1030.00
786.00 1065.00
1771.00 1093.00
1902.00 1096.00
1851.00 1097.00
1261.00 1101.00
795.00 1143.00
1334.00 1147.00
2026.00 1199.00
1100.00 1217.00
890.00 1254.00
992.00 1280.00
1567.00 1317.00
1523.00 1319.00
1016.00 1328.00
653.00 1335.00
863.00 1335.00
1072.00 1338.00
1412.00 1347.00
1797.00 1383.00
1323.00 1391.00
1399.00 1391.00
1037.00 1406.00
954.00 1416.00
796.00 1449.00
1216.00 1502.00
903.00 1523.00
1491.00 1594.00
898.00 1656.00
1016.00 1766.00
