651.00 387.00
997.00 401.00
1561.00 429.00
312.00 439.00
654.00 439.00
696.00 449.00
1021.00 449.00
959.00 452.00
917.00 494.00
1119.00 499.00
1375.00 571.00
1159.00 608.00
945.00 610.00
887.00 633.00
990.00 660.00
217.00 663.00
891.00 706.00
1220.00 709.00
954.00 712.00
1020.00 732.00
1366.00 735.00
1275.00 749.00
888.00 755.00
177.00 757.00
665.00 784.00
921.00 798.00
1597.00 809.00
955.00 841.00
1085.00 846.00
370.00 847.00
1243.00 855.00
1285.00 865.00
1378.00 904.00
1574.00 914.00
936.00 915.00
988.00 928.00
304.00 933.00
394.00 933.00
1701.00 959.00
1207.00 977.00
1030.00 985.00
887.00 994.00
1156.00 1013.00
1580.00 1020.00
379.00 1025.00
427.00 1035.00
1034.00 1035.00
1485.00 1036.00
883.00 1050.00
528.00 1068.00
598.00 1080.00
1497.00 1090.00
1219.00 1101.00
1350.00 1105.00
965.00 1108.00
1175.00 1115.00
1280.00 1119.00
538.00 1122.00
280.00 1131.00
595.00 1132.00
1134.00 1139.00
895.00 1142.00
952.00 1167.00
542.00 1169.00
998.00 1169.00
1258.00 1173.00
497.00 1178.00
1077.00 1198.00
830.00 1216.00
1580.00 1237.00
325.00 1277.00
1444.00 1278.00
1194.00 1286.00
1591.00 1286.00
1726.00 1306.00
1494.00 1313.00
1150.00 1329.00
1403.00 1336.00
400.00 1339.00
631.00 1339.00
1167.00 1373.00
381.00 1382.00
1122.00 1383.00
1362.00 1385.00
885.00 1395.00
1594.00 1404.00
487.00 1409.00
1305.00 1420.00
784.00 1443.00
1516.00 1463.00
1416.00 1465.00
1368.00 1477.00
1324.00 1499.00
937.00 1522.00
1394.00 1523.00
1715.00 1538.00
876.00 1539.00
1313.00 1550.00
959.00 1571.00
1401.00 1597.00
971.00 1613.00
1751.00 1631.00
919.00 1645.00
872.00 1648.00
1710.00 1653.00
1243.00 1655.00
1647.00 1661.00
555.00 1666.00
677.00 1697.00
1612.00 1739.00
1278.00 1742.00
1030.00 1763.00
1375.00 1784.00
1719.00 1792.00
549.00 1796.00
962.00 1820.00
833.00 1822.00
1006.00 1837.00
1292.00 1873.00
1494.00 1879.00
1223.00 1886.00
545.00 1891.00
1539.00 1893.00
907.00 1895.00
1648.00 1906.00
803.00 1911.00
1582.00 1911.00
1738.00 1918.00
980.00 1924.00
1054.00 1934.00
543.00 1938.00
596.00 1952.00
1690.00 1962.00
746.00 1965.00
1126.00 1976.00
1179.00 1997.00
1461.00 2004.00
611.00 2007.00
1732.00 2014.00
1678.00 2072.00
708.00 2088.00
434.00 2105.00
1042.00 2136.00
562.00 2158.00
1028.00 2189.00
1644.00 2205.00
560.00 2222.00
1234.00 2259.00
646.00 2260.00
734.00 2265.00
247.00 2285.00
586.00 2295.00
335.00 2313.00
1562.00 2325.00
629.00 2331.00
1083.00 2346.00
727.00 2356.00
1737.00 2363.00
1552.00 2366.00
606.00 2388.00
443.00 2393.00
791.00 2408.00
1721.00 2421.00
655.00 2424.00
1026.00 2445.00
978.00 2532.00
