1425.00 49.00
1117.00 78.00
1547.00 92.00
1466.00 108.00
1059.00 122.00
1514.00 136.00
1431.00 159.00
1105.00 160.00
1059.00 192.00
1616.00 199.00
1799.00 199.00
1281.00 218.00
918.00 220.00
1005.00 231.00
2003.00 232.00
1743.00 253.00
1621.00 282.00
975.00 294.00
1929.00 301.00
1185.00 311.00
1127.00 331.00
1576.00 333.00
1002.00 354.00
1626.00 364.00
1856.00 368.00
1503.00 402.00
1186.00 406.00
1286.00 413.00
1616.00 416.00
1131.00 424.00
1399.00 432.00
1717.00 437.00
1335.00 446.00
1259.00 454.00
887.00 471.00
1133.00 486.00
1280.00 495.00
1508.00 514.00
1700.00 514.00
888.00 526.00
1768.00 534.00
1249.00 542.00
1066.00 547.00
830.00 586.00
1134.00 586.00
2003.00 592.00
1674.00 615.00
1284.00 619.00
1491.00 620.00
852.00 634.00
988.00 665.00
1356.00 666.00
1287.00 678.00
2024.00 686.00
1176.00 696.00
771.00 703.00
2071.00 736.00
1010.00 745.00
741.00 752.00
786.00 757.00
1331.00 778.00
2037.00 789.00
844.00 798.00
985.00 816.00
1332.00 833.00
743.00 836.00
847.00 844.00
1431.00 849.00
686.00 874.00
1155.00 893.00
905.00 905.00
776.00 922.00
1249.00 926.00
1008.00 928.00
673.00 938.00
1095.00 957.00
1650.00 965.00
1206.00 968.00
666.00 980.00
867.00 980.00
1319.00 987.00
1004.00 993.00
625.00 999.00
1663.00 1016.00
1226.00 1025.00
1269.00 1029.00
984.00 1073.00
1133.00 1087.00
369.00 1107.00
761.00 1119.00
927.00 1133.00
1135.00 1141.00
1136.00 1192.00
550.00 1209.00
723.00 1228.00
641.00 1233.00
1127.00 1233.00
430.00 1236.00
893.00 1254.00
690.00 1272.00
1140.00 1281.00
525.00 1283.00
1383.00 1292.00
877.00 1306.00
1032.00 1307.00
600.00 1324.00
1034.00 1361.00
1334.00 1362.00
1142.00 1369.00
618.00 1371.00
949.00 1371.00
522.00 1387.00
745.00 1387.00
1282.00 1387.00
1058.00 1408.00
1236.00 1408.00
1142.00 1413.00
639.00 1428.00
494.00 1433.00
929.00 1438.00
537.00 1444.00
804.00 1447.00
445.00 1448.00
1244.00 1461.00
654.00 1500.00
986.00 1515.00
917.00 1538.00
1046.00 1543.00
793.00 1546.00
865.00 1555.00
1149.00 1564.00
653.00 1578.00
548.00 1582.00
1097.00 1587.00
948.00 1593.00
1267.00 1631.00
613.00 1632.00
1185.00 1632.00
1226.00 1633.00
550.00 1646.00
949.00 1668.00
476.00 1674.00
640.00 1693.00
883.00 1696.00
970.00 1714.00
927.00 1740.00
548.00 1745.00
602.00 1929.00
1737.00 1976.00
1343.00 2011.00
1121.00 2066.00
466.00 2122.00
808.00 2282.00
984.00 2311.00
1584.00 2353.00
1217.00 2368.00
1270.00 2425.00
1068.00 2495.00
519.00 2571.00
645.00 2821.00
