379.00 290.00
1180.00 356.00
1296.00 362.00
807.00 482.00
513.00 496.00
1551.00 503.00
667.00 505.00
722.00 515.00
652.00 550.00
1448.00 569.00
1886.00 569.00
762.00 585.00
835.00 593.00
902.00 629.00
1037.00 681.00
933.00 725.00
1202.00 733.00
1202.00 783.00
730.00 786.00
771.00 788.00
1593.00 809.00
561.00 839.00
674.00 852.00
827.00 903.00
1089.00 903.00
682.00 914.00
766.00 914.00
467.00 939.00
1320.00 942.00
610.00 943.00
1020.00 949.00
767.00 977.00
1580.00 1003.00
1745.00 1023.00
660.00 1025.00
1119.00 1074.00
912.00 1082.00
1483.00 1082.00
1621.00 1094.00
1673.00 1097.00
1069.00 1099.00
339.00 1107.00
577.00 1107.00
623.00 1111.00
674.00 1116.00
177.00 1132.00
1585.00 1149.00
1634.00 1152.00
1062.00 1154.00
563.00 1160.00
677.00 1199.00
1127.00 1203.00
1480.00 1229.00
555.00 1233.00
771.00 1250.00
1627.00 1254.00
1707.00 1256.00
179.00 1278.00
1034.00 1284.00
427.00 1286.00
537.00 1296.00
1594.00 1310.00
953.00 1318.00
1036.00 1349.00
1356.00 1350.00
1232.00 1355.00
1589.00 1358.00
78.00 1376.00
1887.00 1395.00
1502.00 1399.00
929.00 1408.00
465.00 1428.00
274.00 1432.00
315.00 1435.00
1885.00 1436.00
1434.00 1450.00
423.00 1458.00
590.00 1458.00
489.00 1474.00
275.00 1491.00
924.00 1494.00
445.00 1501.00
867.00 1501.00
1241.00 1507.00
1710.00 1508.00
783.00 1519.00
1583.00 1533.00
695.00 1536.00
1522.00 1536.00
839.00 1553.00
1221.00 1597.00
1361.00 1609.00
1556.00 1612.00
1884.00 1623.00
999.00 1632.00
1050.00 1651.00
1779.00 1656.00
1738.00 1668.00
677.00 1688.00
1450.00 1707.00
1615.00 1711.00
586.00 1715.00
747.00 1719.00
1389.00 1725.00
702.00 1732.00
1764.00 1743.00
1288.00 1755.00
1232.00 1771.00
301.00 1787.00
1762.00 1788.00
487.00 1789.00
1641.00 1794.00
1593.00 1798.00
628.00 1815.00
864.00 1822.00
785.00 1831.00
1888.00 1836.00
1461.00 1859.00
1567.00 1866.00
1060.00 1875.00
1615.00 1883.00
1616.00 1931.00
917.00 1935.00
1344.00 1939.00
1061.00 1943.00
1571.00 1950.00
1476.00 1951.00
1704.00 1968.00
728.00 1997.00
1620.00 1998.00
1524.00 2003.00
626.00 2005.00
1257.00 2008.00
1625.00 2062.00
1126.00 2072.00
1627.00 2113.00
540.00 2127.00
1228.00 2134.00
1567.00 2151.00
1457.00 2161.00
1160.00 2173.00
725.00 2179.00
1174.00 2227.00
1655.00 2281.00
1559.00 2292.00
1893.00 2314.00
991.00 2339.00
954.00 2398.00
876.00 2400.00
1792.00 2431.00
752.00 2436.00
1578.00 2466.00
1728.00 2467.00
1046.00 2474.00
1531.00 2474.00
1439.00 2477.00
1375.00 2487.00
1286.00 2503.00
