267.00 717.00
789.00 725.00
324.00 737.00
619.00 752.00
1009.00 777.00
1050.00 778.00
1119.00 895.00
164.00 984.00
205.00 990.00
565.00 1007.00
621.00 1013.00
688.00 1014.00
430.00 1016.00
810.00 1028.00
961.00 1028.00
1128.00 1044.00
1045.00 1049.00
873.00 1050.00
1568.00 1053.00
78.00 1054.00
1527.00 1055.00
1353.00 1070.00
1397.00 1070.00
1748.00 1070.00
347.00 1072.00
816.00 1073.00
1706.00 1074.00
861.00 1096.00
153.00 1097.00
726.00 1101.00
212.00 1106.00
969.00 1112.00
390.00 1114.00
1062.00 1118.00
451.00 1119.00
1217.00 1128.00
863.00 1139.00
1258.00 1160.00
1650.00 1163.00
628.00 1166.00
1357.00 1166.00
467.00 1170.00
1302.00 1171.00
1608.00 1173.00
1519.00 1180.00
195.00 1186.00
973.00 1187.00
1045.00 1190.00
1146.00 1193.00
515.00 1194.00
845.00 1196.00
573.00 1200.00
672.00 1205.00
1578.00 1228.00
442.00 1234.00
1058.00 1235.00
1156.00 1235.00
498.00 1238.00
553.00 1241.00
1510.00 1241.00
1451.00 1243.00
835.00 1256.00
1015.00 1262.00
1256.00 1277.00
1348.00 1280.00
1558.00 1280.00
1512.00 1284.00
1678.00 1287.00
1619.00 1288.00
1736.00 1296.00
440.00 1297.00
725.00 1333.00
1091.00 1342.00
301.00 1345.00
170.00 1404.00
717.00 1404.00
398.00 1420.00
893.00 1436.00
1620.00 1437.00
295.00 1441.00
1529.00 1448.00
1240.00 1451.00
1356.00 1454.00
1122.00 1462.00
366.00 1463.00
895.00 1478.00
427.00 1482.00
939.00 1485.00
620.00 1487.00
1538.00 1491.00
1586.00 1492.00
1637.00 1496.00
1690.00 1506.00
1226.00 1516.00
1449.00 1518.00
1072.00 1521.00
898.00 1523.00
415.00 1536.00
1561.00 1537.00
942.00 1546.00
1022.00 1550.00
1687.00 1565.00
1637.00 1566.00
1139.00 1569.00
802.00 1593.00
1567.00 1602.00
336.00 1604.00
884.00 1613.00
255.00 1623.00
800.00 1634.00
1078.00 1635.00
1630.00 1643.00
1680.00 1643.00
1663.00 1689.00
180.00 1698.00
277.00 1715.00
1634.00 1750.00
1511.00 1763.00
978.00 1776.00
1452.00 1811.00
1714.00 2035.00
