683.00 458.00
17.00 492.00
261.00 513.00
204.00 556.00
707.00 616.00
150.00 638.00
393.00 688.00
8.00 729.00
1676.00 731.00
247.00 751.00
366.00 775.00
512.00 775.00
19.00 788.00
130.00 790.00
306.00 811.00
248.00 815.00
1137.00 839.00
607.00 861.00
1623.00 874.00
1740.00 882.00
143.00 893.00
86.00 901.00
598.00 912.00
1675.00 916.00
349.00 931.00
1632.00 939.00
1437.00 947.00
970.00 954.00
22.00 974.00
193.00 985.00
1746.00 998.00
1247.00 1003.00
1695.00 1031.00
1804.00 1033.00
803.00 1054.00
209.00 1068.00
93.00 1070.00
596.00 1081.00
340.00 1089.00
46.00 1106.00
1814.00 1112.00
258.00 1127.00
130.00 1140.00
1109.00 1144.00
444.00 1168.00
63.00 1172.00
170.00 1192.00
1493.00 1198.00
1666.00 1208.00
241.00 1234.00
1112.00 1245.00
1723.00 1251.00
95.00 1258.00
1291.00 1262.00
349.00 1270.00
1337.00 1271.00
1398.00 1282.00
1834.00 1285.00
664.00 1291.00
1138.00 1291.00
958.00 1304.00
730.00 1308.00
1004.00 1323.00
1113.00 1332.00
330.00 1339.00
817.00 1347.00
1269.00 1348.00
917.00 1351.00
1158.00 1358.00
1648.00 1363.00
1499.00 1364.00
1415.00 1369.00
1571.00 1373.00
590.00 1377.00
98.00 1385.00
29.00 1390.00
851.00 1391.00
1313.00 1404.00
546.00 1411.00
1488.00 1413.00
1573.00 1418.00
1747.00 1421.00
246.00 1423.00
938.00 1425.00
1401.00 1425.00
1059.00 1428.00
350.00 1430.00
23.00 1445.00
1216.00 1446.00
180.00 1448.00
1169.00 1461.00
705.00 1464.00
1537.00 1465.00
324.00 1472.00
1496.00 1472.00
587.00 1473.00
381.00 1476.00
809.00 1489.00
762.00 1494.00
1316.00 1497.00
1376.00 1498.00
1115.00 1517.00
355.00 1520.00
1061.00 1520.00
1012.00 1523.00
942.00 1527.00
1795.00 1538.00
1748.00 1540.00
754.00 1541.00
819.00 1561.00
1195.00 1561.00
1298.00 1587.00
1012.00 1591.00
1772.00 1592.00
905.00 1599.00
1483.00 1600.00
1116.00 1602.00
788.00 1605.00
1062.00 1607.00
367.00 1611.00
311.00 1626.00
988.00 1641.00
1152.00 1644.00
1108.00 1658.00
1052.00 1659.00
1854.00 1664.00
1209.00 1669.00
1334.00 1673.00
928.00 1688.00
1007.00 1691.00
1800.00 1705.00
838.00 1708.00
1048.00 1710.00
1843.00 1712.00
880.00 1715.00
1263.00 1734.00
824.00 1754.00
1478.00 1754.00
1692.00 1759.00
1808.00 1767.00
406.00 1783.00
358.00 1796.00
1465.00 1796.00
1303.00 1811.00
1083.00 1814.00
1197.00 1830.00
1735.00 1835.00
1068.00 1855.00
1792.00 1866.00
1215.00 1883.00
1121.00 1891.00
1455.00 1935.00
282.00 1964.00
790.00 1964.00
337.00 1972.00
1122.00 1977.00
571.00 1988.00
211.00 1998.00
398.00 2005.00
1352.00 2008.00
940.00 2009.00
1123.00 2048.00
1492.00 2051.00
1353.00 2064.00
805.00 2092.00
1114.00 2100.00
1614.00 2111.00
1275.00 2113.00
1333.00 2122.00
590.00 2135.00
185.00 2145.00
1377.00 2148.00
1545.00 2149.00
325.00 2163.00
1055.00 2163.00
818.00 2183.00
581.00 2214.00
1847.00 2215.00
1019.00 2234.00
1619.00 2235.00
1433.00 2252.00
135.00 2263.00
1080.00 2264.00
379.00 2270.00
710.00 2282.00
1587.00 2286.00
124.00 2322.00
433.00 2332.00
327.00 2351.00
1101.00 2472.00
