790.00 151.00
1178.00 219.00
2005.00 227.00
1664.00 246.00
1601.00 250.00
1438.00 258.00
1348.00 263.00
1270.00 265.00
1204.00 270.00
919.00 272.00
1250.00 306.00
1523.00 328.00
1312.00 331.00
1385.00 335.00
2134.00 335.00
949.00 366.00
2053.00 396.00
417.00 398.00
1388.00 403.00
1872.00 403.00
1429.00 419.00
2094.00 451.00
2053.00 452.00
1163.00 453.00
1389.00 460.00
1814.00 473.00
1433.00 483.00
2146.00 487.00
2059.00 505.00
1726.00 513.00
1279.00 514.00
1436.00 525.00
1393.00 529.00
1756.00 558.00
2075.00 566.00
1696.00 586.00
1813.00 596.00
1196.00 615.00
1957.00 692.00
1879.00 696.00
1629.00 705.00
1740.00 719.00
1288.00 726.00
1403.00 734.00
1971.00 736.00
1330.00 760.00
1448.00 761.00
1626.00 780.00
1545.00 783.00
1772.00 783.00
1177.00 812.00
2012.00 812.00
1724.00 822.00
746.00 830.00
839.00 831.00
316.00 841.00
2085.00 841.00
224.00 842.00
399.00 842.00
1612.00 842.00
167.00 852.00
1969.00 853.00
2025.00 864.00
1915.00 870.00
1934.00 919.00
1890.00 929.00
1784.00 945.00
1789.00 989.00
487.00 1020.00
1118.00 1020.00
607.00 1027.00
199.00 1031.00
965.00 1035.00
1866.00 1037.00
907.00 1065.00
566.00 1066.00
485.00 1067.00
721.00 1069.00
119.00 1082.00
1795.00 1082.00
294.00 1083.00
1150.00 1098.00
178.00 1107.00
671.00 1109.00
529.00 1114.00
608.00 1114.00
477.00 1115.00
336.00 1149.00
656.00 1151.00
508.00 1183.00
163.00 1203.00
442.00 1204.00
714.00 1204.00
1162.00 1204.00
387.00 1206.00
307.00 1207.00
670.00 1225.00
517.00 1231.00
391.00 1264.00
1952.00 1269.00
1078.00 1275.00
481.00 1281.00
522.00 1281.00
435.00 1293.00
1025.00 1318.00
895.00 1325.00
2064.00 1328.00
2138.00 1343.00
575.00 1350.00
1911.00 1355.00
990.00 1359.00
620.00 1368.00
897.00 1372.00
576.00 1396.00
1026.00 1406.00
2143.00 1418.00
1827.00 1425.00
1080.00 1445.00
1015.00 1452.00
876.00 1454.00
2030.00 1457.00
684.00 1460.00
1158.00 1466.00
1103.00 1488.00
917.00 1490.00
729.00 1491.00
804.00 1492.00
1016.00 1497.00
2033.00 1498.00
1984.00 1516.00
1927.00 1523.00
672.00 1529.00
1088.00 1536.00
792.00 1544.00
726.00 1545.00
1029.00 1550.00
987.00 1560.00
914.00 1563.00
872.00 1581.00
643.00 1590.00
781.00 1591.00
734.00 1595.00
1016.00 1613.00
871.00 1622.00
970.00 1642.00
586.00 1659.00
1117.00 1666.00
650.00 1669.00
511.00 1671.00
867.00 1678.00
1989.00 1688.00
963.00 1695.00
1029.00 1695.00
811.00 1699.00
1948.00 1705.00
1081.00 1709.00
1995.00 1783.00
711.00 1817.00
606.00 1819.00
794.00 1824.00
753.00 1858.00
712.00 1867.00
1029.00 1876.00
550.00 1893.00
850.00 1905.00
674.00 1922.00
1105.00 1990.00
1053.00 2012.00
1069.00 2057.00
1229.00 2076.00
711.00 2083.00
1229.00 2117.00
1020.00 2127.00
516.00 2137.00
817.00 2166.00
1234.00 2235.00
1143.00 2243.00
1041.00 2259.00
753.00 2264.00
1306.00 2282.00
1239.00 2330.00
722.00 2335.00
1303.00 2363.00
1071.00 2370.00
1239.00 2380.00
1133.00 2393.00
829.00 2406.00
1347.00 2415.00
1023.00 2454.00
1259.00 2465.00
783.00 2473.00
1110.00 2479.00
1740.00 2522.00
571.00 2555.00
1667.00 2600.00
1965.00 2605.00
2035.00 2616.00
1700.00 2654.00
