777.00 157.00
1947.00 251.00
1902.00 266.00
978.00 279.00
893.00 295.00
978.00 343.00
214.00 442.00
266.00 458.00
1223.00 532.00
1267.00 536.00
2059.00 579.00
1103.00 583.00
1354.00 615.00
1283.00 623.00
1019.00 655.00
1295.00 687.00
684.00 719.00
749.00 742.00
71.00 759.00
744.00 831.00
1538.00 841.00
1606.00 844.00
688.00 853.00
1860.00 872.00
1008.00 873.00
469.00 879.00
413.00 885.00
1058.00 905.00
1216.00 920.00
936.00 921.00
1783.00 926.00
1164.00 936.00
1719.00 937.00
463.00 939.00
1071.00 984.00
1440.00 984.00
1725.00 988.00
1784.00 988.00
359.00 994.00
2047.00 994.00
1207.00 1000.00
124.00 1003.00
1352.00 1009.00
1578.00 1012.00
1274.00 1014.00
716.00 1016.00
1535.00 1017.00
1984.00 1024.00
488.00 1027.00
2138.00 1042.00
1482.00 1045.00
1039.00 1048.00
1420.00 1061.00
1921.00 1061.00
1210.00 1062.00
979.00 1065.00
799.00 1067.00
856.00 1067.00
1361.00 1076.00
87.00 1084.00
492.00 1088.00
1665.00 1096.00
1545.00 1098.00
1286.00 1099.00
726.00 1105.00
1485.00 1110.00
1223.00 1115.00
1007.00 1117.00
1952.00 1120.00
1423.00 1124.00
88.00 1129.00
1720.00 1136.00
1363.00 1139.00
1670.00 1146.00
1311.00 1151.00
1777.00 1154.00
492.00 1157.00
943.00 1161.00
693.00 1174.00
1489.00 1175.00
207.00 1180.00
1949.00 1180.00
740.00 1188.00
1673.00 1193.00
1715.00 1194.00
1408.00 1211.00
1625.00 1213.00
348.00 1214.00
1824.00 1214.00
299.00 1215.00
1273.00 1233.00
1229.00 1234.00
741.00 1236.00
1146.00 1243.00
1828.00 1261.00
983.00 1262.00
2101.00 1263.00
304.00 1269.00
1050.00 1273.00
568.00 1278.00
1255.00 1278.00
1374.00 1288.00
1306.00 1290.00
1594.00 1301.00
1793.00 1311.00
338.00 1323.00
780.00 1330.00
617.00 1333.00
1120.00 1333.00
273.00 1337.00
1320.00 1339.00
1366.00 1348.00
2062.00 1353.00
1781.00 1355.00
724.00 1357.00
1426.00 1357.00
1634.00 1360.00
1191.00 1361.00
968.00 1363.00
455.00 1369.00
822.00 1370.00
1703.00 1374.00
505.00 1379.00
1877.00 1379.00
75.00 1385.00
1348.00 1391.00
2109.00 1391.00
623.00 1404.00
669.00 1404.00
1799.00 1407.00
1246.00 1412.00
160.00 1414.00
1726.00 1415.00
1186.00 1425.00
765.00 1427.00
1102.00 1433.00
1595.00 1433.00
1532.00 1438.00
2130.00 1453.00
722.00 1456.00
1381.00 1459.00
1682.00 1460.00
2072.00 1461.00
1059.00 1465.00
1143.00 1467.00
862.00 1471.00
1100.00 1474.00
1269.00 1480.00
906.00 1487.00
1945.00 1489.00
1600.00 1503.00
1510.00 1511.00
837.00 1512.00
643.00 1513.00
1989.00 1514.00
1873.00 1515.00
1447.00 1517.00
1384.00 1525.00
1687.00 1525.00
268.00 1526.00
1729.00 1526.00
962.00 1528.00
1330.00 1531.00
893.00 1538.00
2138.00 1540.00
1227.00 1541.00
1975.00 1557.00
1156.00 1570.00
1889.00 1570.00
385.00 1574.00
1515.00 1576.00
1388.00 1588.00
2033.00 1597.00
1215.00 1607.00
1451.00 1609.00
903.00 1610.00
1599.00 1621.00
1046.00 1626.00
1264.00 1626.00
2026.00 1641.00
942.00 1657.00
1295.00 1674.00
1120.00 1680.00
1773.00 1686.00
2061.00 1693.00
615.00 1696.00
1962.00 1705.00
938.00 1712.00
1658.00 1726.00
2084.00 1739.00
1834.00 1751.00
1882.00 1764.00
1774.00 1769.00
2013.00 1772.00
2073.00 1795.00
1351.00 1811.00
1672.00 1813.00
1634.00 1860.00
1778.00 1866.00
1728.00 1869.00
1836.00 1881.00
1680.00 1884.00
1485.00 1886.00
1171.00 1889.00
1101.00 1891.00
977.00 1896.00
1407.00 1951.00
1544.00 1984.00
1492.00 1997.00
1301.00 2003.00
1656.00 2032.00
1483.00 2038.00
1818.00 2045.00
1549.00 2052.00
1563.00 2198.00
2042.00 2289.00
1532.00 2293.00
1714.00 2299.00
2021.00 2337.00
1596.00 2359.00
1422.00 2452.00
1591.00 2555.00
