1310.00 217.00
1194.00 232.00
1271.00 277.00
1889.00 358.00
1240.00 378.00
1114.00 403.00
2061.00 408.00
1344.00 438.00
509.00 469.00
718.00 520.00
1012.00 546.00
1060.00 583.00
1107.00 599.00
563.00 600.00
1185.00 653.00
1335.00 674.00
1186.00 694.00
443.00 720.00
375.00 736.00
571.00 782.00
1532.00 791.00
685.00 804.00
1975.00 881.00
467.00 944.00
1371.00 952.00
1148.00 961.00
698.00 991.00
2133.00 1001.00
1703.00 1015.00
828.00 1018.00
1355.00 1028.00
1413.00 1031.00
888.00 1043.00
1520.00 1043.00
1473.00 1045.00
742.00 1054.00
1564.00 1064.00
453.00 1079.00
1415.00 1081.00
1156.00 1084.00
1264.00 1084.00
525.00 1091.00
1831.00 1112.00
1712.00 1122.00
931.00 1129.00
1416.00 1129.00
2081.00 1133.00
1074.00 1140.00
1753.00 1140.00
722.00 1147.00
853.00 1151.00
1861.00 1164.00
1138.00 1178.00
1724.00 1182.00
1324.00 1188.00
918.00 1190.00
606.00 1198.00
801.00 1199.00
1594.00 1207.00
1480.00 1210.00
1419.00 1224.00
553.00 1248.00
373.00 1259.00
1421.00 1272.00
630.00 1275.00
1990.00 1279.00
1756.00 1281.00
1946.00 1282.00
1059.00 1292.00
1882.00 1293.00
790.00 1296.00
544.00 1301.00
392.00 1303.00
1014.00 1304.00
897.00 1310.00
1423.00 1318.00
1599.00 1320.00
1532.00 1322.00
1776.00 1326.00
2133.00 1328.00
557.00 1350.00
961.00 1351.00
1464.00 1360.00
1238.00 1362.00
504.00 1365.00
2090.00 1369.00
1715.00 1378.00
1625.00 1382.00
741.00 1385.00
1841.00 1389.00
2043.00 1394.00
1238.00 1404.00
1005.00 1405.00
1967.00 1406.00
1382.00 1407.00
859.00 1408.00
461.00 1410.00
1059.00 1411.00
1513.00 1413.00
804.00 1418.00
601.00 1433.00
1872.00 1439.00
681.00 1441.00
855.00 1450.00
1951.00 1452.00
391.00 1454.00
1005.00 1457.00
2051.00 1459.00
1540.00 1463.00
1767.00 1473.00
1063.00 1474.00
1651.00 1475.00
617.00 1481.00
1712.00 1483.00
724.00 1485.00
1109.00 1502.00
1586.00 1504.00
834.00 1505.00
1156.00 1506.00
903.00 1513.00
1784.00 1518.00
984.00 1524.00
1125.00 1554.00
1578.00 1558.00
1184.00 1562.00
1385.00 1562.00
984.00 1578.00
1038.00 1598.00
440.00 1600.00
1319.00 1616.00
897.00 1630.00
1619.00 1635.00
939.00 1637.00
1039.00 1647.00
853.00 1653.00
2110.00 1660.00
1541.00 1668.00
1191.00 1669.00
1090.00 1672.00
1370.00 1687.00
1248.00 1694.00
1441.00 1720.00
1175.00 1727.00
900.00 1738.00
942.00 1773.00
1212.00 1790.00
1558.00 1795.00
1046.00 2010.00
941.00 2100.00
1107.00 2203.00
1355.00 2236.00
1449.00 2248.00
1822.00 2249.00
1693.00 2333.00
1154.00 2361.00
1696.00 2375.00
1230.00 2398.00
1702.00 2443.00
1904.00 2499.00
924.00 2543.00
1675.00 2546.00
