955.00 551.00
567.00 569.00
1393.00 612.00
1947.00 652.00
1168.00 725.00
670.00 868.00
2009.00 874.00
893.00 963.00
598.00 973.00
1401.00 977.00
653.00 994.00
895.00 1004.00
419.00 1012.00
629.00 1037.00
817.00 1045.00
395.00 1058.00
489.00 1065.00
540.00 1077.00
985.00 1080.00
747.00 1088.00
2087.00 1096.00
611.00 1097.00
1679.00 1139.00
390.00 1152.00
2036.00 1157.00
1447.00 1201.00
858.00 1203.00
644.00 1204.00
766.00 1204.00
1240.00 1210.00
2041.00 1247.00
1961.00 1251.00
555.00 1276.00
676.00 1322.00
632.00 1350.00
2043.00 1351.00
707.00 1365.00
1788.00 1391.00
698.00 1407.00
1322.00 1410.00
2013.00 1427.00
1551.00 1428.00
1795.00 1433.00
404.00 1472.00
1970.00 1480.00
1150.00 1515.00
1972.00 1523.00
289.00 1526.00
1164.00 1568.00
1972.00 1573.00
1034.00 1578.00
916.00 1585.00
828.00 1626.00
553.00 1683.00
1092.00 1735.00
587.00 1779.00
1232.00 1799.00
923.00 1840.00
1330.00 1855.00
1418.00 1887.00
589.00 1888.00
965.00 1903.00
824.00 2009.00
718.00 2021.00
1570.00 2035.00
928.00 2098.00
1307.00 2125.00
943.00 2149.00
1127.00 2159.00
884.00 2185.00
1382.00 2219.00
1118.00 2226.00
945.00 2289.00
1239.00 2296.00
