1696.00 101.00
1503.00 394.00
1249.00 407.00
2031.00 414.00
2128.00 444.00
1693.00 472.00
1769.00 524.00
697.00 550.00
1348.00 585.00
2079.00 596.00
2035.00 605.00
1234.00 623.00
1900.00 644.00
1177.00 660.00
1836.00 663.00
1551.00 664.00
2101.00 679.00
288.00 708.00
1907.00 754.00
19.00 756.00
284.00 761.00
1144.00 775.00
43.00 811.00
901.00 823.00
610.00 829.00
40.00 867.00
635.00 876.00
408.00 936.00
1834.00 972.00
521.00 979.00
1931.00 994.00
1560.00 995.00
1374.00 997.00
1885.00 1005.00
1832.00 1017.00
12.00 1021.00
1233.00 1035.00
1474.00 1037.00
1601.00 1055.00
1476.00 1079.00
1289.00 1080.00
1140.00 1093.00
1097.00 1100.00
502.00 1122.00
844.00 1129.00
991.00 1144.00
1430.00 1151.00
2140.00 1152.00
1886.00 1169.00
1989.00 1177.00
869.00 1184.00
2030.00 1190.00
787.00 1201.00
1636.00 1233.00
1686.00 1242.00
1122.00 1254.00
1398.00 1262.00
839.00 1263.00
786.00 1285.00
1041.00 1296.00
2065.00 1304.00
1413.00 1310.00
1089.00 1322.00
973.00 1324.00
1022.00 1341.00
1383.00 1359.00
1678.00 1370.00
1139.00 1374.00
870.00 1375.00
1728.00 1390.00
785.00 1391.00
1090.00 1394.00
1631.00 1415.00
1559.00 1448.00
1046.00 1450.00
1221.00 1453.00
1177.00 1459.00
1130.00 1472.00
1255.00 1511.00
1315.00 1530.00
1782.00 1543.00
1510.00 1574.00
2139.00 1581.00
1558.00 1597.00
1458.00 1671.00
1518.00 1818.00
1690.00 1900.00
1620.00 1907.00
1469.00 1937.00
1242.00 2019.00
1397.00 2024.00
981.00 2108.00
1540.00 2141.00
1348.00 2166.00
1464.00 2222.00
1549.00 2311.00
527.00 2324.00
1775.00 2328.00
111.00 2413.00
1873.00 2428.00
1559.00 2483.00
1808.00 2500.00
1710.00 2507.00
2008.00 2524.00
1781.00 2567.00
1950.00 2612.00
2146.00 2640.00
1768.00 2642.00
1373.00 2678.00
1769.00 2708.00
1998.00 2744.00
