525.00 422.00
1587.00 543.00
2143.00 549.00
1396.00 578.00
1499.00 589.00
1119.00 629.00
1981.00 638.00
1176.00 640.00
1024.00 673.00
1347.00 685.00
921.00 686.00
1533.00 711.00
1115.00 713.00
772.00 714.00
1026.00 743.00
1331.00 744.00
1117.00 756.00
712.00 800.00
1548.00 821.00
531.00 833.00
1755.00 845.00
573.00 859.00
1328.00 872.00
1421.00 877.00
1159.00 882.00
1076.00 888.00
1554.00 906.00
1741.00 915.00
1332.00 919.00
649.00 920.00
996.00 941.00
936.00 948.00
1125.00 959.00
882.00 965.00
673.00 969.00
1279.00 984.00
1425.00 993.00
1735.00 995.00
1049.00 999.00
1367.00 1015.00
1326.00 1018.00
962.00 1037.00
1431.00 1042.00
1639.00 1055.00
1680.00 1062.00
1340.00 1080.00
2030.00 1097.00
1561.00 1102.00
865.00 1111.00
2143.00 1111.00
1351.00 1130.00
1304.00 1138.00
1563.00 1151.00
956.00 1154.00
1703.00 1159.00
1353.00 1178.00
1305.00 1183.00
625.00 1191.00
1194.00 1196.00
1139.00 1203.00
966.00 1212.00
1303.00 1229.00
878.00 1231.00
1196.00 1240.00
601.00 1243.00
670.00 1253.00
1107.00 1256.00
1060.00 1262.00
712.00 1282.00
1713.00 1283.00
1262.00 1284.00
1943.00 1290.00
818.00 1295.00
876.00 1313.00
934.00 1325.00
996.00 1329.00
1403.00 1343.00
1125.00 1350.00
697.00 1359.00
1951.00 1365.00
744.00 1369.00
2042.00 1371.00
1839.00 1385.00
652.00 1388.00
1886.00 1447.00
1985.00 1453.00
2113.00 1474.00
2130.00 1525.00
1756.00 1548.00
2028.00 1590.00
2096.00 1596.00
1798.00 1657.00
2050.00 1668.00
1860.00 1688.00
1967.00 1705.00
1912.00 1707.00
734.00 1771.00
1176.00 2511.00
