1973.00 490.00
1665.00 509.00
927.00 514.00
1302.00 545.00
929.00 609.00
1662.00 663.00
1938.00 666.00
1538.00 678.00
1401.00 679.00
1324.00 698.00
1888.00 701.00
948.00 706.00
1242.00 712.00
1560.00 727.00
1632.00 741.00
1351.00 742.00
1707.00 750.00
1799.00 756.00
996.00 757.00
1507.00 763.00
1999.00 769.00
1085.00 776.00
1462.00 778.00
1895.00 778.00
1538.00 810.00
1631.00 811.00
1266.00 819.00
1583.00 820.00
1830.00 820.00
1087.00 823.00
1906.00 823.00
1488.00 832.00
1971.00 841.00
1685.00 864.00
942.00 872.00
1906.00 877.00
1044.00 880.00
1576.00 886.00
1433.00 889.00
1858.00 904.00
1656.00 906.00
1532.00 911.00
1755.00 922.00
1940.00 923.00
893.00 929.00
1020.00 953.00
2015.00 954.00
1707.00 966.00
1304.00 983.00
1520.00 985.00
1966.00 998.00
1764.00 1002.00
1647.00 1006.00
1889.00 1007.00
1719.00 1018.00
1425.00 1019.00
1547.00 1030.00
1466.00 1048.00
1629.00 1048.00
1810.00 1074.00
1255.00 1076.00
1550.00 1076.00
1390.00 1077.00
1349.00 1082.00
2078.00 1084.00
1434.00 1093.00
1303.00 1103.00
1116.00 1116.00
1510.00 1127.00
2088.00 1127.00
2033.00 1131.00
1188.00 1139.00
1905.00 1147.00
940.00 1167.00
2021.00 1178.00
1342.00 1179.00
1547.00 1192.00
1414.00 1193.00
1273.00 1196.00
1874.00 1205.00
1359.00 1224.00
1771.00 1225.00
1423.00 1237.00
1692.00 1240.00
1764.00 1272.00
1301.00 1273.00
729.00 1275.00
1917.00 1275.00
1386.00 1278.00
2047.00 1278.00
1491.00 1280.00
1442.00 1290.00
1876.00 1290.00
1538.00 1305.00
1344.00 1310.00
2130.00 1329.00
1415.00 1341.00
1996.00 1342.00
1699.00 1350.00
1905.00 1350.00
1204.00 1353.00
1265.00 1379.00
722.00 1390.00
1393.00 1399.00
1310.00 1402.00
1675.00 1413.00
2049.00 1416.00
1555.00 1423.00
1861.00 1436.00
1451.00 1449.00
1774.00 1452.00
1971.00 1457.00
1495.00 1458.00
2071.00 1460.00
1614.00 1480.00
2026.00 1481.00
1268.00 1492.00
1427.00 1496.00
1766.00 1514.00
1515.00 1527.00
1013.00 1528.00
1710.00 1529.00
2025.00 1554.00
1648.00 1560.00
1908.00 1599.00
1991.00 1600.00
2080.00 1607.00
1805.00 1613.00
1530.00 1615.00
2034.00 1647.00
2084.00 1648.00
1860.00 1657.00
1292.00 1677.00
1706.00 1677.00
2118.00 1693.00
1456.00 1700.00
1564.00 1719.00
1787.00 1726.00
1883.00 1742.00
1743.00 1744.00
1499.00 1752.00
1918.00 1784.00
1967.00 1785.00
1467.00 1803.00
1271.00 1814.00
1521.00 1824.00
1680.00 1843.00
1638.00 1844.00
2062.00 1865.00
1358.00 1866.00
1442.00 1926.00
1687.00 1936.00
1394.00 1945.00
2137.00 1970.00
1972.00 1972.00
1644.00 1989.00
1802.00 2000.00
1511.00 2025.00
2080.00 2026.00
2080.00 2067.00
2000.00 2096.00
1545.00 2102.00
2129.00 2125.00
1546.00 2174.00
2124.00 2213.00
1765.00 2250.00
1567.00 2304.00
2091.00 2354.00
1868.00 2450.00
