954.00 48.00
136.00 179.00
1602.00 189.00
1554.00 230.00
592.00 307.00
416.00 324.00
486.00 349.00
545.00 350.00
622.00 380.00
68.00 389.00
412.00 402.00
344.00 429.00
832.00 450.00
898.00 476.00
660.00 483.00
510.00 489.00
520.00 531.00
799.00 531.00
363.00 574.00
657.00 582.00
263.00 583.00
798.00 593.00
517.00 629.00
635.00 641.00
266.00 648.00
1045.00 660.00
353.00 695.00
655.00 710.00
1188.00 772.00
437.00 797.00
560.00 849.00
251.00 881.00
506.00 886.00
187.00 890.00
750.00 912.00
559.00 927.00
920.00 943.00
687.00 991.00
1143.00 1012.00
373.00 1019.00
462.00 1023.00
241.00 1045.00
710.00 1072.00
1143.00 1072.00
609.00 1106.00
492.00 1114.00
1354.00 1120.00
238.00 1123.00
805.00 1142.00
96.00 1160.00
18.00 1162.00
1136.00 1171.00
600.00 1186.00
662.00 1196.00
412.00 1222.00
278.00 1234.00
176.00 1245.00
684.00 1256.00
230.00 1270.00
1138.00 1273.00
689.00 1299.00
125.00 1315.00
43.00 1320.00
834.00 1350.00
298.00 1366.00
170.00 1400.00
724.00 1402.00
818.00 1405.00
525.00 1426.00
468.00 1432.00
277.00 1448.00
221.00 1450.00
76.00 1463.00
119.00 1482.00
67.00 1533.00
99.00 1577.00
653.00 1765.00
197.00 1859.00
60.00 1942.00
57.00 2105.00
183.00 2121.00
582.00 2129.00
933.00 2141.00
183.00 2219.00
