726.00 31.00
761.00 72.00
1934.00 111.00
1822.00 254.00
969.00 451.00
1636.00 458.00
189.00 507.00
678.00 542.00
188.00 548.00
720.00 572.00
676.00 598.00
1827.00 640.00
277.00 648.00
1660.00 684.00
568.00 696.00
523.00 703.00
180.00 709.00
761.00 753.00
520.00 755.00
2026.00 776.00
175.00 780.00
1127.00 801.00
561.00 811.00
363.00 827.00
405.00 829.00
36.00 830.00
463.00 834.00
2063.00 840.00
617.00 852.00
196.00 869.00
512.00 903.00
288.00 907.00
720.00 934.00
769.00 941.00
1132.00 987.00
158.00 1001.00
387.00 1040.00
432.00 1046.00
479.00 1057.00
967.00 1167.00
853.00 1195.00
1168.00 1213.00
997.00 1226.00
827.00 1238.00
735.00 1239.00
1080.00 1274.00
1357.00 1276.00
1475.00 1282.00
1498.00 1334.00
1546.00 1338.00
1152.00 1361.00
1079.00 1395.00
1897.00 1536.00
1642.00 1547.00
1561.00 1823.00
1170.00 2003.00
1837.00 2011.00
1541.00 2024.00
1812.00 2056.00
1757.00 2059.00
1934.00 2064.00
1315.00 2087.00
1886.00 2100.00
1411.00 2107.00
1592.00 2137.00
1844.00 2137.00
1939.00 2148.00
1511.00 2186.00
1687.00 2240.00
1910.00 2242.00
1807.00 2245.00
1384.00 2295.00
1489.00 2302.00
1640.00 2379.00
1891.00 2436.00
1385.00 2449.00
1950.00 2450.00
1606.00 2487.00
