1397.00 371.00
1192.00 524.00
1071.00 618.00
541.00 620.00
30.00 664.00
9.00 705.00
50.00 744.00
1313.00 804.00
581.00 817.00
544.00 858.00
503.00 859.00
994.00 935.00
949.00 937.00
1049.00 949.00
461.00 959.00
149.00 965.00
1261.00 1010.00
67.00 1023.00
115.00 1032.00
1163.00 1040.00
804.00 1043.00
592.00 1051.00
648.00 1053.00
35.00 1070.00
1481.00 1084.00
1430.00 1104.00
343.00 1105.00
15.00 1113.00
1124.00 1118.00
70.00 1121.00
1013.00 1136.00
961.00 1137.00
176.00 1139.00
238.00 1151.00
684.00 1170.00
1333.00 1207.00
1286.00 1209.00
268.00 1217.00
1152.00 1272.00
1670.00 1280.00
1359.00 1281.00
97.00 1290.00
1494.00 1320.00
1213.00 1334.00
436.00 1336.00
211.00 1343.00
1414.00 1358.00
1159.00 1361.00
1497.00 1372.00
1553.00 1390.00
1031.00 1398.00
17.00 1408.00
1082.00 1409.00
60.00 1411.00
336.00 1413.00
1498.00 1427.00
390.00 1433.00
642.00 1463.00
768.00 1480.00
830.00 1493.00
298.00 1515.00
339.00 1532.00
766.00 1534.00
1059.00 1562.00
512.00 1563.00
814.00 1566.00
464.00 1633.00
679.00 1693.00
791.00 1745.00
81.00 1753.00
686.00 1767.00
1090.00 1822.00
644.00 1925.00
603.00 1937.00
307.00 2112.00
112.00 2207.00
