1282.00 616.00
1393.00 622.00
1944.00 694.00
2002.00 702.00
1005.00 965.00
1273.00 987.00
1354.00 987.00
640.00 988.00
887.00 991.00
1562.00 994.00
1637.00 1008.00
1810.00 1022.00
1250.00 1029.00
1420.00 1044.00
1067.00 1045.00
720.00 1053.00
1495.00 1053.00
2136.00 1058.00
1857.00 1080.00
1754.00 1111.00
2138.00 1150.00
693.00 1152.00
1706.00 1170.00
1639.00 1189.00
2142.00 1195.00
2072.00 1261.00
1750.00 1265.00
1606.00 1298.00
2117.00 1313.00
1560.00 1345.00
1896.00 1380.00
1696.00 1393.00
2088.00 1394.00
1438.00 1408.00
1565.00 1409.00
1754.00 1429.00
1634.00 1461.00
1691.00 1464.00
1299.00 1539.00
1562.00 1561.00
1271.00 1587.00
1637.00 1614.00
1430.00 1616.00
539.00 1707.00
1556.00 1831.00
1558.00 2130.00
1640.00 2162.00
