1014.00 404.00
845.00 441.00
757.00 468.00
1109.00 597.00
1018.00 657.00
1160.00 710.00
885.00 821.00
800.00 881.00
1247.00 939.00
909.00 953.00
1025.00 969.00
1115.00 988.00
1247.00 1010.00
1289.00 1017.00
1172.00 1044.00
896.00 1068.00
2009.00 1085.00
1774.00 1087.00
966.00 1095.00
1183.00 1103.00
966.00 1138.00
887.00 1152.00
1579.00 1155.00
764.00 1170.00
1028.00 1193.00
967.00 1200.00
1846.00 1247.00
789.00 1291.00
1040.00 1293.00
969.00 1299.00
1105.00 1302.00
1409.00 1359.00
1520.00 1379.00
1265.00 1385.00
965.00 1389.00
908.00 1400.00
1176.00 1407.00
1056.00 1414.00
1130.00 1420.00
899.00 1480.00
1119.00 1485.00
843.00 1486.00
1445.00 1516.00
1493.00 1519.00
1230.00 1522.00
936.00 1565.00
782.00 1568.00
1542.00 1572.00
1601.00 1592.00
1717.00 1595.00
1841.00 1600.00
795.00 1609.00
1344.00 1647.00
1452.00 1649.00
1580.00 1724.00
1236.00 1740.00
891.00 1791.00
840.00 1795.00
1722.00 1813.00
1166.00 1814.00
1018.00 1819.00
1216.00 1837.00
1561.00 1850.00
964.00 1882.00
1418.00 1889.00
1483.00 1890.00
1598.00 1891.00
1552.00 1906.00
1423.00 1933.00
1479.00 1936.00
1593.00 1938.00
936.00 1945.00
749.00 1947.00
1171.00 2018.00
1291.00 2038.00
1077.00 2051.00
1388.00 2078.00
1237.00 2123.00
1512.00 2124.00
1024.00 2133.00
1612.00 2134.00
958.00 2140.00
1017.00 2174.00
1724.00 2204.00
1421.00 2213.00
1254.00 2219.00
959.00 2232.00
1045.00 2299.00
1277.00 2338.00
1458.00 2345.00
1714.00 2354.00
1784.00 2355.00
1691.00 2417.00
1464.00 2424.00
1047.00 2432.00
1951.00 2473.00
1176.00 2483.00
1046.00 2485.00
1465.00 2489.00
1326.00 2496.00
1047.00 2532.00
1049.00 2584.00
1517.00 2621.00
1428.00 2651.00
1565.00 2718.00
1318.00 2784.00
