568.00 537.00
842.00 567.00
420.00 580.00
744.00 619.00
859.00 624.00
1457.00 682.00
1860.00 746.00
838.00 757.00
1130.00 777.00
822.00 810.00
2094.00 846.00
930.00 861.00
1313.00 907.00
2096.00 908.00
1037.00 916.00
1802.00 932.00
2043.00 936.00
1859.00 952.00
936.00 967.00
1959.00 1002.00
1452.00 1005.00
1507.00 1050.00
1808.00 1085.00
1873.00 1127.00
1420.00 1132.00
1758.00 1145.00
1277.00 1159.00
1652.00 1197.00
2035.00 1202.00
934.00 1226.00
1388.00 1258.00
1337.00 1273.00
1822.00 1273.00
1431.00 1404.00
1333.00 1413.00
1305.00 1480.00
887.00 2345.00
941.00 2421.00
647.00 2523.00
21.00 2638.00
