603.00 390.00
696.00 403.00
630.00 446.00
1235.00 448.00
1197.00 498.00
1283.00 515.00
1206.00 559.00
1606.00 562.00
1272.00 588.00
1273.00 633.00
1615.00 756.00
798.00 769.00
1261.00 769.00
1206.00 781.00
347.00 803.00
452.00 829.00
2097.00 847.00
832.00 855.00
1912.00 874.00
802.00 898.00
1620.00 937.00
244.00 946.00
1900.00 970.00
496.00 991.00
1299.00 1001.00
1248.00 1003.00
1393.00 1033.00
1625.00 1034.00
154.00 1053.00
1321.00 1062.00
992.00 1072.00
1398.00 1081.00
2040.00 1084.00
351.00 1103.00
1458.00 1128.00
419.00 1129.00
1256.00 1135.00
1136.00 1137.00
90.00 1139.00
1547.00 1142.00
2092.00 1142.00
994.00 1150.00
490.00 1165.00
347.00 1174.00
1472.00 1177.00
551.00 1187.00
851.00 1188.00
417.00 1197.00
22.00 1205.00
1428.00 1226.00
637.00 1227.00
685.00 1236.00
479.00 1237.00
279.00 1242.00
733.00 1244.00
1636.00 1253.00
234.00 1269.00
412.00 1279.00
1404.00 1285.00
1575.00 1286.00
1707.00 1292.00
1815.00 1293.00
1872.00 1293.00
2014.00 1296.00
302.00 1299.00
1080.00 1305.00
551.00 1309.00
1132.00 1314.00
59.00 1318.00
1756.00 1320.00
346.00 1321.00
1629.00 1326.00
1204.00 1340.00
1673.00 1354.00
1799.00 1357.00
519.00 1369.00
1757.00 1371.00
281.00 1381.00
560.00 1387.00
663.00 1388.00
1251.00 1393.00
884.00 1403.00
1594.00 1403.00
420.00 1404.00
1837.00 1405.00
66.00 1411.00
797.00 1418.00
729.00 1423.00
557.00 1429.00
992.00 1442.00
905.00 1444.00
60.00 1459.00
386.00 1460.00
172.00 1469.00
278.00 1475.00
727.00 1483.00
768.00 1485.00
1350.00 1486.00
323.00 1489.00
10.00 1495.00
1568.00 1495.00
657.00 1508.00
169.00 1511.00
227.00 1518.00
1629.00 1532.00
1081.00 1540.00
884.00 1549.00
66.00 1557.00
2024.00 1559.00
348.00 1560.00
1252.00 1576.00
793.00 1580.00
2112.00 1581.00
1205.00 1583.00
1009.00 1590.00
1918.00 1625.00
835.00 1627.00
1125.00 1632.00
720.00 1639.00
1609.00 1643.00
264.00 1670.00
1092.00 1673.00
793.00 1697.00
1755.00 1698.00
2103.00 1745.00
1531.00 1820.00
1833.00 1836.00
735.00 1841.00
314.00 1843.00
2144.00 1860.00
618.00 1903.00
1675.00 1925.00
1239.00 1940.00
400.00 1944.00
1630.00 1979.00
1385.00 2056.00
1438.00 2065.00
1733.00 2067.00
1530.00 2121.00
896.00 2126.00
1733.00 2128.00
1844.00 2141.00
504.00 2181.00
951.00 2247.00
364.00 2250.00
522.00 2257.00
1192.00 2271.00
1535.00 2272.00
809.00 2279.00
632.00 2302.00
746.00 2306.00
999.00 2341.00
751.00 2348.00
510.00 2363.00
1083.00 2369.00
1441.00 2371.00
398.00 2374.00
897.00 2391.00
1194.00 2406.00
1260.00 2428.00
670.00 2445.00
1353.00 2458.00
43.00 2474.00
743.00 2481.00
1950.00 2503.00
434.00 2505.00
1559.00 2526.00
763.00 2554.00
157.00 2581.00
