1790.00 744.00
2139.00 775.00
1843.00 816.00
1688.00 829.00
1733.00 883.00
1852.00 929.00
1855.00 997.00
1799.00 1026.00
1952.00 1046.00
1247.00 1086.00
1991.00 1092.00
1869.00 1141.00
1663.00 1192.00
1310.00 1200.00
1553.00 1212.00
2092.00 1216.00
1935.00 1241.00
1767.00 1265.00
1644.00 1354.00
1082.00 1372.00
2133.00 1387.00
2118.00 1429.00
1583.00 1440.00
1629.00 1461.00
1499.00 1465.00
1312.00 1480.00
2126.00 1503.00
2009.00 1589.00
1572.00 1601.00
1916.00 1666.00
1806.00 1759.00
2091.00 1841.00
1807.00 1842.00
1818.00 1905.00
1942.00 1962.00
1829.00 1980.00
1503.00 1999.00
