934.00 17.00
1211.00 129.00
974.00 127.00
811.00 76.00
862.00 178.00
958.00 238.00
956.00 296.00
911.00 320.00
1014.00 358.00
414.00 298.00
1050.00 443.00
955.00 423.00
803.00 456.00
432.00 383.00
679.00 433.00
1098.00 555.00
956.00 557.00
862.00 496.00
751.00 552.00
232.00 575.00
1147.00 694.00
1101.00 725.00
683.00 662.00
777.00 689.00
603.00 676.00
449.00 703.00
1102.00 783.00
1025.00 840.00
657.00 808.00
952.00 885.00
850.00 963.00
1073.00 1031.00
844.00 1037.00
848.00 1116.00
950.00 1080.00
850.00 1161.00
493.00 1195.00
