381.00 12.00
503.00 54.00
1992.00 41.00
100.00 122.00
1529.00 58.00
847.00 112.00
1337.00 92.00
664.00 128.00
1189.00 118.00
795.00 152.00
1532.00 118.00
440.00 191.00
1329.00 152.00
983.00 199.00
1067.00 196.00
1452.00 171.00
1731.00 158.00
1563.00 177.00
462.00 247.00
201.00 292.00
338.00 268.00
1454.00 212.00
583.00 276.00
1158.00 280.00
461.00 296.00
1071.00 272.00
54.00 317.00
406.00 305.00
700.00 290.00
365.00 312.00
1301.00 273.00
1015.00 311.00
1740.00 266.00
1463.00 338.00
1192.00 321.00
457.00 376.00
1584.00 288.00
743.00 340.00
239.00 363.00
127.00 379.00
874.00 351.00
367.00 405.00
298.00 399.00
1592.00 345.00
1932.00 350.00
1727.00 336.00
1191.00 364.00
1660.00 342.00
1110.00 381.00
743.00 392.00
182.00 443.00
1240.00 391.00
984.00 424.00
56.00 479.00
1312.00 425.00
739.00 455.00
1119.00 441.00
1820.00 416.00
1060.00 448.00
841.00 472.00
918.00 463.00
1198.00 465.00
1953.00 440.00
631.00 511.00
1583.00 463.00
356.00 517.00
736.00 516.00
1674.00 500.00
14.00 554.00
1163.00 531.00
496.00 539.00
1898.00 488.00
1590.00 511.00
1444.00 520.00
343.00 558.00
117.00 558.00
891.00 556.00
1357.00 527.00
239.00 583.00
644.00 576.00
1496.00 539.00
1969.00 565.00
1866.00 565.00
1556.00 584.00
1503.00 595.00
482.00 644.00
346.00 651.00
406.00 637.00
1409.00 614.00
168.00 660.00
676.00 657.00
1699.00 613.00
1658.00 637.00
1334.00 658.00
295.00 696.00
902.00 680.00
406.00 696.00
1840.00 659.00
1936.00 659.00
1091.00 694.00
178.00 723.00
495.00 729.00
1640.00 682.00
1496.00 722.00
310.00 751.00
1171.00 743.00
512.00 770.00
1754.00 773.00
1225.00 788.00
460.00 856.00
391.00 864.00
741.00 943.00
1086.00 957.00
1616.00 935.00
1674.00 935.00
1966.00 980.00
96.00 1132.00
1890.00 1188.00
1331.00 1245.00
1521.00 1254.00
1901.00 1271.00
1681.00 1263.00
818.00 1449.00
1548.00 1507.00
