1089.00 56.00
457.00 44.00
1156.00 50.00
1553.00 75.00
507.00 59.00
1281.00 99.00
1851.00 104.00
1077.00 111.00
1284.00 158.00
899.00 156.00
630.00 144.00
1023.00 170.00
920.00 229.00
608.00 201.00
1245.00 220.00
390.00 237.00
563.00 246.00
331.00 237.00
1170.00 261.00
661.00 252.00
606.00 256.00
797.00 303.00
897.00 313.00
1164.00 317.00
622.00 336.00
897.00 360.00
620.00 387.00
1634.00 402.00
1827.00 412.00
1680.00 461.00
830.00 464.00
191.00 464.00
719.00 462.00
776.00 453.00
595.00 507.00
967.00 510.00
378.00 519.00
186.00 533.00
1583.00 544.00
1240.00 553.00
1002.00 552.00
331.00 549.00
1841.00 567.00
1439.00 560.00
1304.00 582.00
1495.00 587.00
389.00 583.00
237.00 585.00
115.00 586.00
1569.00 619.00
472.00 620.00
288.00 608.00
727.00 634.00
1200.00 632.00
513.00 633.00
1093.00 639.00
220.00 633.00
1712.00 653.00
1152.00 658.00
1019.00 665.00
1910.00 623.00
234.00 695.00
1617.00 717.00
72.00 710.00
119.00 727.00
787.00 732.00
929.00 733.00
1674.00 735.00
1044.00 735.00
474.00 733.00
311.00 741.00
270.00 743.00
1224.00 751.00
858.00 753.00
992.00 754.00
223.00 765.00
753.00 776.00
376.00 803.00
174.00 802.00
1673.00 834.00
1154.00 804.00
1291.00 863.00
34.00 879.00
1931.00 885.00
298.00 917.00
399.00 925.00
166.00 936.00
13.00 941.00
234.00 949.00
348.00 944.00
1938.00 945.00
1749.00 946.00
938.00 962.00
850.00 972.00
674.00 984.00
530.00 1003.00
616.00 1003.00
318.00 1133.00
20.00 1115.00
110.00 1124.00
1759.00 1160.00
227.00 1176.00
344.00 1176.00
384.00 1238.00
567.00 1296.00
395.00 1296.00
888.00 1383.00
1104.00 1456.00
