439.00 15.00
1119.00 19.00
1233.00 10.00
326.00 38.00
110.00 39.00
527.00 52.00
477.00 94.00
1351.00 88.00
643.00 115.00
687.00 126.00
1008.00 131.00
1440.00 136.00
1265.00 137.00
1801.00 152.00
547.00 162.00
266.00 153.00
365.00 187.00
469.00 181.00
1419.00 182.00
278.00 202.00
593.00 200.00
1197.00 214.00
1950.00 186.00
54.00 215.00
432.00 239.00
895.00 248.00
1744.00 245.00
970.00 253.00
1573.00 261.00
1616.00 254.00
1207.00 265.00
1431.00 264.00
340.00 290.00
877.00 315.00
1732.00 286.00
268.00 314.00
1432.00 317.00
1279.00 319.00
812.00 341.00
1390.00 345.00
1486.00 337.00
396.00 368.00
1023.00 354.00
193.00 362.00
127.00 367.00
292.00 370.00
1392.00 386.00
1068.00 401.00
1007.00 400.00
1182.00 413.00
298.00 422.00
857.00 424.00
504.00 429.00
256.00 432.00
1490.00 425.00
555.00 434.00
1375.00 434.00
117.00 444.00
1511.00 468.00
76.00 440.00
686.00 453.00
1328.00 452.00
1185.00 459.00
18.00 462.00
810.00 474.00
1272.00 480.00
509.00 480.00
1395.00 500.00
1137.00 479.00
273.00 513.00
14.00 509.00
108.00 543.00
1458.00 511.00
335.00 517.00
397.00 519.00
457.00 521.00
551.00 525.00
615.00 524.00
180.00 528.00
937.00 556.00
1458.00 552.00
171.00 576.00
1409.00 580.00
327.00 598.00
1517.00 593.00
261.00 627.00
1139.00 639.00
966.00 680.00
24.00 668.00
194.00 692.00
1145.00 696.00
1215.00 724.00
1269.00 728.00
422.00 753.00
245.00 752.00
120.00 759.00
1333.00 773.00
1275.00 782.00
1160.00 812.00
404.00 825.00
1303.00 825.00
159.00 824.00
212.00 827.00
264.00 830.00
314.00 833.00
361.00 835.00
1240.00 837.00
1242.00 891.00
400.00 977.00
843.00 1443.00
