1578.00 23.00
1646.00 38.00
1495.00 31.00
1744.00 60.00
1170.00 29.00
1472.00 77.00
1185.00 76.00
1581.00 102.00
1629.00 137.00
1288.00 110.00
745.00 20.00
993.00 63.00
1504.00 155.00
1793.00 180.00
1752.00 197.00
401.00 26.00
1390.00 168.00
809.00 95.00
1459.00 218.00
1659.00 268.00
1606.00 264.00
1074.00 234.00
1583.00 305.00
531.00 182.00
783.00 221.00
1680.00 374.00
1105.00 290.00
511.00 250.00
1547.00 360.00
1474.00 347.00
1751.00 410.00
791.00 307.00
1191.00 345.00
1682.00 435.00
283.00 301.00
1536.00 417.00
1796.00 470.00
1378.00 415.00
615.00 336.00
838.00 367.00
1279.00 420.00
1699.00 479.00
1384.00 463.00
1625.00 485.00
1088.00 460.00
1847.00 554.00
1425.00 505.00
705.00 465.00
1497.00 520.00
509.00 458.00
1376.00 521.00
1129.00 516.00
1484.00 570.00
1424.00 577.00
1233.00 576.00
995.00 565.00
1683.00 648.00
1599.00 644.00
1267.00 642.00
1496.00 653.00
1827.00 675.00
1516.00 697.00
1646.00 696.00
1597.00 694.00
1574.00 816.00
1715.00 839.00
1619.00 814.00
1686.00 940.00
1586.00 955.00
1522.00 1005.00
1376.00 1209.00
