216.00 96.00
1344.00 27.00
1224.00 56.00
1544.00 14.00
1173.00 112.00
656.00 152.00
710.00 160.00
1239.00 127.00
1329.00 146.00
37.00 256.00
775.00 205.00
1570.00 153.00
1382.00 168.00
1111.00 184.00
431.00 248.00
146.00 279.00
490.00 260.00
225.00 311.00
309.00 278.00
1572.00 202.00
1455.00 231.00
1640.00 213.00
1374.00 243.00
355.00 328.00
1231.00 268.00
491.00 328.00
1552.00 264.00
1799.00 316.00
1295.00 375.00
1382.00 371.00
1037.00 391.00
1873.00 368.00
1616.00 368.00
1128.00 406.00
741.00 437.00
937.00 443.00
1512.00 418.00
165.00 502.00
762.00 478.00
2039.00 397.00
343.00 505.00
111.00 540.00
1389.00 484.00
153.00 543.00
267.00 545.00
573.00 512.00
1347.00 506.00
939.00 512.00
1243.00 498.00
1125.00 511.00
1513.00 499.00
1069.00 527.00
1792.00 496.00
29.00 585.00
1439.00 532.00
1214.00 547.00
737.00 545.00
262.00 607.00
1726.00 516.00
1084.00 589.00
1679.00 560.00
1860.00 552.00
1454.00 581.00
1401.00 587.00
1784.00 568.00
937.00 608.00
635.00 625.00
1729.00 569.00
1289.00 634.00
89.00 679.00
994.00 630.00
379.00 648.00
138.00 693.00
1560.00 618.00
1347.00 617.00
1896.00 621.00
1085.00 646.00
759.00 689.00
331.00 671.00
1452.00 652.00
229.00 713.00
1350.00 676.00
1612.00 659.00
1301.00 707.00
999.00 693.00
1853.00 658.00
1258.00 695.00
1534.00 697.00
352.00 733.00
417.00 736.00
1710.00 690.00
1578.00 711.00
1635.00 709.00
1454.00 730.00
1892.00 708.00
1155.00 735.00
178.00 780.00
935.00 732.00
1248.00 755.00
349.00 789.00
415.00 792.00
1138.00 813.00
1591.00 790.00
1542.00 784.00
1354.00 803.00
607.00 878.00
1303.00 813.00
219.00 863.00
1815.00 850.00
753.00 840.00
504.00 887.00
1684.00 873.00
1419.00 880.00
1289.00 881.00
306.00 936.00
199.00 931.00
111.00 951.00
250.00 933.00
1046.00 991.00
69.00 983.00
633.00 1003.00
727.00 1009.00
112.00 1051.00
669.00 1082.00
353.00 1102.00
151.00 1106.00
351.00 1149.00
399.00 1149.00
450.00 1149.00
147.00 1153.00
92.00 1155.00
199.00 1153.00
398.00 1194.00
451.00 1195.00
193.00 1200.00
344.00 1199.00
142.00 1202.00
86.00 1204.00
439.00 1241.00
343.00 1245.00
137.00 1252.00
86.00 1254.00
447.00 1288.00
392.00 1291.00
342.00 1293.00
189.00 1299.00
134.00 1302.00
82.00 1304.00
437.00 1336.00
385.00 1338.00
339.00 1340.00
237.00 1345.00
183.00 1349.00
130.00 1350.00
855.00 1380.00
930.00 1418.00
851.00 1490.00
743.00 1495.00
600.00 1501.00
90.00 1506.00
