1226.00 163.00
975.00 143.00
729.00 128.00
550.00 71.00
1043.00 225.00
623.00 109.00
229.00 40.00
664.00 177.00
967.00 250.00
1240.00 311.00
802.00 248.00
416.00 198.00
1132.00 360.00
104.00 119.00
1224.00 414.00
670.00 232.00
961.00 331.00
1075.00 416.00
782.00 339.00
648.00 312.00
209.00 249.00
628.00 380.00
436.00 332.00
167.00 280.00
8.00 255.00
751.00 398.00
960.00 445.00
1019.00 474.00
1079.00 489.00
877.00 444.00
710.00 415.00
1163.00 507.00
925.00 488.00
492.00 407.00
163.00 358.00
771.00 470.00
876.00 505.00
965.00 550.00
208.00 399.00
551.00 456.00
399.00 416.00
699.00 487.00
923.00 564.00
1019.00 550.00
656.00 482.00
252.00 440.00
1163.00 596.00
875.00 581.00
578.00 523.00
1233.00 644.00
1001.00 596.00
35.00 464.00
809.00 577.00
383.00 521.00
1164.00 640.00
233.00 502.00
755.00 607.00
710.00 606.00
446.00 573.00
641.00 607.00
176.00 576.00
873.00 657.00
520.00 639.00
747.00 680.00
684.00 680.00
172.00 626.00
623.00 679.00
386.00 667.00
873.00 702.00
563.00 692.00
499.00 693.00
957.00 763.00
1014.00 763.00
914.00 750.00
143.00 689.00
425.00 725.00
535.00 738.00
872.00 760.00
278.00 711.00
380.00 719.00
788.00 773.00
732.00 773.00
472.00 769.00
584.00 783.00
532.00 789.00
871.00 824.00
274.00 765.00
1097.00 846.00
224.00 782.00
407.00 792.00
766.00 818.00
700.00 852.00
270.00 820.00
182.00 822.00
640.00 852.00
488.00 846.00
152.00 865.00
1111.00 957.00
936.00 984.00
1022.00 1018.00
867.00 1033.00
374.00 1060.00
773.00 1096.00
717.00 1341.00
854.00 1355.00
791.00 1407.00
895.00 1416.00
758.00 1511.00
