1159.00 112.00
926.00 161.00
1241.00 134.00
663.00 159.00
609.00 185.00
999.00 168.00
1050.00 182.00
1607.00 163.00
1125.00 190.00
1173.00 205.00
943.00 239.00
1127.00 239.00
799.00 282.00
943.00 301.00
1076.00 296.00
1510.00 317.00
1050.00 350.00
1712.00 310.00
1175.00 367.00
1266.00 388.00
1023.00 393.00
941.00 390.00
1327.00 401.00
1102.00 386.00
1233.00 452.00
1368.00 440.00
1076.00 467.00
1024.00 470.00
935.00 473.00
856.00 497.00
798.00 504.00
1334.00 506.00
775.00 561.00
636.00 572.00
996.00 525.00
1434.00 554.00
725.00 594.00
921.00 575.00
968.00 594.00
1462.00 612.00
1153.00 631.00
920.00 627.00
1226.00 674.00
1626.00 670.00
1178.00 681.00
781.00 696.00
1103.00 710.00
1490.00 687.00
1563.00 686.00
1934.00 624.00
533.00 714.00
492.00 719.00
994.00 711.00
643.00 722.00
694.00 721.00
448.00 756.00
779.00 737.00
918.00 768.00
1102.00 758.00
416.00 812.00
681.00 781.00
605.00 791.00
1540.00 789.00
776.00 788.00
1023.00 788.00
697.00 842.00
760.00 846.00
809.00 848.00
918.00 874.00
1024.00 853.00
771.00 905.00
647.00 899.00
435.00 921.00
694.00 925.00
993.00 903.00
1929.00 916.00
1039.00 944.00
398.00 966.00
993.00 971.00
693.00 980.00
1021.00 1025.00
718.00 1039.00
468.00 1156.00
931.00 1218.00
