1654.00 16.00
1790.00 60.00
1143.00 32.00
1722.00 73.00
837.00 27.00
1039.00 73.00
532.00 35.00
486.00 36.00
1167.00 96.00
1701.00 184.00
641.00 65.00
264.00 41.00
205.00 36.00
862.00 126.00
1596.00 198.00
1271.00 162.00
524.00 105.00
574.00 113.00
683.00 129.00
1322.00 223.00
1006.00 155.00
628.00 131.00
322.00 110.00
949.00 154.00
807.00 163.00
882.00 207.00
1111.00 208.00
1659.00 280.00
667.00 187.00
1724.00 290.00
765.00 210.00
976.00 227.00
1151.00 282.00
1611.00 312.00
708.00 210.00
412.00 218.00
1200.00 288.00
1776.00 311.00
767.00 255.00
1387.00 292.00
950.00 270.00
583.00 257.00
1047.00 320.00
999.00 327.00
464.00 282.00
882.00 313.00
580.00 318.00
699.00 300.00
934.00 337.00
1161.00 348.00
841.00 351.00
477.00 343.00
1007.00 383.00
1687.00 423.00
1534.00 413.00
695.00 388.00
322.00 366.00
518.00 375.00
1307.00 428.00
1088.00 435.00
935.00 420.00
1737.00 458.00
854.00 424.00
1599.00 487.00
638.00 424.00
416.00 439.00
304.00 439.00
718.00 447.00
231.00 440.00
1242.00 472.00
184.00 407.00
1495.00 512.00
964.00 495.00
1207.00 543.00
1267.00 525.00
717.00 506.00
206.00 520.00
1127.00 535.00
868.00 531.00
343.00 488.00
1039.00 560.00
1399.00 556.00
951.00 551.00
781.00 542.00
1472.00 575.00
671.00 557.00
1185.00 584.00
1539.00 600.00
882.00 579.00
544.00 569.00
302.00 566.00
499.00 568.00
402.00 567.00
1407.00 603.00
261.00 565.00
198.00 565.00
1711.00 625.00
1264.00 616.00
848.00 627.00
1187.00 655.00
662.00 619.00
727.00 620.00
542.00 622.00
779.00 628.00
1315.00 654.00
1561.00 655.00
1486.00 653.00
475.00 630.00
363.00 628.00
1592.00 711.00
910.00 670.00
1249.00 696.00
746.00 671.00
407.00 676.00
1413.00 708.00
314.00 674.00
1363.00 707.00
1506.00 709.00
210.00 690.00
1614.00 752.00
1294.00 729.00
650.00 716.00
973.00 725.00
1016.00 726.00
756.00 713.00
1119.00 726.00
1173.00 712.00
1250.00 739.00
711.00 741.00
185.00 736.00
292.00 734.00
1071.00 777.00
1328.00 804.00
333.00 768.00
1023.00 777.00
1168.00 791.00
786.00 776.00
638.00 782.00
484.00 784.00
559.00 788.00
1658.00 816.00
289.00 782.00
1275.00 804.00
1055.00 823.00
1372.00 845.00
807.00 840.00
1673.00 863.00
1735.00 868.00
556.00 878.00
655.00 839.00
282.00 871.00
1496.00 885.00
741.00 893.00
1170.00 909.00
1414.00 898.00
382.00 909.00
314.00 921.00
1138.00 960.00
398.00 967.00
668.00 979.00
1422.00 988.00
543.00 973.00
1713.00 1007.00
728.00 996.00
134.00 1046.00
679.00 1032.00
731.00 1042.00
466.00 1041.00
209.00 985.00
295.00 1041.00
299.00 1102.00
141.00 1161.00
1361.00 1138.00
1253.00 1167.00
1559.00 1147.00
570.00 1172.00
197.00 1124.00
501.00 1199.00
571.00 1223.00
415.00 1219.00
736.00 1262.00
568.00 1288.00
1481.00 1260.00
664.00 1297.00
497.00 1294.00
393.00 1313.00
208.00 1344.00
263.00 1317.00
303.00 1375.00
1558.00 1331.00
16.00 1522.00
