585.00 55.00
880.00 56.00
454.00 60.00
1487.00 31.00
1025.00 63.00
162.00 48.00
41.00 73.00
647.00 84.00
519.00 70.00
1233.00 88.00
335.00 70.00
696.00 81.00
1167.00 95.00
1496.00 80.00
1551.00 120.00
1303.00 108.00
1023.00 111.00
647.00 160.00
755.00 141.00
858.00 143.00
576.00 167.00
127.00 168.00
1520.00 180.00
688.00 162.00
12.00 169.00
431.00 175.00
378.00 195.00
1479.00 200.00
181.00 228.00
1320.00 226.00
1846.00 238.00
1797.00 222.00
375.00 264.00
1737.00 232.00
1544.00 271.00
1257.00 272.00
1416.00 264.00
274.00 276.00
224.00 275.00
871.00 263.00
103.00 318.00
543.00 368.00
1363.00 334.00
367.00 346.00
1517.00 343.00
483.00 368.00
591.00 381.00
408.00 401.00
1431.00 398.00
651.00 386.00
1255.00 389.00
729.00 388.00
1136.00 397.00
1181.00 401.00
1848.00 416.00
975.00 439.00
1455.00 460.00
878.00 463.00
1626.00 459.00
776.00 479.00
66.00 496.00
144.00 498.00
259.00 499.00
389.00 504.00
700.00 517.00
766.00 520.00
840.00 521.00
898.00 523.00
312.00 517.00
1126.00 528.00
1350.00 540.00
143.00 592.00
959.00 584.00
457.00 575.00
287.00 594.00
1892.00 563.00
1986.00 569.00
1297.00 591.00
382.00 614.00
1711.00 599.00
1393.00 592.00
699.00 605.00
751.00 598.00
1018.00 610.00
167.00 639.00
1059.00 612.00
475.00 636.00
798.00 618.00
340.00 638.00
433.00 652.00
962.00 636.00
1491.00 612.00
652.00 631.00
1757.00 627.00
1370.00 635.00
1714.00 640.00
1554.00 635.00
1134.00 615.00
962.00 685.00
1662.00 660.00
578.00 671.00
1494.00 666.00
1792.00 668.00
796.00 681.00
54.00 699.00
454.00 700.00
690.00 694.00
1717.00 686.00
358.00 727.00
1419.00 698.00
1333.00 698.00
1867.00 700.00
1266.00 697.00
1641.00 728.00
113.00 728.00
784.00 727.00
1774.00 728.00
172.00 757.00
1016.00 730.00
298.00 761.00
516.00 745.00
1494.00 738.00
1994.00 752.00
1347.00 745.00
1889.00 757.00
860.00 757.00
1228.00 764.00
106.00 798.00
755.00 772.00
961.00 774.00
655.00 786.00
1417.00 780.00
421.00 776.00
1296.00 788.00
1348.00 788.00
704.00 796.00
1544.00 781.00
1487.00 818.00
1094.00 844.00
1222.00 819.00
610.00 849.00
1321.00 839.00
1270.00 850.00
447.00 861.00
1174.00 850.00
567.00 848.00
1487.00 866.00
1915.00 850.00
850.00 860.00
1576.00 864.00
1529.00 877.00
32.00 929.00
87.00 930.00
719.00 904.00
587.00 919.00
1579.00 907.00
1641.00 913.00
814.00 919.00
1211.00 918.00
429.00 913.00
1528.00 927.00
767.00 938.00
1327.00 939.00
1597.00 957.00
1001.00 962.00
1120.00 951.00
713.00 951.00
1192.00 963.00
1923.00 953.00
1530.00 969.00
2035.00 984.00
818.00 986.00
1133.00 1006.00
733.00 993.00
1469.00 1012.00
1945.00 1030.00
2027.00 1033.00
1253.00 1037.00
1390.00 1022.00
1547.00 1014.00
859.00 1039.00
55.00 1083.00
1360.00 1066.00
977.00 1061.00
408.00 1066.00
1425.00 1068.00
449.00 1098.00
1468.00 1090.00
1031.00 1074.00
917.00 1075.00
309.00 1123.00
1307.00 1112.00
501.00 1090.00
1088.00 1088.00
1380.00 1148.00
856.00 1139.00
353.00 1171.00
698.00 1161.00
992.00 1167.00
1630.00 1156.00
1328.00 1153.00
1151.00 1186.00
317.00 1222.00
646.00 1185.00
1520.00 1229.00
1016.00 1248.00
1282.00 1189.00
1232.00 1226.00
71.00 1264.00
1575.00 1231.00
774.00 1251.00
816.00 1251.00
1152.00 1251.00
1472.00 1265.00
943.00 1248.00
768.00 1314.00
418.00 1304.00
2037.00 1304.00
712.00 1313.00
815.00 1314.00
1240.00 1328.00
954.00 1325.00
1100.00 1334.00
1292.00 1375.00
1128.00 1375.00
1375.00 1367.00
546.00 1474.00
1535.00 1424.00
973.00 1435.00
1426.00 1491.00
987.00 1519.00
