465.00 65.00
1076.00 34.00
472.00 125.00
706.00 149.00
1888.00 143.00
518.00 193.00
589.00 220.00
1359.00 225.00
775.00 276.00
239.00 270.00
1474.00 278.00
1535.00 292.00
1615.00 297.00
352.00 336.00
428.00 343.00
1480.00 339.00
1026.00 365.00
1214.00 415.00
686.00 416.00
215.00 455.00
1031.00 420.00
785.00 422.00
28.00 495.00
349.00 498.00
1895.00 470.00
1312.00 496.00
1382.00 477.00
304.00 514.00
2025.00 538.00
1746.00 522.00
455.00 614.00
1484.00 552.00
1697.00 578.00
1226.00 588.00
239.00 639.00
1625.00 582.00
1754.00 590.00
762.00 637.00
1281.00 607.00
1020.00 616.00
823.00 651.00
1072.00 636.00
1143.00 637.00
346.00 698.00
1530.00 639.00
273.00 724.00
1022.00 674.00
1741.00 706.00
1919.00 729.00
1474.00 725.00
1219.00 748.00
1298.00 791.00
1785.00 796.00
1656.00 831.00
1277.00 851.00
1031.00 863.00
840.00 897.00
1227.00 920.00
471.00 933.00
1164.00 929.00
958.00 934.00
664.00 981.00
1103.00 962.00
735.00 989.00
999.00 1049.00
732.00 1056.00
1289.00 1046.00
867.00 1095.00
802.00 1149.00
885.00 1148.00
1174.00 1161.00
1144.00 1214.00
800.00 1217.00
960.00 1236.00
725.00 1239.00
977.00 1288.00
800.00 1295.00
787.00 1480.00
1204.00 1485.00
