1826.00 21.00
1905.00 11.00
1627.00 9.00
1679.00 14.00
1585.00 10.00
1540.00 17.00
1907.00 57.00
1804.00 76.00
1683.00 57.00
1630.00 56.00
1587.00 59.00
1545.00 84.00
717.00 27.00
1816.00 137.00
1162.00 43.00
531.00 24.00
486.00 17.00
1765.00 122.00
1260.00 106.00
342.00 51.00
1747.00 175.00
526.00 101.00
1142.00 131.00
640.00 132.00
477.00 140.00
1880.00 215.00
1669.00 215.00
1772.00 216.00
1597.00 215.00
2033.00 224.00
336.00 152.00
1553.00 217.00
616.00 208.00
121.00 166.00
670.00 209.00
1835.00 316.00
1456.00 323.00
652.00 287.00
539.00 279.00
750.00 300.00
1168.00 310.00
391.00 304.00
1607.00 379.00
1564.00 379.00
724.00 345.00
614.00 342.00
1442.00 374.00
537.00 350.00
1767.00 421.00
744.00 392.00
678.00 383.00
1392.00 448.00
1216.00 402.00
1524.00 426.00
1090.00 445.00
1171.00 421.00
722.00 438.00
493.00 433.00
1663.00 503.00
610.00 458.00
1152.00 475.00
1220.00 481.00
461.00 479.00
1100.00 494.00
1909.00 579.00
734.00 497.00
1834.00 546.00
1722.00 547.00
1618.00 548.00
1575.00 548.00
531.00 498.00
1278.00 529.00
1387.00 575.00
1188.00 545.00
640.00 556.00
539.00 558.00
1835.00 641.00
1577.00 607.00
1260.00 590.00
655.00 607.00
1076.00 586.00
1278.00 640.00
604.00 630.00
1111.00 656.00
452.00 647.00
1733.00 688.00
1442.00 680.00
795.00 723.00
1248.00 683.00
1396.00 681.00
1793.00 722.00
1585.00 722.00
1103.00 745.00
1681.00 750.00
1281.00 737.00
1252.00 785.00
1634.00 775.00
750.00 781.00
1592.00 832.00
596.00 807.00
1073.00 810.00
1466.00 839.00
1280.00 862.00
1420.00 838.00
681.00 846.00
460.00 895.00
1120.00 864.00
1749.00 903.00
1691.00 904.00
1069.00 903.00
1470.00 918.00
1694.00 952.00
1304.00 958.00
1129.00 926.00
435.00 962.00
476.00 966.00
517.00 972.00
1136.00 1006.00
1551.00 996.00
928.00 1017.00
1342.00 1030.00
1061.00 1033.00
1015.00 1047.00
1537.00 1050.00
1604.00 1039.00
1736.00 1092.00
1657.00 1092.00
1616.00 1093.00
1541.00 1101.00
1366.00 1121.00
1159.00 1116.00
1148.00 1157.00
1394.00 1168.00
1079.00 1143.00
773.00 1199.00
1593.00 1240.00
823.00 1249.00
1005.00 1246.00
1484.00 1269.00
1750.00 1277.00
1624.00 1295.00
1669.00 1278.00
765.00 1291.00
822.00 1290.00
1008.00 1288.00
1548.00 1297.00
1015.00 1465.00
1257.00 1463.00
