1270.00 43.00
1457.00 121.00
1245.00 162.00
684.00 153.00
1299.00 214.00
988.00 227.00
1221.00 249.00
1300.00 286.00
698.00 254.00
1217.00 304.00
294.00 268.00
343.00 298.00
1266.00 362.00
1328.00 396.00
235.00 350.00
1056.00 408.00
656.00 397.00
1602.00 462.00
1134.00 437.00
1320.00 467.00
1195.00 469.00
768.00 441.00
1090.00 471.00
591.00 466.00
303.00 458.00
768.00 488.00
218.00 471.00
1309.00 519.00
588.00 507.00
1309.00 560.00
402.00 512.00
704.00 535.00
479.00 527.00
1004.00 555.00
555.00 557.00
512.00 568.00
49.00 535.00
262.00 559.00
1312.00 623.00
732.00 587.00
54.00 584.00
1143.00 616.00
1613.00 647.00
1004.00 646.00
287.00 657.00
143.00 677.00
871.00 719.00
233.00 698.00
1004.00 722.00
314.00 702.00
1109.00 727.00
932.00 740.00
501.00 738.00
1040.00 774.00
1251.00 784.00
998.00 793.00
254.00 762.00
753.00 806.00
880.00 811.00
1094.00 838.00
616.00 833.00
943.00 854.00
638.00 882.00
1513.00 1143.00
1577.00 1141.00
967.00 1192.00
986.00 1239.00
953.00 1302.00
1147.00 1288.00
265.00 1472.00
