292.00 78.00
569.00 150.00
1787.00 83.00
916.00 137.00
1430.00 105.00
1240.00 129.00
1287.00 127.00
1383.00 122.00
1527.00 118.00
950.00 189.00
618.00 196.00
890.00 229.00
939.00 230.00
1032.00 233.00
631.00 251.00
1361.00 268.00
1768.00 232.00
976.00 281.00
1221.00 271.00
1463.00 261.00
1545.00 254.00
484.00 355.00
368.00 381.00
1951.00 249.00
2017.00 244.00
1009.00 331.00
1334.00 334.00
1767.00 296.00
1933.00 301.00
1703.00 338.00
1815.00 320.00
817.00 395.00
1258.00 373.00
1176.00 381.00
1778.00 371.00
377.00 487.00
1479.00 434.00
794.00 438.00
2025.00 367.00
965.00 449.00
1933.00 411.00
751.00 466.00
1284.00 450.00
1871.00 423.00
1528.00 469.00
1645.00 458.00
1038.00 502.00
1943.00 452.00
1871.00 467.00
1443.00 497.00
777.00 527.00
829.00 527.00
655.00 554.00
1661.00 506.00
503.00 551.00
903.00 562.00
780.00 569.00
1912.00 519.00
1798.00 533.00
843.00 572.00
1702.00 575.00
1856.00 550.00
1481.00 566.00
655.00 602.00
1800.00 597.00
1263.00 620.00
801.00 623.00
2026.00 576.00
1524.00 621.00
655.00 644.00
967.00 632.00
1022.00 646.00
1106.00 643.00
455.00 688.00
1897.00 630.00
647.00 686.00
692.00 687.00
1739.00 646.00
813.00 685.00
1388.00 666.00
1328.00 670.00
1844.00 652.00
1098.00 688.00
336.00 734.00
477.00 747.00
749.00 746.00
694.00 756.00
1088.00 746.00
1711.00 710.00
428.00 809.00
1136.00 759.00
614.00 791.00
1407.00 752.00
848.00 779.00
787.00 791.00
386.00 832.00
1492.00 779.00
1209.00 786.00
1324.00 798.00
1071.00 799.00
692.00 827.00
1158.00 800.00
1736.00 793.00
1644.00 781.00
1204.00 838.00
555.00 864.00
847.00 849.00
461.00 887.00
1132.00 852.00
1046.00 874.00
575.00 930.00
960.00 914.00
1271.00 911.00
1046.00 915.00
1189.00 989.00
1280.00 1013.00
687.00 1034.00
1807.00 1024.00
582.00 1241.00
1344.00 1296.00
1394.00 1298.00
1289.00 1313.00
