1351.00 25.00
566.00 60.00
1453.00 27.00
1184.00 42.00
1011.00 87.00
1154.00 83.00
1830.00 70.00
1557.00 112.00
1660.00 126.00
1971.00 106.00
1098.00 213.00
1561.00 187.00
1515.00 212.00
1000.00 238.00
1152.00 248.00
298.00 232.00
247.00 243.00
1315.00 277.00
1088.00 287.00
1375.00 295.00
1484.00 279.00
1153.00 312.00
477.00 301.00
1027.00 331.00
1686.00 275.00
362.00 293.00
1926.00 322.00
1518.00 354.00
1867.00 325.00
132.00 359.00
1823.00 370.00
1585.00 421.00
494.00 496.00
1661.00 435.00
1504.00 474.00
1733.00 459.00
135.00 545.00
1438.00 533.00
26.00 585.00
1343.00 580.00
414.00 619.00
1434.00 634.00
1684.00 583.00
1551.00 649.00
1710.00 655.00
1471.00 720.00
1526.00 719.00
1580.00 718.00
1634.00 718.00
1800.00 709.00
1601.00 779.00
1857.00 785.00
1660.00 815.00
9.00 862.00
1375.00 872.00
319.00 893.00
1609.00 868.00
1683.00 867.00
1796.00 896.00
1837.00 930.00
1687.00 923.00
125.00 964.00
1688.00 991.00
1834.00 993.00
1760.00 1000.00
90.00 1032.00
200.00 1033.00
293.00 1036.00
1524.00 1021.00
23.00 1092.00
84.00 1090.00
143.00 1090.00
248.00 1088.00
1581.00 1075.00
1471.00 1109.00
1952.00 1119.00
137.00 1149.00
278.00 1198.00
188.00 1204.00
76.00 1213.00
274.00 1255.00
183.00 1263.00
128.00 1270.00
1631.00 1248.00
1735.00 1269.00
1544.00 1214.00
229.00 1313.00
1634.00 1303.00
121.00 1335.00
61.00 1339.00
1883.00 1369.00
1484.00 1342.00
224.00 1374.00
115.00 1393.00
1759.00 1380.00
55.00 1404.00
1712.00 1375.00
261.00 1428.00
1821.00 1397.00
1308.00 1409.00
1578.00 1425.00
1642.00 1481.00
339.00 1502.00
266.00 1517.00
1683.00 1516.00
