736.00 45.00
778.00 9.00
1040.00 24.00
1205.00 13.00
1254.00 10.00
1335.00 27.00
1397.00 25.00
887.00 57.00
1159.00 60.00
833.00 83.00
1200.00 68.00
1413.00 94.00
1127.00 114.00
934.00 119.00
851.00 155.00
1169.00 122.00
1415.00 135.00
808.00 128.00
982.00 139.00
1093.00 167.00
263.00 77.00
392.00 93.00
1252.00 169.00
552.00 143.00
831.00 201.00
56.00 144.00
1341.00 177.00
788.00 227.00
1153.00 231.00
1420.00 264.00
249.00 161.00
297.00 167.00
909.00 246.00
284.00 216.00
1120.00 300.00
535.00 296.00
1161.00 306.00
963.00 318.00
774.00 327.00
1266.00 332.00
285.00 306.00
152.00 295.00
933.00 389.00
1611.00 372.00
771.00 415.00
80.00 358.00
312.00 351.00
198.00 367.00
1269.00 432.00
726.00 441.00
1540.00 424.00
776.00 471.00
31.00 403.00
1432.00 528.00
486.00 443.00
815.00 512.00
896.00 520.00
104.00 471.00
1343.00 535.00
314.00 478.00
1514.00 592.00
207.00 480.00
459.00 523.00
850.00 605.00
311.00 524.00
79.00 519.00
810.00 669.00
221.00 568.00
720.00 685.00
282.00 582.00
328.00 601.00
1278.00 721.00
203.00 621.00
147.00 667.00
221.00 670.00
125.00 712.00
176.00 716.00
328.00 721.00
165.00 760.00
227.00 768.00
346.00 779.00
189.00 910.00
1282.00 1027.00
1924.00 1034.00
1159.00 1047.00
1092.00 1046.00
1968.00 1084.00
1720.00 1047.00
1884.00 1104.00
1261.00 1094.00
1164.00 1095.00
1212.00 1094.00
1839.00 1135.00
1132.00 1159.00
1607.00 1200.00
1083.00 1194.00
1034.00 1198.00
571.00 1209.00
1255.00 1215.00
1984.00 1247.00
