208.00 22.00
658.00 21.00
1546.00 9.00
121.00 75.00
580.00 47.00
1254.00 62.00
1494.00 70.00
1593.00 95.00
682.00 78.00
1711.00 66.00
1847.00 63.00
1596.00 145.00
1864.00 128.00
905.00 152.00
8.00 168.00
1280.00 170.00
1498.00 147.00
704.00 129.00
1599.00 190.00
731.00 199.00
1818.00 220.00
1548.00 241.00
1639.00 250.00
1502.00 234.00
1900.00 240.00
1214.00 237.00
1388.00 235.00
1461.00 253.00
769.00 293.00
1598.00 280.00
1391.00 288.00
1664.00 294.00
1063.00 290.00
278.00 312.00
145.00 317.00
1482.00 304.00
919.00 330.00
1392.00 336.00
792.00 354.00
1191.00 352.00
1439.00 378.00
1555.00 398.00
1607.00 397.00
1394.00 392.00
1511.00 385.00
814.00 408.00
395.00 408.00
1325.00 416.00
99.00 413.00
1611.00 442.00
1406.00 438.00
1326.00 460.00
1907.00 440.00
288.00 456.00
1739.00 467.00
1160.00 453.00
840.00 474.00
1376.00 490.00
209.00 485.00
473.00 483.00
294.00 520.00
1983.00 505.00
1314.00 509.00
1592.00 531.00
1532.00 533.00
1895.00 543.00
861.00 527.00
1650.00 539.00
405.00 544.00
157.00 566.00
1328.00 556.00
482.00 541.00
324.00 561.00
233.00 564.00
283.00 564.00
116.00 570.00
1399.00 586.00
1919.00 593.00
907.00 583.00
956.00 584.00
1006.00 583.00
494.00 594.00
1056.00 583.00
566.00 593.00
612.00 593.00
1130.00 582.00
1449.00 600.00
660.00 593.00
805.00 589.00
1181.00 583.00
851.00 590.00
1231.00 582.00
1812.00 607.00
1281.00 582.00
1768.00 610.00
1992.00 607.00
152.00 612.00
68.00 635.00
1951.00 639.00
1359.00 639.00
1078.00 639.00
1299.00 638.00
1422.00 650.00
146.00 670.00
807.00 642.00
206.00 670.00
724.00 663.00
934.00 661.00
1551.00 679.00
1708.00 671.00
1659.00 676.00
69.00 700.00
1116.00 681.00
1299.00 679.00
661.00 697.00
807.00 692.00
1248.00 690.00
1003.00 704.00
950.00 710.00
140.00 744.00
307.00 746.00
1312.00 733.00
1671.00 726.00
1354.00 724.00
1853.00 725.00
1581.00 733.00
1252.00 749.00
808.00 771.00
956.00 771.00
1014.00 760.00
1396.00 750.00
1520.00 789.00
959.00 839.00
1096.00 855.00
1345.00 868.00
1683.00 895.00
1842.00 910.00
2009.00 925.00
1553.00 926.00
1883.00 938.00
1648.00 959.00
691.00 1063.00
84.00 1128.00
684.00 1118.00
2031.00 1140.00
701.00 1162.00
1529.00 1142.00
1384.00 1182.00
1236.00 1176.00
1851.00 1222.00
1460.00 1281.00
1518.00 1296.00
1799.00 1303.00
