1203.00 89.00
1570.00 98.00
814.00 119.00
855.00 148.00
1486.00 127.00
773.00 196.00
1249.00 200.00
25.00 178.00
1167.00 204.00
1490.00 215.00
789.00 237.00
1737.00 225.00
1784.00 305.00
1524.00 366.00
1826.00 357.00
813.00 292.00
199.00 360.00
614.00 366.00
844.00 369.00
153.00 378.00
304.00 384.00
96.00 389.00
260.00 413.00
1533.00 500.00
199.00 410.00
865.00 420.00
1999.00 508.00
679.00 473.00
1828.00 531.00
470.00 469.00
138.00 478.00
895.00 492.00
56.00 513.00
725.00 516.00
1651.00 564.00
1600.00 590.00
142.00 542.00
919.00 550.00
562.00 550.00
273.00 555.00
481.00 569.00
1811.00 614.00
821.00 606.00
284.00 603.00
496.00 614.00
541.00 613.00
220.00 619.00
1762.00 667.00
1608.00 643.00
471.00 664.00
276.00 653.00
650.00 688.00
1703.00 703.00
479.00 716.00
876.00 710.00
576.00 750.00
1855.00 744.00
356.00 757.00
1968.00 751.00
1974.00 887.00
1904.00 938.00
1883.00 980.00
1974.00 998.00
1832.00 981.00
1833.00 1043.00
1827.00 1154.00
1680.00 1340.00
