1349.00 14.00
1249.00 30.00
1192.00 38.00
1140.00 46.00
1543.00 36.00
1429.00 40.00
1629.00 49.00
1728.00 62.00
1295.00 111.00
391.00 21.00
1843.00 94.00
491.00 20.00
432.00 31.00
1140.00 127.00
1636.00 181.00
515.00 68.00
1195.00 119.00
1576.00 189.00
1140.00 186.00
1448.00 205.00
508.00 125.00
1356.00 217.00
1888.00 215.00
354.00 110.00
1519.00 266.00
1698.00 223.00
1254.00 231.00
1198.00 236.00
24.00 134.00
1142.00 244.00
554.00 145.00
1640.00 245.00
1791.00 258.00
1687.00 282.00
768.00 239.00
591.00 228.00
1257.00 322.00
1673.00 323.00
1199.00 344.00
1736.00 299.00
794.00 300.00
477.00 282.00
1441.00 344.00
1592.00 368.00
637.00 328.00
1944.00 357.00
1257.00 384.00
1719.00 340.00
557.00 341.00
104.00 323.00
1144.00 407.00
874.00 356.00
1499.00 417.00
1458.00 421.00
646.00 383.00
1996.00 401.00
1744.00 398.00
1663.00 432.00
1363.00 430.00
992.00 435.00
1575.00 442.00
1259.00 440.00
1727.00 450.00
1200.00 444.00
1145.00 449.00
369.00 402.00
183.00 383.00
1808.00 464.00
1731.00 502.00
1241.00 510.00
431.00 434.00
532.00 495.00
1205.00 576.00
1781.00 507.00
1536.00 520.00
1470.00 569.00
1903.00 561.00
1370.00 609.00
1700.00 575.00
460.00 546.00
288.00 607.00
1575.00 639.00
1760.00 603.00
1878.00 605.00
2000.00 608.00
1208.00 636.00
360.00 600.00
28.00 599.00
503.00 612.00
1704.00 638.00
1265.00 659.00
1763.00 655.00
1148.00 653.00
2005.00 651.00
1825.00 683.00
1311.00 703.00
529.00 671.00
1694.00 694.00
338.00 695.00
1951.00 719.00
1748.00 729.00
117.00 718.00
575.00 737.00
1903.00 766.00
362.00 744.00
57.00 748.00
1862.00 745.00
171.00 749.00
530.00 759.00
1700.00 781.00
1806.00 791.00
1064.00 787.00
1012.00 792.00
1751.00 771.00
1943.00 815.00
457.00 817.00
1634.00 827.00
1536.00 857.00
653.00 845.00
1480.00 881.00
1439.00 868.00
1379.00 884.00
609.00 887.00
1208.00 887.00
1152.00 888.00
1593.00 901.00
551.00 926.00
1439.00 909.00
1528.00 920.00
1929.00 962.00
1263.00 943.00
1852.00 976.00
1177.00 972.00
1471.00 1010.00
255.00 986.00
702.00 988.00
1376.00 996.00
2028.00 1004.00
1928.00 1006.00
448.00 997.00
1422.00 998.00
388.00 1006.00
202.00 1013.00
1578.00 1010.00
1782.00 1014.00
1982.00 1034.00
468.00 1062.00
366.00 1074.00
1879.00 1075.00
1822.00 1060.00
1474.00 1074.00
223.00 1135.00
470.00 1127.00
1215.00 1123.00
1387.00 1126.00
1658.00 1130.00
1492.00 1128.00
1973.00 1125.00
217.00 1191.00
1759.00 1209.00
25.00 1198.00
1962.00 1168.00
309.00 1235.00
242.00 1233.00
587.00 1236.00
1581.00 1216.00
1713.00 1225.00
121.00 1280.00
1635.00 1248.00
1834.00 1235.00
17.00 1294.00
1497.00 1232.00
321.00 1303.00
141.00 1328.00
548.00 1310.00
1550.00 1298.00
1719.00 1292.00
1810.00 1293.00
1393.00 1297.00
565.00 1356.00
1396.00 1367.00
1723.00 1443.00
1496.00 1459.00
1768.00 1471.00
