1735.00 34.00
1190.00 31.00
1441.00 46.00
1660.00 59.00
1277.00 77.00
1393.00 65.00
2027.00 125.00
1919.00 158.00
684.00 177.00
1135.00 192.00
1253.00 200.00
1459.00 208.00
423.00 184.00
1383.00 234.00
901.00 277.00
1279.00 269.00
999.00 287.00
1424.00 300.00
40.00 262.00
1935.00 343.00
1712.00 305.00
751.00 336.00
857.00 337.00
134.00 329.00
386.00 341.00
1381.00 350.00
1545.00 347.00
1880.00 357.00
1680.00 357.00
815.00 394.00
526.00 389.00
1995.00 378.00
646.00 429.00
601.00 429.00
1887.00 402.00
1509.00 398.00
125.00 435.00
1639.00 410.00
1352.00 399.00
1594.00 422.00
1299.00 427.00
853.00 454.00
1943.00 440.00
1892.00 450.00
285.00 475.00
126.00 479.00
1552.00 473.00
2005.00 479.00
508.00 506.00
1738.00 480.00
1345.00 486.00
1951.00 489.00
784.00 506.00
1895.00 495.00
1644.00 499.00
1840.00 510.00
960.00 535.00
1791.00 516.00
1740.00 527.00
462.00 570.00
1896.00 543.00
1600.00 550.00
731.00 585.00
782.00 596.00
1976.00 586.00
503.00 596.00
1437.00 579.00
1345.00 597.00
1862.00 592.00
1772.00 607.00
73.00 662.00
183.00 680.00
395.00 718.00
855.00 690.00
1718.00 640.00
82.00 723.00
1639.00 643.00
702.00 703.00
1815.00 678.00
498.00 749.00
453.00 754.00
276.00 766.00
1599.00 732.00
1367.00 716.00
495.00 800.00
574.00 791.00
1527.00 740.00
67.00 826.00
1601.00 777.00
1531.00 830.00
1487.00 788.00
236.00 916.00
300.00 939.00
430.00 983.00
1902.00 967.00
428.00 1052.00
388.00 1136.00
954.00 1239.00
615.00 1282.00
887.00 1350.00
609.00 1423.00
1162.00 1451.00
961.00 1457.00
616.00 1475.00
842.00 1462.00
