428.00 16.00
686.00 16.00
308.00 26.00
368.00 47.00
872.00 56.00
702.00 93.00
798.00 106.00
659.00 119.00
425.00 119.00
1011.00 114.00
22.00 161.00
903.00 172.00
714.00 174.00
853.00 184.00
1430.00 170.00
231.00 223.00
77.00 217.00
1261.00 210.00
958.00 232.00
1078.00 231.00
131.00 244.00
24.00 264.00
370.00 288.00
1016.00 251.00
806.00 284.00
1074.00 274.00
591.00 299.00
671.00 295.00
504.00 287.00
903.00 289.00
1410.00 272.00
1366.00 278.00
861.00 307.00
1119.00 311.00
79.00 328.00
1032.00 324.00
191.00 341.00
960.00 343.00
391.00 365.00
1351.00 337.00
118.00 373.00
233.00 370.00
1704.00 348.00
818.00 393.00
574.00 436.00
1167.00 420.00
995.00 427.00
1282.00 449.00
696.00 463.00
1443.00 457.00
303.00 468.00
457.00 472.00
1025.00 475.00
1444.00 508.00
810.00 541.00
662.00 564.00
1448.00 575.00
370.00 587.00
1160.00 608.00
1850.00 591.00
412.00 624.00
544.00 622.00
807.00 619.00
587.00 636.00
1766.00 616.00
1365.00 631.00
1933.00 602.00
688.00 650.00
1815.00 643.00
1452.00 677.00
2036.00 662.00
684.00 692.00
1120.00 703.00
1857.00 690.00
1771.00 677.00
1040.00 729.00
818.00 738.00
538.00 777.00
1252.00 754.00
1126.00 764.00
1456.00 766.00
817.00 783.00
1038.00 785.00
1398.00 785.00
991.00 797.00
1951.00 799.00
1334.00 807.00
1112.00 813.00
1157.00 832.00
1261.00 846.00
1402.00 869.00
1211.00 876.00
1462.00 908.00
1130.00 899.00
1282.00 899.00
1701.00 928.00
1362.00 932.00
1179.00 944.00
1138.00 970.00
322.00 979.00
1058.00 1201.00
1418.00 1352.00
