1292.00 17.00
1241.00 24.00
1098.00 18.00
406.00 25.00
1445.00 28.00
965.00 16.00
453.00 41.00
214.00 54.00
53.00 47.00
1281.00 74.00
1040.00 73.00
1091.00 71.00
1143.00 74.00
1330.00 71.00
1381.00 69.00
1430.00 69.00
1528.00 69.00
1479.00 70.00
974.00 100.00
1271.00 122.00
1317.00 124.00
1410.00 124.00
981.00 149.00
1113.00 147.00
1046.00 180.00
1181.00 180.00
1259.00 180.00
1434.00 178.00
1479.00 177.00
1528.00 167.00
829.00 223.00
1250.00 222.00
684.00 225.00
536.00 263.00
1956.00 216.00
1111.00 231.00
1784.00 231.00
1368.00 243.00
1409.00 241.00
1049.00 251.00
824.00 276.00
1728.00 250.00
154.00 230.00
24.00 265.00
539.00 308.00
1115.00 284.00
1169.00 294.00
1247.00 293.00
1288.00 293.00
1986.00 280.00
1407.00 293.00
2032.00 279.00
720.00 334.00
1488.00 293.00
1568.00 292.00
1649.00 291.00
1691.00 291.00
1771.00 291.00
1894.00 290.00
1935.00 290.00
406.00 336.00
820.00 371.00
1988.00 325.00
1916.00 336.00
942.00 358.00
1491.00 392.00
1919.00 388.00
1361.00 394.00
1559.00 391.00
1622.00 392.00
1743.00 394.00
1858.00 390.00
982.00 424.00
1140.00 394.00
1380.00 443.00
1204.00 444.00
1560.00 464.00
1457.00 444.00
1717.00 443.00
1252.00 456.00
992.00 471.00
1140.00 467.00
1498.00 470.00
1746.00 484.00
1311.00 498.00
1927.00 490.00
840.00 506.00
1270.00 509.00
1405.00 504.00
1352.00 499.00
1140.00 514.00
1702.00 510.00
1450.00 533.00
1870.00 544.00
1398.00 548.00
1636.00 565.00
384.00 540.00
1520.00 549.00
1757.00 545.00
1174.00 559.00
1068.00 580.00
1169.00 600.00
1350.00 617.00
1111.00 615.00
1749.00 616.00
1253.00 616.00
1300.00 617.00
1634.00 617.00
1629.00 665.00
1743.00 670.00
1025.00 665.00
1273.00 698.00
975.00 746.00
1461.00 727.00
934.00 748.00
1791.00 732.00
1786.00 787.00
983.00 800.00
1136.00 839.00
1462.00 809.00
1635.00 809.00
975.00 855.00
818.00 920.00
956.00 958.00
1243.00 969.00
354.00 978.00
1078.00 966.00
582.00 986.00
1192.00 1001.00
997.00 1008.00
899.00 1007.00
1055.00 1017.00
1127.00 1022.00
309.00 1051.00
399.00 1052.00
582.00 1053.00
1063.00 1064.00
954.00 1047.00
1194.00 1064.00
1272.00 1066.00
809.00 1075.00
1146.00 1070.00
183.00 1082.00
993.00 1127.00
1660.00 1160.00
951.00 1140.00
1102.00 1143.00
1661.00 1205.00
223.00 1168.00
1099.00 1187.00
1539.00 1206.00
1606.00 1241.00
1009.00 1262.00
273.00 1306.00
1712.00 1318.00
1028.00 1303.00
1161.00 1295.00
1098.00 1311.00
1543.00 1320.00
52.00 1331.00
762.00 1321.00
1414.00 1331.00
264.00 1365.00
488.00 1370.00
1704.00 1390.00
1663.00 1409.00
793.00 1377.00
1185.00 1407.00
1383.00 1421.00
854.00 1414.00
1324.00 1445.00
1446.00 1457.00
758.00 1428.00
855.00 1461.00
1496.00 1488.00
248.00 1472.00
320.00 1475.00
1558.00 1490.00
193.00 1486.00
1824.00 1507.00
1695.00 1503.00
688.00 1483.00
753.00 1485.00
1354.00 1495.00
813.00 1487.00
900.00 1488.00
1059.00 1489.00
1018.00 1489.00
647.00 1498.00
