1611.00 89.00
1702.00 103.00
1131.00 70.00
1368.00 99.00
552.00 38.00
763.00 46.00
345.00 13.00
951.00 84.00
160.00 8.00
1588.00 158.00
1510.00 163.00
751.00 117.00
551.00 94.00
342.00 69.00
950.00 138.00
992.00 141.00
230.00 57.00
145.00 49.00
1131.00 155.00
762.00 162.00
1530.00 218.00
1591.00 222.00
23.00 122.00
1552.00 272.00
1461.00 289.00
760.00 240.00
759.00 281.00
1560.00 374.00
1617.00 359.00
41.00 296.00
765.00 358.00
1390.00 382.00
1487.00 416.00
1529.00 438.00
152.00 373.00
1358.00 456.00
105.00 372.00
55.00 369.00
318.00 411.00
201.00 402.00
1716.00 464.00
1757.00 465.00
1488.00 476.00
1090.00 464.00
129.00 414.00
1221.00 474.00
1534.00 501.00
1022.00 497.00
1876.00 551.00
1273.00 519.00
450.00 511.00
806.00 528.00
1229.00 545.00
1693.00 593.00
701.00 570.00
1612.00 595.00
1359.00 598.00
810.00 570.00
115.00 541.00
976.00 577.00
1401.00 612.00
14.00 573.00
1765.00 621.00
1551.00 617.00
767.00 570.00
1354.00 644.00
1869.00 657.00
354.00 589.00
1161.00 637.00
1442.00 650.00
915.00 669.00
1549.00 671.00
367.00 679.00
144.00 624.00
1007.00 664.00
1048.00 672.00
1248.00 692.00
1465.00 705.00
1528.00 719.00
1621.00 727.00
1216.00 755.00
1557.00 803.00
916.00 783.00
1488.00 778.00
1072.00 771.00
520.00 766.00
459.00 786.00
1293.00 783.00
113.00 762.00
1627.00 823.00
995.00 817.00
565.00 805.00
1249.00 819.00
1191.00 821.00
1053.00 818.00
1544.00 846.00
458.00 844.00
1063.00 861.00
916.00 864.00
1219.00 866.00
1411.00 868.00
1474.00 885.00
557.00 903.00
100.00 910.00
1537.00 925.00
1117.00 932.00
1447.00 926.00
1558.00 968.00
96.00 951.00
1670.00 974.00
585.00 961.00
1299.00 991.00
990.00 960.00
451.00 1015.00
1618.00 1037.00
153.00 1032.00
572.00 1026.00
962.00 1004.00
25.00 1050.00
1500.00 1043.00
1176.00 1067.00
402.00 1068.00
1122.00 1094.00
1034.00 1096.00
353.00 1096.00
396.00 1114.00
474.00 1107.00
639.00 1119.00
88.00 1143.00
967.00 1176.00
904.00 1175.00
626.00 1179.00
1148.00 1171.00
1425.00 1175.00
138.00 1212.00
317.00 1204.00
1239.00 1218.00
39.00 1241.00
191.00 1228.00
1663.00 1226.00
968.00 1232.00
889.00 1230.00
704.00 1238.00
568.00 1247.00
1718.00 1238.00
496.00 1244.00
319.00 1261.00
146.00 1279.00
237.00 1290.00
375.00 1303.00
543.00 1312.00
56.00 1342.00
1185.00 1306.00
1136.00 1302.00
276.00 1335.00
428.00 1328.00
946.00 1315.00
1430.00 1329.00
43.00 1384.00
493.00 1325.00
210.00 1337.00
1033.00 1360.00
120.00 1406.00
1128.00 1372.00
956.00 1376.00
320.00 1403.00
447.00 1398.00
1071.00 1496.00
