1802.00 16.00
1925.00 78.00
1808.00 83.00
1495.00 63.00
1600.00 47.00
1403.00 98.00
655.00 63.00
879.00 112.00
751.00 121.00
1264.00 193.00
1538.00 201.00
97.00 90.00
159.00 75.00
623.00 131.00
1822.00 259.00
1414.00 210.00
952.00 191.00
1661.00 248.00
1097.00 224.00
378.00 151.00
1615.00 258.00
1310.00 255.00
1946.00 304.00
1825.00 302.00
93.00 149.00
745.00 224.00
512.00 226.00
566.00 216.00
374.00 209.00
1103.00 304.00
1947.00 354.00
728.00 272.00
1666.00 326.00
1622.00 359.00
167.00 271.00
1833.00 389.00
495.00 303.00
311.00 255.00
794.00 335.00
726.00 322.00
1269.00 382.00
1160.00 376.00
1224.00 399.00
208.00 324.00
387.00 319.00
1448.00 433.00
1626.00 428.00
967.00 415.00
361.00 367.00
257.00 369.00
531.00 419.00
1674.00 448.00
1925.00 504.00
658.00 433.00
303.00 395.00
1865.00 526.00
1629.00 491.00
358.00 420.00
856.00 463.00
696.00 481.00
1582.00 567.00
1224.00 536.00
508.00 530.00
567.00 534.00
1023.00 582.00
1686.00 649.00
1853.00 644.00
519.00 596.00
932.00 603.00
1497.00 651.00
1638.00 657.00
692.00 613.00
1435.00 652.00
1854.00 697.00
1488.00 697.00
249.00 634.00
1447.00 728.00
1615.00 714.00
27.00 632.00
994.00 704.00
1566.00 759.00
558.00 712.00
1054.00 735.00
1272.00 769.00
1360.00 784.00
1501.00 840.00
1546.00 802.00
1896.00 793.00
1194.00 790.00
1769.00 830.00
1460.00 805.00
1012.00 814.00
1359.00 854.00
1810.00 867.00
1268.00 866.00
1607.00 890.00
1876.00 886.00
1659.00 897.00
432.00 911.00
1425.00 906.00
1504.00 969.00
389.00 924.00
1864.00 982.00
1594.00 999.00
1763.00 1017.00
1543.00 1042.00
1594.00 1052.00
1599.00 1095.00
1718.00 1135.00
1458.00 1135.00
1391.00 1167.00
506.00 1168.00
1268.00 1174.00
1607.00 1203.00
1549.00 1211.00
1482.00 1236.00
1272.00 1368.00
183.00 1440.00
1207.00 1392.00
1095.00 1463.00
1505.00 1459.00
1629.00 1460.00
1430.00 1483.00
