910.00 40.00
1207.00 9.00
671.00 47.00
1287.00 15.00
1895.00 32.00
1804.00 50.00
1631.00 57.00
1101.00 111.00
1328.00 53.00
1504.00 64.00
1438.00 80.00
772.00 100.00
852.00 108.00
1740.00 82.00
1809.00 99.00
1423.00 164.00
1528.00 111.00
735.00 184.00
1531.00 152.00
1906.00 146.00
1085.00 209.00
1606.00 172.00
1696.00 196.00
312.00 239.00
1446.00 249.00
1016.00 261.00
706.00 269.00
1493.00 247.00
1889.00 230.00
629.00 281.00
1609.00 234.00
1225.00 279.00
1921.00 283.00
1231.00 327.00
1521.00 296.00
1158.00 352.00
1391.00 351.00
583.00 392.00
1925.00 336.00
1656.00 335.00
201.00 478.00
815.00 431.00
1178.00 429.00
1282.00 424.00
1930.00 394.00
1706.00 383.00
343.00 447.00
1779.00 375.00
874.00 461.00
515.00 470.00
1258.00 485.00
1527.00 444.00
1133.00 504.00
1340.00 466.00
961.00 488.00
1720.00 448.00
1896.00 464.00
356.00 495.00
856.00 529.00
598.00 524.00
1942.00 515.00
901.00 538.00
1425.00 534.00
1482.00 534.00
1554.00 535.00
1688.00 511.00
1356.00 549.00
1595.00 515.00
753.00 591.00
1273.00 565.00
1205.00 577.00
1059.00 605.00
1622.00 568.00
1129.00 631.00
1486.00 630.00
1331.00 638.00
1537.00 639.00
1619.00 629.00
1697.00 629.00
1192.00 680.00
1384.00 647.00
901.00 698.00
1432.00 687.00
207.00 700.00
1127.00 678.00
1290.00 670.00
1772.00 682.00
1490.00 686.00
1578.00 655.00
1197.00 729.00
1003.00 734.00
735.00 735.00
1342.00 728.00
903.00 746.00
1919.00 720.00
1391.00 759.00
1434.00 730.00
306.00 784.00
1087.00 762.00
1475.00 739.00
1690.00 752.00
987.00 782.00
1155.00 785.00
1349.00 783.00
586.00 802.00
534.00 798.00
836.00 829.00
1766.00 814.00
1238.00 829.00
1464.00 795.00
69.00 815.00
1371.00 831.00
1186.00 844.00
231.00 844.00
1658.00 838.00
1877.00 835.00
1772.00 882.00
1440.00 871.00
807.00 909.00
1980.00 903.00
1621.00 897.00
1121.00 899.00
1365.00 904.00
1678.00 911.00
1077.00 929.00
1776.00 932.00
859.00 949.00
1343.00 952.00
1398.00 952.00
1463.00 923.00
1143.00 960.00
1832.00 971.00
711.00 976.00
1693.00 974.00
1460.00 1013.00
743.00 1026.00
848.00 1028.00
1307.00 1088.00
742.00 1088.00
398.00 1087.00
475.00 1088.00
1403.00 1085.00
975.00 1126.00
576.00 1121.00
634.00 1144.00
739.00 1146.00
1268.00 1156.00
578.00 1169.00
1309.00 1187.00
1268.00 1199.00
317.00 1208.00
495.00 1214.00
991.00 1244.00
1033.00 1273.00
1590.00 1310.00
1529.00 1312.00
970.00 1325.00
1016.00 1336.00
903.00 1449.00
