871.00 8.00
822.00 27.00
580.00 32.00
680.00 118.00
87.00 52.00
420.00 81.00
1655.00 184.00
374.00 71.00
575.00 85.00
431.00 125.00
1263.00 239.00
1510.00 254.00
242.00 184.00
147.00 200.00
76.00 161.00
444.00 175.00
609.00 193.00
1833.00 320.00
1438.00 299.00
28.00 161.00
337.00 255.00
456.00 221.00
990.00 247.00
67.00 251.00
1807.00 369.00
386.00 256.00
716.00 325.00
525.00 293.00
271.00 269.00
851.00 302.00
438.00 312.00
364.00 326.00
1911.00 417.00
898.00 409.00
1488.00 431.00
321.00 359.00
1592.00 456.00
430.00 367.00
1928.00 473.00
688.00 424.00
200.00 440.00
356.00 411.00
123.00 467.00
1579.00 528.00
1909.00 535.00
45.00 481.00
1666.00 523.00
1385.00 529.00
789.00 499.00
1278.00 561.00
1896.00 577.00
192.00 534.00
1226.00 567.00
1756.00 577.00
906.00 523.00
1472.00 593.00
1685.00 661.00
1407.00 615.00
583.00 628.00
283.00 567.00
1256.00 641.00
1302.00 634.00
695.00 625.00
147.00 645.00
418.00 636.00
1103.00 661.00
1944.00 663.00
30.00 659.00
871.00 679.00
1730.00 707.00
1343.00 722.00
1093.00 742.00
1922.00 778.00
1875.00 778.00
16.00 754.00
1360.00 772.00
1123.00 784.00
1047.00 791.00
1287.00 791.00
1745.00 824.00
1832.00 795.00
1345.00 824.00
1082.00 855.00
1128.00 855.00
21.00 807.00
241.00 822.00
1208.00 881.00
