411.00 42.00
1278.00 165.00
812.00 120.00
973.00 180.00
1340.00 219.00
876.00 193.00
1575.00 288.00
690.00 203.00
913.00 242.00
385.00 203.00
1327.00 343.00
1508.00 369.00
557.00 253.00
614.00 263.00
397.00 256.00
1368.00 394.00
768.00 311.00
346.00 286.00
912.00 333.00
1324.00 423.00
1407.00 443.00
799.00 355.00
291.00 319.00
1210.00 436.00
719.00 370.00
1251.00 444.00
919.00 388.00
1546.00 464.00
526.00 375.00
1059.00 464.00
1490.00 512.00
1400.00 507.00
670.00 447.00
913.00 466.00
974.00 485.00
299.00 450.00
1164.00 539.00
1374.00 584.00
383.00 514.00
1540.00 609.00
1168.00 606.00
1332.00 608.00
442.00 544.00
1046.00 603.00
1127.00 610.00
1482.00 599.00
1237.00 621.00
1399.00 645.00
1541.00 660.00
843.00 598.00
1460.00 656.00
728.00 575.00
529.00 581.00
1003.00 621.00
1280.00 648.00
658.00 634.00
919.00 626.00
1258.00 689.00
861.00 648.00
1135.00 682.00
923.00 685.00
231.00 655.00
401.00 683.00
629.00 685.00
733.00 697.00
1135.00 735.00
775.00 700.00
1411.00 766.00
58.00 684.00
209.00 726.00
1479.00 781.00
1084.00 765.00
670.00 759.00
1263.00 796.00
1397.00 809.00
1529.00 823.00
314.00 768.00
1193.00 826.00
962.00 814.00
32.00 754.00
1342.00 856.00
1543.00 871.00
1440.00 864.00
1258.00 864.00
856.00 871.00
743.00 839.00
1499.00 891.00
802.00 864.00
608.00 844.00
222.00 859.00
1298.00 911.00
479.00 886.00
628.00 904.00
978.00 919.00
799.00 922.00
1566.00 949.00
171.00 926.00
1156.00 966.00
720.00 961.00
1245.00 976.00
73.00 966.00
840.00 983.00
367.00 992.00
143.00 981.00
225.00 969.00
799.00 1023.00
1256.00 1039.00
1377.00 1049.00
702.00 1025.00
848.00 1024.00
95.00 1016.00
1517.00 1060.00
551.00 1064.00
494.00 1067.00
1064.00 1063.00
1258.00 1086.00
945.00 1070.00
899.00 1083.00
1114.00 1075.00
426.00 1100.00
131.00 1071.00
1376.00 1124.00
493.00 1116.00
622.00 1142.00
592.00 1091.00
1107.00 1148.00
379.00 1130.00
878.00 1132.00
1173.00 1159.00
1387.00 1165.00
208.00 1161.00
71.00 1143.00
367.00 1171.00
440.00 1141.00
1253.00 1177.00
923.00 1185.00
976.00 1189.00
836.00 1193.00
1525.00 1205.00
1378.00 1206.00
329.00 1226.00
1118.00 1222.00
1435.00 1224.00
377.00 1234.00
903.00 1229.00
255.00 1240.00
792.00 1224.00
1359.00 1252.00
480.00 1253.00
1186.00 1260.00
953.00 1258.00
1316.00 1265.00
897.00 1272.00
320.00 1267.00
1139.00 1275.00
1023.00 1263.00
529.00 1294.00
1092.00 1288.00
461.00 1306.00
660.00 1300.00
361.00 1317.00
1188.00 1310.00
917.00 1314.00
831.00 1314.00
995.00 1320.00
872.00 1325.00
1141.00 1324.00
554.00 1344.00
1431.00 1335.00
607.00 1312.00
1327.00 1337.00
742.00 1351.00
326.00 1368.00
480.00 1362.00
654.00 1359.00
1091.00 1351.00
829.00 1366.00
191.00 1392.00
998.00 1385.00
279.00 1418.00
436.00 1415.00
915.00 1408.00
185.00 1467.00
828.00 1438.00
433.00 1465.00
490.00 1448.00
1079.00 1455.00
1424.00 1431.00
567.00 1472.00
750.00 1481.00
301.00 1513.00
1113.00 1502.00
806.00 1527.00
