1046.00 84.00
524.00 12.00
581.00 30.00
447.00 84.00
739.00 135.00
220.00 52.00
1373.00 247.00
217.00 97.00
1115.00 253.00
446.00 159.00
677.00 202.00
215.00 140.00
443.00 222.00
1013.00 338.00
208.00 216.00
1142.00 352.00
1255.00 375.00
440.00 278.00
693.00 296.00
1013.00 381.00
444.00 348.00
204.00 279.00
1293.00 455.00
1013.00 424.00
334.00 359.00
193.00 359.00
1013.00 475.00
429.00 427.00
883.00 454.00
200.00 419.00
37.00 408.00
667.00 486.00
1407.00 541.00
1348.00 544.00
103.00 429.00
920.00 504.00
161.00 465.00
406.00 506.00
1382.00 585.00
365.00 501.00
998.00 577.00
35.00 468.00
921.00 587.00
1473.00 609.00
523.00 528.00
479.00 537.00
722.00 565.00
616.00 579.00
188.00 559.00
367.00 580.00
699.00 606.00
144.00 584.00
951.00 660.00
426.00 634.00
226.00 639.00
853.00 712.00
91.00 638.00
976.00 749.00
1255.00 770.00
914.00 761.00
861.00 773.00
657.00 755.00
488.00 752.00
998.00 802.00
814.00 789.00
1486.00 854.00
919.00 810.00
727.00 821.00
561.00 816.00
871.00 857.00
1012.00 890.00
892.00 900.00
796.00 957.00
1115.00 1011.00
1160.00 1012.00
672.00 1026.00
888.00 1039.00
18.00 1228.00
139.00 1242.00
655.00 1231.00
384.00 1326.00
130.00 1357.00
413.00 1407.00
227.00 1406.00
122.00 1430.00
971.00 1429.00
225.00 1447.00
1096.00 1441.00
552.00 1481.00
1026.00 1480.00
904.00 1494.00
