1113.00 9.00
683.00 80.00
1079.00 61.00
1274.00 65.00
1285.00 142.00
776.00 227.00
584.00 293.00
673.00 315.00
1047.00 274.00
1928.00 184.00
735.00 322.00
956.00 302.00
846.00 318.00
1278.00 281.00
1784.00 240.00
1233.00 351.00
710.00 416.00
1608.00 330.00
1920.00 280.00
1439.00 354.00
520.00 447.00
881.00 427.00
1482.00 362.00
1282.00 395.00
1974.00 319.00
2017.00 324.00
1550.00 388.00
656.00 499.00
841.00 468.00
1859.00 368.00
1045.00 446.00
1475.00 423.00
1760.00 410.00
1271.00 467.00
1066.00 489.00
882.00 507.00
1880.00 426.00
546.00 547.00
1004.00 529.00
1552.00 456.00
1954.00 446.00
1504.00 526.00
1623.00 543.00
952.00 598.00
1927.00 529.00
1135.00 605.00
993.00 620.00
880.00 632.00
1052.00 623.00
1767.00 552.00
1262.00 616.00
1850.00 574.00
1689.00 590.00
1204.00 638.00
882.00 680.00
1351.00 650.00
1101.00 671.00
1570.00 651.00
1722.00 643.00
1456.00 662.00
1400.00 668.00
979.00 704.00
1175.00 707.00
1660.00 684.00
1879.00 682.00
1795.00 692.00
1924.00 685.00
1486.00 729.00
1735.00 726.00
1259.00 783.00
1421.00 774.00
1992.00 820.00
1828.00 838.00
1819.00 894.00
1775.00 893.00
1703.00 912.00
1201.00 923.00
1122.00 932.00
1955.00 945.00
1651.00 965.00
1697.00 977.00
1242.00 998.00
1439.00 990.00
638.00 1046.00
1759.00 1020.00
1123.00 1023.00
1518.00 1020.00
1166.00 1039.00
1826.00 1059.00
1425.00 1066.00
1769.00 1086.00
1704.00 1088.00
1331.00 1155.00
1783.00 1173.00
1422.00 1186.00
1314.00 1207.00
678.00 1208.00
1368.00 1217.00
1760.00 1234.00
1482.00 1240.00
1412.00 1288.00
1577.00 1295.00
1728.00 1352.00
1304.00 1318.00
1416.00 1329.00
1357.00 1334.00
1264.00 1360.00
