191.00 36.00
960.00 17.00
912.00 67.00
821.00 101.00
282.00 161.00
323.00 171.00
866.00 115.00
1321.00 95.00
824.00 156.00
2022.00 62.00
996.00 180.00
1918.00 69.00
735.00 246.00
205.00 287.00
1177.00 221.00
1231.00 226.00
1323.00 232.00
823.00 314.00
541.00 374.00
602.00 380.00
1506.00 294.00
1392.00 331.00
254.00 424.00
706.00 412.00
506.00 466.00
454.00 457.00
1301.00 392.00
1679.00 377.00
556.00 475.00
619.00 489.00
1947.00 376.00
187.00 492.00
671.00 494.00
754.00 510.00
433.00 519.00
1144.00 479.00
1031.00 485.00
885.00 528.00
1544.00 482.00
434.00 571.00
885.00 569.00
1957.00 493.00
1240.00 549.00
839.00 612.00
1185.00 601.00
1024.00 629.00
1079.00 644.00
343.00 740.00
213.00 712.00
880.00 710.00
658.00 698.00
726.00 854.00
405.00 955.00
1311.00 981.00
371.00 1051.00
1847.00 1140.00
656.00 1167.00
590.00 1244.00
702.00 1215.00
1113.00 1217.00
548.00 1289.00
1567.00 1277.00
723.00 1346.00
1150.00 1362.00
1472.00 1359.00
1432.00 1440.00
978.00 1461.00
599.00 1515.00
1876.00 1499.00
