1408.00 21.00
1655.00 17.00
1288.00 51.00
647.00 29.00
1167.00 72.00
1512.00 80.00
1647.00 87.00
505.00 42.00
709.00 42.00
577.00 140.00
1247.00 144.00
1127.00 135.00
1303.00 120.00
731.00 97.00
935.00 175.00
1439.00 192.00
1271.00 200.00
889.00 175.00
1521.00 198.00
1359.00 192.00
477.00 283.00
1431.00 255.00
763.00 253.00
704.00 264.00
1672.00 308.00
890.00 245.00
1178.00 306.00
609.00 330.00
1403.00 327.00
295.00 268.00
716.00 332.00
1190.00 350.00
1127.00 351.00
644.00 377.00
1598.00 379.00
528.00 368.00
312.00 342.00
1128.00 392.00
42.00 335.00
138.00 348.00
192.00 353.00
896.00 400.00
446.00 394.00
772.00 427.00
716.00 429.00
832.00 399.00
273.00 386.00
1726.00 459.00
65.00 401.00
1125.00 446.00
1450.00 459.00
527.00 455.00
406.00 442.00
345.00 429.00
622.00 483.00
896.00 452.00
27.00 442.00
103.00 465.00
1406.00 501.00
1261.00 520.00
795.00 511.00
892.00 493.00
481.00 495.00
1359.00 511.00
622.00 527.00
440.00 513.00
341.00 520.00
1768.00 547.00
387.00 502.00
642.00 571.00
695.00 561.00
1647.00 592.00
73.00 529.00
1352.00 560.00
189.00 548.00
1287.00 591.00
17.00 560.00
375.00 583.00
1363.00 606.00
796.00 633.00
1410.00 620.00
1701.00 636.00
747.00 600.00
652.00 639.00
306.00 578.00
1025.00 594.00
1160.00 648.00
88.00 622.00
358.00 626.00
747.00 643.00
1585.00 674.00
471.00 654.00
978.00 661.00
921.00 662.00
199.00 643.00
1859.00 694.00
1413.00 683.00
1372.00 683.00
1068.00 680.00
792.00 679.00
1638.00 713.00
353.00 716.00
631.00 729.00
299.00 695.00
708.00 714.00
1837.00 769.00
1290.00 734.00
920.00 726.00
552.00 725.00
450.00 729.00
1069.00 738.00
977.00 744.00
240.00 738.00
300.00 742.00
612.00 770.00
822.00 758.00
756.00 781.00
1070.00 801.00
877.00 786.00
240.00 789.00
75.00 785.00
920.00 787.00
1641.00 857.00
597.00 811.00
428.00 821.00
1005.00 832.00
87.00 835.00
214.00 832.00
138.00 842.00
287.00 823.00
609.00 853.00
1821.00 868.00
345.00 854.00
389.00 863.00
203.00 874.00
687.00 877.00
152.00 893.00
95.00 883.00
807.00 886.00
338.00 937.00
908.00 920.00
501.00 956.00
845.00 932.00
542.00 961.00
787.00 1041.00
954.00 1030.00
680.00 1135.00
1167.00 1120.00
727.00 1185.00
676.00 1196.00
715.00 1237.00
903.00 1262.00
784.00 1280.00
675.00 1309.00
855.00 1424.00
415.00 1438.00
