1724.00 22.00
1475.00 11.00
1644.00 45.00
2016.00 51.00
1311.00 44.00
809.00 92.00
957.00 96.00
1951.00 92.00
719.00 152.00
1552.00 113.00
783.00 183.00
1255.00 183.00
665.00 209.00
65.00 189.00
1331.00 213.00
1111.00 216.00
1611.00 215.00
602.00 241.00
1491.00 242.00
725.00 280.00
1183.00 255.00
162.00 252.00
864.00 287.00
585.00 290.00
1563.00 220.00
775.00 344.00
245.00 331.00
665.00 347.00
1667.00 335.00
872.00 343.00
1225.00 370.00
663.00 402.00
165.00 406.00
1061.00 407.00
805.00 438.00
341.00 443.00
853.00 459.00
897.00 467.00
682.00 512.00
1400.00 512.00
755.00 561.00
211.00 532.00
467.00 591.00
71.00 569.00
648.00 583.00
170.00 590.00
400.00 716.00
191.00 775.00
183.00 1052.00
842.00 1255.00
820.00 1365.00
1601.00 1377.00
208.00 1423.00
753.00 1416.00
839.00 1464.00
243.00 1503.00
