940.00 207.00
1853.00 20.00
1093.00 271.00
1677.00 172.00
1812.00 135.00
1967.00 88.00
1647.00 223.00
1232.00 308.00
1144.00 340.00
1199.00 368.00
1785.00 281.00
1096.00 452.00
1203.00 487.00
939.00 517.00
1097.00 511.00
1986.00 363.00
1627.00 474.00
1762.00 431.00
946.00 575.00
1887.00 405.00
1494.00 469.00
1942.00 400.00
1098.00 568.00
1378.00 523.00
842.00 613.00
1183.00 616.00
1539.00 561.00
1631.00 553.00
1594.00 596.00
1213.00 670.00
1492.00 647.00
2014.00 519.00
1589.00 693.00
1854.00 668.00
2025.00 647.00
945.00 778.00
1465.00 716.00
1968.00 672.00
1127.00 775.00
1532.00 769.00
1318.00 790.00
1688.00 765.00
1100.00 835.00
1184.00 838.00
980.00 888.00
1574.00 825.00
1055.00 898.00
1099.00 902.00
1696.00 863.00
1520.00 898.00
1593.00 918.00
1438.00 896.00
1675.00 906.00
1482.00 958.00
943.00 989.00
1160.00 977.00
1656.00 947.00
1559.00 976.00
1103.00 998.00
1425.00 1008.00
945.00 1032.00
991.00 1033.00
1738.00 1043.00
1624.00 1015.00
973.00 1089.00
1503.00 1144.00
1638.00 1190.00
973.00 1183.00
1090.00 1206.00
1517.00 1212.00
1168.00 1243.00
1049.00 1237.00
1098.00 1252.00
1416.00 1231.00
1728.00 1292.00
1584.00 1265.00
953.00 1256.00
1177.00 1357.00
1219.00 1361.00
1152.00 1404.00
1695.00 1459.00
1547.00 1494.00
1498.00 1516.00
1279.00 1516.00
