354.00 8.00
449.00 137.00
721.00 128.00
398.00 186.00
617.00 183.00
1303.00 40.00
1551.00 20.00
935.00 141.00
486.00 211.00
1649.00 70.00
1576.00 75.00
1223.00 144.00
759.00 216.00
998.00 199.00
814.00 277.00
974.00 303.00
1043.00 263.00
626.00 340.00
1695.00 180.00
1217.00 263.00
719.00 359.00
509.00 375.00
1713.00 233.00
1778.00 217.00
560.00 432.00
1792.00 259.00
1509.00 328.00
503.00 481.00
1263.00 362.00
1447.00 359.00
1810.00 309.00
727.00 456.00
1089.00 414.00
551.00 504.00
821.00 463.00
919.00 454.00
1240.00 440.00
1567.00 358.00
1355.00 417.00
1818.00 364.00
1888.00 356.00
604.00 534.00
791.00 512.00
1423.00 458.00
1831.00 439.00
606.00 580.00
1240.00 514.00
1616.00 456.00
1099.00 529.00
657.00 598.00
1383.00 512.00
783.00 575.00
970.00 598.00
1983.00 489.00
1849.00 508.00
1240.00 586.00
1543.00 530.00
1393.00 583.00
1438.00 583.00
1120.00 619.00
818.00 647.00
695.00 669.00
1639.00 575.00
1250.00 642.00
1771.00 599.00
916.00 672.00
962.00 682.00
1612.00 621.00
1493.00 640.00
1148.00 672.00
1049.00 691.00
1102.00 706.00
1814.00 642.00
1636.00 665.00
1577.00 682.00
704.00 762.00
1150.00 728.00
1400.00 755.00
1719.00 737.00
1334.00 790.00
1639.00 746.00
1890.00 729.00
604.00 839.00
968.00 837.00
1400.00 800.00
1173.00 831.00
1647.00 808.00
1831.00 778.00
1708.00 815.00
1388.00 841.00
1214.00 870.00
1559.00 828.00
1499.00 864.00
1281.00 876.00
737.00 988.00
1719.00 861.00
1018.00 913.00
1391.00 911.00
1327.00 910.00
2031.00 864.00
1122.00 924.00
1256.00 930.00
1525.00 954.00
1374.00 979.00
1543.00 1007.00
1330.00 1049.00
1612.00 1042.00
1289.00 1048.00
1535.00 1061.00
1609.00 1102.00
1167.00 1150.00
1231.00 1184.00
1612.00 1185.00
1153.00 1208.00
1109.00 1225.00
1653.00 1233.00
1439.00 1232.00
1792.00 1307.00
