1143.00 12.00
838.00 36.00
1289.00 31.00
252.00 66.00
207.00 65.00
654.00 99.00
137.00 128.00
1215.00 84.00
1345.00 94.00
360.00 134.00
700.00 123.00
760.00 123.00
805.00 125.00
1205.00 144.00
481.00 159.00
689.00 169.00
775.00 183.00
57.00 189.00
1284.00 172.00
879.00 200.00
1213.00 195.00
977.00 239.00
293.00 231.00
1135.00 221.00
175.00 263.00
750.00 241.00
33.00 252.00
343.00 251.00
541.00 288.00
882.00 252.00
1183.00 244.00
423.00 275.00
266.00 296.00
824.00 270.00
1021.00 280.00
197.00 317.00
1360.00 270.00
46.00 306.00
527.00 335.00
311.00 320.00
649.00 327.00
770.00 330.00
919.00 324.00
118.00 368.00
1110.00 351.00
1221.00 336.00
1364.00 335.00
874.00 352.00
20.00 380.00
365.00 367.00
318.00 371.00
509.00 381.00
191.00 390.00
439.00 391.00
257.00 420.00
976.00 399.00
87.00 418.00
1230.00 403.00
338.00 423.00
1143.00 400.00
1420.00 392.00
896.00 415.00
138.00 423.00
1023.00 422.00
210.00 434.00
521.00 422.00
32.00 444.00
695.00 475.00
803.00 457.00
638.00 488.00
207.00 480.00
24.00 515.00
1453.00 484.00
862.00 498.00
1074.00 488.00
351.00 529.00
791.00 510.00
574.00 527.00
503.00 530.00
178.00 558.00
1056.00 539.00
248.00 537.00
1359.00 532.00
47.00 561.00
1119.00 551.00
128.00 559.00
847.00 564.00
743.00 584.00
1195.00 563.00
384.00 590.00
982.00 573.00
322.00 609.00
146.00 612.00
517.00 598.00
95.00 623.00
897.00 607.00
242.00 611.00
1459.00 618.00
964.00 634.00
36.00 664.00
1015.00 652.00
193.00 660.00
239.00 658.00
965.00 705.00
1015.00 716.00
1371.00 719.00
1224.00 714.00
1058.00 730.00
964.00 748.00
908.00 756.00
1625.00 767.00
1327.00 755.00
1205.00 764.00
1159.00 784.00
1255.00 776.00
1016.00 781.00
1468.00 792.00
937.00 801.00
1369.00 800.00
1313.00 827.00
885.00 809.00
1272.00 840.00
224.00 850.00
907.00 855.00
846.00 860.00
1123.00 934.00
963.00 913.00
1551.00 935.00
1161.00 1000.00
1478.00 1016.00
598.00 1043.00
1430.00 1036.00
973.00 1061.00
1500.00 1415.00
1127.00 1520.00
