502.00 18.00
1466.00 18.00
1294.00 10.00
1166.00 15.00
1967.00 9.00
1360.00 43.00
1545.00 39.00
1871.00 52.00
1607.00 38.00
1759.00 50.00
551.00 90.00
1200.00 69.00
1399.00 87.00
683.00 146.00
1142.00 137.00
1078.00 145.00
1762.00 100.00
1420.00 132.00
562.00 230.00
1750.00 153.00
604.00 234.00
1794.00 148.00
1538.00 199.00
1682.00 201.00
1769.00 207.00
1003.00 255.00
1815.00 189.00
585.00 285.00
1475.00 248.00
393.00 300.00
345.00 305.00
1877.00 223.00
925.00 268.00
1543.00 295.00
467.00 312.00
288.00 363.00
1807.00 312.00
626.00 320.00
1719.00 312.00
1847.00 268.00
1991.00 266.00
1476.00 304.00
561.00 337.00
799.00 368.00
379.00 390.00
729.00 385.00
424.00 383.00
685.00 388.00
1545.00 344.00
323.00 404.00
1675.00 356.00
583.00 379.00
911.00 409.00
1480.00 408.00
1274.00 414.00
1783.00 397.00
422.00 443.00
627.00 467.00
578.00 455.00
955.00 455.00
1585.00 433.00
1165.00 481.00
416.00 515.00
903.00 507.00
1671.00 511.00
139.00 559.00
347.00 522.00
956.00 556.00
775.00 561.00
1112.00 554.00
726.00 569.00
225.00 609.00
1686.00 553.00
864.00 589.00
671.00 605.00
926.00 606.00
761.00 610.00
320.00 628.00
1990.00 593.00
1771.00 617.00
998.00 654.00
517.00 648.00
656.00 649.00
763.00 668.00
1756.00 658.00
125.00 707.00
696.00 703.00
2028.00 667.00
548.00 696.00
393.00 701.00
604.00 705.00
494.00 726.00
819.00 717.00
943.00 717.00
1835.00 697.00
1298.00 717.00
1197.00 730.00
875.00 737.00
214.00 770.00
1908.00 713.00
1120.00 739.00
361.00 751.00
612.00 759.00
752.00 794.00
2003.00 752.00
492.00 779.00
537.00 796.00
993.00 779.00
1434.00 774.00
1497.00 781.00
580.00 803.00
804.00 806.00
1951.00 793.00
857.00 810.00
900.00 812.00
115.00 824.00
1650.00 818.00
943.00 832.00
560.00 845.00
1282.00 844.00
1175.00 865.00
832.00 872.00
517.00 895.00
1715.00 896.00
877.00 917.00
142.00 956.00
1484.00 948.00
969.00 973.00
918.00 981.00
1304.00 981.00
1238.00 996.00
758.00 1012.00
534.00 1034.00
996.00 1068.00
613.00 1076.00
926.00 1071.00
722.00 1139.00
702.00 1189.00
1942.00 1382.00
1521.00 1368.00
1584.00 1430.00
1079.00 1454.00
847.00 1452.00
1175.00 1462.00
511.00 1450.00
98.00 1460.00
845.00 1502.00
504.00 1504.00
