1806.00 145.00
1526.00 133.00
1485.00 138.00
865.00 127.00
1684.00 157.00
1368.00 174.00
1215.00 167.00
1173.00 186.00
205.00 134.00
1433.00 223.00
1811.00 231.00
1288.00 209.00
519.00 159.00
1491.00 247.00
1329.00 232.00
1375.00 245.00
1244.00 234.00
888.00 202.00
1590.00 258.00
1047.00 230.00
842.00 207.00
381.00 190.00
745.00 217.00
907.00 248.00
679.00 224.00
1532.00 296.00
808.00 248.00
184.00 191.00
1470.00 312.00
523.00 241.00
728.00 263.00
850.00 279.00
1082.00 304.00
1277.00 320.00
1337.00 319.00
422.00 252.00
1228.00 318.00
1454.00 355.00
840.00 320.00
634.00 305.00
1319.00 366.00
782.00 332.00
1216.00 374.00
261.00 290.00
1169.00 378.00
148.00 280.00
1086.00 384.00
59.00 289.00
1033.00 389.00
542.00 351.00
679.00 351.00
976.00 394.00
1571.00 409.00
256.00 343.00
1790.00 410.00
904.00 400.00
842.00 404.00
192.00 347.00
353.00 371.00
735.00 413.00
54.00 347.00
641.00 421.00
558.00 427.00
941.00 454.00
1763.00 460.00
514.00 432.00
1166.00 459.00
1698.00 465.00
447.00 436.00
1442.00 481.00
255.00 452.00
1319.00 490.00
168.00 461.00
1232.00 495.00
775.00 485.00
1367.00 536.00
92.00 465.00
1116.00 503.00
41.00 470.00
416.00 496.00
892.00 519.00
1306.00 551.00
959.00 535.00
359.00 515.00
711.00 530.00
281.00 520.00
608.00 537.00
223.00 524.00
175.00 528.00
679.00 575.00
359.00 556.00
799.00 631.00
1710.00 716.00
783.00 718.00
1820.00 747.00
1454.00 726.00
347.00 736.00
891.00 749.00
1454.00 783.00
623.00 758.00
1413.00 784.00
1327.00 786.00
1239.00 791.00
397.00 764.00
890.00 800.00
779.00 804.00
534.00 794.00
260.00 800.00
98.00 794.00
393.00 817.00
342.00 817.00
1577.00 848.00
1832.00 895.00
1416.00 881.00
1768.00 908.00
1727.00 909.00
1459.00 913.00
1331.00 915.00
1241.00 916.00
1168.00 917.00
1119.00 918.00
293.00 926.00
887.00 921.00
251.00 921.00
784.00 938.00
387.00 930.00
334.00 930.00
1171.00 967.00
726.00 952.00
345.00 992.00
1151.00 1012.00
784.00 1024.00
1391.00 1065.00
240.00 1064.00
1280.00 1079.00
319.00 1142.00
1737.00 1143.00
1299.00 1197.00
1340.00 1199.00
1703.00 1231.00
1748.00 1238.00
1474.00 1230.00
