1185.00 9.00
1424.00 32.00
202.00 33.00
1368.00 36.00
1822.00 56.00
1656.00 63.00
252.00 65.00
1459.00 81.00
1059.00 69.00
507.00 95.00
970.00 83.00
694.00 104.00
1546.00 99.00
818.00 127.00
1014.00 97.00
1996.00 104.00
192.00 148.00
554.00 124.00
245.00 122.00
604.00 135.00
1463.00 127.00
354.00 128.00
885.00 170.00
1608.00 142.00
645.00 163.00
1710.00 177.00
311.00 196.00
238.00 180.00
554.00 197.00
947.00 239.00
1513.00 213.00
398.00 215.00
184.00 249.00
1647.00 215.00
1271.00 208.00
498.00 250.00
711.00 240.00
1011.00 237.00
443.00 244.00
1856.00 256.00
375.00 257.00
551.00 284.00
928.00 313.00
1676.00 283.00
67.00 316.00
689.00 304.00
228.00 338.00
1472.00 311.00
1800.00 296.00
174.00 369.00
976.00 330.00
1943.00 330.00
545.00 395.00
1790.00 351.00
416.00 374.00
1735.00 359.00
638.00 392.00
150.00 416.00
1319.00 369.00
592.00 348.00
1427.00 394.00
218.00 441.00
901.00 420.00
479.00 406.00
1185.00 404.00
296.00 411.00
544.00 451.00
711.00 405.00
798.00 420.00
1566.00 425.00
636.00 482.00
1111.00 434.00
1384.00 456.00
751.00 455.00
499.00 473.00
334.00 460.00
146.00 467.00
1439.00 448.00
1238.00 455.00
439.00 475.00
540.00 507.00
262.00 508.00
1059.00 485.00
1639.00 516.00
584.00 550.00
2025.00 520.00
1495.00 511.00
1045.00 547.00
1975.00 533.00
1871.00 530.00
1591.00 536.00
212.00 544.00
1793.00 536.00
1742.00 542.00
1265.00 561.00
1519.00 564.00
2031.00 581.00
1467.00 556.00
1638.00 602.00
1382.00 603.00
1317.00 604.00
1985.00 586.00
150.00 668.00
1902.00 613.00
1487.00 650.00
1320.00 652.00
1643.00 668.00
1371.00 685.00
1446.00 688.00
1322.00 697.00
1582.00 708.00
1960.00 736.00
1615.00 1172.00
1818.00 1283.00
1357.00 1363.00
1174.00 1423.00
