1352.00 43.00
530.00 34.00
1199.00 71.00
1593.00 152.00
1026.00 190.00
1074.00 222.00
589.00 223.00
1028.00 234.00
741.00 246.00
1073.00 294.00
1390.00 322.00
158.00 306.00
1347.00 328.00
463.00 300.00
548.00 306.00
1087.00 363.00
94.00 337.00
1031.00 372.00
1416.00 376.00
692.00 376.00
1534.00 401.00
1076.00 418.00
1486.00 422.00
175.00 418.00
103.00 429.00
425.00 438.00
1402.00 486.00
900.00 472.00
1537.00 488.00
732.00 505.00
307.00 474.00
200.00 483.00
1479.00 513.00
988.00 515.00
1435.00 539.00
397.00 496.00
1565.00 558.00
1393.00 575.00
1287.00 576.00
1339.00 576.00
279.00 585.00
1713.00 616.00
345.00 576.00
731.00 606.00
235.00 581.00
528.00 595.00
1186.00 608.00
1015.00 606.00
1596.00 624.00
585.00 624.00
633.00 637.00
196.00 636.00
121.00 634.00
457.00 650.00
845.00 674.00
258.00 657.00
991.00 678.00
1686.00 684.00
13.00 685.00
1056.00 699.00
1512.00 727.00
1463.00 765.00
1757.00 774.00
1399.00 762.00
311.00 762.00
912.00 805.00
727.00 755.00
364.00 769.00
508.00 789.00
808.00 796.00
992.00 831.00
1369.00 817.00
374.00 826.00
1304.00 869.00
912.00 855.00
518.00 853.00
1048.00 869.00
369.00 887.00
994.00 882.00
642.00 888.00
911.00 939.00
1181.00 928.00
535.00 932.00
993.00 963.00
568.00 975.00
912.00 998.00
1044.00 984.00
994.00 1007.00
1822.00 1006.00
1976.00 1205.00
1350.00 1180.00
1224.00 1183.00
1818.00 1274.00
1362.00 1457.00
