1126.00 9.00
962.00 32.00
1326.00 35.00
377.00 16.00
1590.00 30.00
663.00 16.00
1701.00 43.00
1650.00 38.00
1466.00 47.00
1743.00 49.00
1100.00 53.00
107.00 16.00
1327.00 97.00
536.00 87.00
712.00 96.00
1245.00 95.00
328.00 111.00
1399.00 139.00
911.00 144.00
1457.00 134.00
1075.00 136.00
955.00 162.00
1012.00 144.00
824.00 153.00
1300.00 139.00
1239.00 197.00
1647.00 185.00
1311.00 185.00
439.00 161.00
1045.00 198.00
39.00 166.00
1460.00 199.00
1194.00 237.00
1604.00 239.00
440.00 220.00
579.00 240.00
719.00 248.00
199.00 239.00
846.00 261.00
92.00 255.00
1011.00 269.00
1084.00 276.00
1276.00 300.00
1375.00 288.00
1149.00 313.00
1319.00 303.00
1722.00 343.00
1679.00 329.00
248.00 318.00
919.00 328.00
1466.00 334.00
672.00 335.00
775.00 355.00
167.00 338.00
1011.00 369.00
599.00 373.00
247.00 368.00
761.00 418.00
1679.00 397.00
879.00 399.00
1469.00 400.00
1534.00 369.00
1627.00 405.00
204.00 390.00
1076.00 421.00
1011.00 434.00
143.00 396.00
1136.00 422.00
377.00 424.00
594.00 437.00
241.00 440.00
700.00 443.00
1663.00 447.00
802.00 450.00
905.00 456.00
62.00 457.00
1121.00 494.00
333.00 473.00
1328.00 500.00
248.00 502.00
1005.00 498.00
1199.00 492.00
374.00 495.00
481.00 500.00
175.00 519.00
592.00 508.00
655.00 507.00
698.00 512.00
93.00 501.00
801.00 518.00
1081.00 537.00
1137.00 543.00
1299.00 542.00
1341.00 545.00
1188.00 547.00
136.00 568.00
1820.00 605.00
1672.00 601.00
1718.00 614.00
18.00 589.00
339.00 642.00
387.00 644.00
448.00 646.00
693.00 651.00
58.00 640.00
796.00 655.00
901.00 660.00
297.00 667.00
127.00 663.00
848.00 695.00
610.00 702.00
652.00 688.00
426.00 714.00
350.00 732.00
121.00 724.00
278.00 735.00
608.00 743.00
827.00 764.00
350.00 794.00
380.00 840.00
577.00 823.00
426.00 842.00
471.00 821.00
714.00 888.00
269.00 901.00
647.00 1271.00
901.00 1272.00
838.00 1375.00
1073.00 1474.00
1106.00 1526.00
