745.00 64.00
324.00 200.00
788.00 160.00
815.00 221.00
854.00 304.00
889.00 384.00
283.00 353.00
910.00 428.00
1392.00 577.00
863.00 459.00
563.00 418.00
953.00 545.00
231.00 342.00
1223.00 623.00
1365.00 662.00
1286.00 664.00
1229.00 665.00
1172.00 667.00
1075.00 669.00
1087.00 710.00
1303.00 720.00
1239.00 707.00
873.00 727.00
998.00 748.00
1044.00 725.00
1270.00 761.00
786.00 730.00
938.00 788.00
881.00 788.00
840.00 790.00
761.00 790.00
1187.00 848.00
1233.00 851.00
1054.00 827.00
910.00 843.00
832.00 841.00
755.00 873.00
1027.00 898.00
1139.00 996.00
1193.00 1087.00
