649.00 16.00
1520.00 39.00
322.00 26.00
485.00 32.00
1146.00 63.00
1100.00 92.00
1557.00 84.00
1625.00 96.00
1414.00 129.00
1961.00 96.00
487.00 85.00
362.00 113.00
535.00 100.00
1350.00 136.00
635.00 126.00
288.00 136.00
943.00 175.00
438.00 183.00
1607.00 205.00
848.00 218.00
1442.00 241.00
1803.00 251.00
557.00 255.00
509.00 244.00
816.00 270.00
1550.00 297.00
1391.00 278.00
447.00 268.00
598.00 280.00
775.00 304.00
832.00 323.00
1774.00 299.00
1414.00 338.00
1677.00 336.00
223.00 327.00
623.00 331.00
1607.00 343.00
287.00 339.00
134.00 378.00
681.00 384.00
736.00 398.00
89.00 390.00
871.00 386.00
297.00 430.00
1008.00 396.00
1782.00 400.00
1525.00 426.00
1055.00 426.00
551.00 447.00
626.00 471.00
770.00 449.00
1129.00 465.00
1526.00 477.00
107.00 488.00
719.00 513.00
1576.00 504.00
879.00 496.00
1791.00 520.00
1687.00 544.00
798.00 556.00
652.00 549.00
331.00 557.00
506.00 558.00
1416.00 588.00
1105.00 587.00
1002.00 587.00
534.00 618.00
992.00 639.00
843.00 626.00
1234.00 664.00
797.00 654.00
689.00 679.00
1318.00 698.00
1369.00 702.00
907.00 682.00
268.00 715.00
1430.00 703.00
749.00 697.00
1551.00 735.00
1066.00 717.00
791.00 720.00
1689.00 749.00
640.00 754.00
1444.00 773.00
1188.00 758.00
701.00 764.00
789.00 767.00
1107.00 784.00
1360.00 823.00
1312.00 829.00
1190.00 832.00
1109.00 845.00
1161.00 874.00
708.00 907.00
1261.00 952.00
1203.00 1002.00
1368.00 1065.00
1383.00 1111.00
1456.00 1114.00
1271.00 1137.00
1056.00 1141.00
1470.00 1155.00
845.00 1159.00
1318.00 1174.00
1270.00 1179.00
1060.00 1199.00
1191.00 1223.00
1476.00 1213.00
1320.00 1226.00
1063.00 1240.00
1374.00 1233.00
1067.00 1281.00
1472.00 1285.00
1114.00 1289.00
1168.00 1322.00
1047.00 1328.00
1113.00 1336.00
1416.00 1407.00
