1608.00 19.00
1860.00 8.00
218.00 56.00
79.00 77.00
790.00 59.00
1510.00 47.00
860.00 69.00
389.00 110.00
1264.00 107.00
1321.00 104.00
1464.00 111.00
1200.00 109.00
108.00 128.00
274.00 125.00
1519.00 103.00
1739.00 89.00
316.00 131.00
64.00 136.00
1086.00 90.00
430.00 131.00
1874.00 97.00
219.00 150.00
1408.00 142.00
1594.00 129.00
1280.00 157.00
353.00 183.00
139.00 188.00
1373.00 191.00
544.00 189.00
1656.00 160.00
1215.00 201.00
1087.00 225.00
1589.00 195.00
1302.00 211.00
51.00 230.00
213.00 221.00
154.00 244.00
365.00 241.00
612.00 225.00
1364.00 275.00
518.00 241.00
66.00 283.00
414.00 278.00
175.00 311.00
372.00 288.00
1264.00 283.00
1088.00 269.00
1151.00 295.00
1311.00 252.00
1964.00 241.00
1210.00 329.00
1655.00 279.00
1727.00 278.00
760.00 300.00
1943.00 282.00
488.00 339.00
1251.00 326.00
43.00 340.00
1444.00 326.00
1155.00 370.00
860.00 351.00
571.00 360.00
1769.00 360.00
745.00 370.00
1302.00 398.00
946.00 395.00
1212.00 385.00
1598.00 376.00
1488.00 400.00
987.00 415.00
840.00 396.00
592.00 418.00
676.00 427.00
1818.00 415.00
97.00 459.00
1767.00 426.00
1932.00 407.00
333.00 463.00
1317.00 448.00
542.00 481.00
590.00 462.00
717.00 464.00
222.00 489.00
1768.00 471.00
454.00 500.00
129.00 508.00
399.00 503.00
806.00 500.00
673.00 496.00
19.00 541.00
299.00 532.00
220.00 541.00
586.00 542.00
542.00 527.00
450.00 553.00
396.00 557.00
1695.00 527.00
672.00 567.00
1990.00 571.00
375.00 625.00
571.00 611.00
1842.00 584.00
624.00 616.00
203.00 630.00
2009.00 612.00
107.00 651.00
1919.00 617.00
576.00 656.00
497.00 652.00
388.00 668.00
663.00 674.00
456.00 681.00
713.00 685.00
311.00 687.00
530.00 710.00
199.00 731.00
472.00 733.00
547.00 752.00
1846.00 712.00
304.00 772.00
235.00 790.00
175.00 818.00
40.00 822.00
1796.00 790.00
1698.00 797.00
1561.00 807.00
555.00 894.00
1649.00 863.00
345.00 894.00
636.00 919.00
1916.00 913.00
1609.00 944.00
460.00 968.00
564.00 1044.00
291.00 1059.00
506.00 1094.00
1898.00 1077.00
744.00 1088.00
132.00 1110.00
336.00 1107.00
2023.00 1108.00
559.00 1129.00
1578.00 1123.00
1881.00 1164.00
1528.00 1171.00
1576.00 1172.00
1826.00 1183.00
616.00 1221.00
528.00 1232.00
1968.00 1287.00
1575.00 1303.00
1678.00 1318.00
1970.00 1336.00
272.00 1448.00
