102.00 38.00
743.00 8.00
215.00 56.00
399.00 51.00
50.00 101.00
445.00 36.00
658.00 103.00
768.00 83.00
114.00 175.00
580.00 144.00
272.00 149.00
726.00 122.00
1293.00 30.00
1376.00 16.00
269.00 195.00
721.00 181.00
803.00 164.00
1730.00 15.00
983.00 159.00
107.00 255.00
1295.00 84.00
82.00 328.00
260.00 339.00
441.00 324.00
532.00 316.00
1471.00 264.00
991.00 293.00
1994.00 179.00
1703.00 238.00
1336.00 275.00
1174.00 306.00
1842.00 225.00
1891.00 228.00
1758.00 248.00
649.00 372.00
96.00 397.00
235.00 386.00
529.00 362.00
761.00 348.00
1484.00 321.00
578.00 377.00
55.00 426.00
350.00 399.00
1463.00 367.00
946.00 358.00
525.00 440.00
598.00 436.00
758.00 424.00
817.00 419.00
667.00 431.00
480.00 449.00
153.00 468.00
1807.00 343.00
339.00 463.00
1875.00 347.00
1928.00 363.00
262.00 487.00
1989.00 362.00
588.00 479.00
131.00 509.00
1381.00 447.00
1517.00 437.00
1724.00 421.00
1247.00 480.00
773.00 487.00
1662.00 431.00
630.00 490.00
1335.00 471.00
1932.00 416.00
718.00 504.00
1154.00 492.00
1994.00 403.00
334.00 542.00
1695.00 480.00
989.00 542.00
1196.00 544.00
1938.00 491.00
1280.00 563.00
1238.00 566.00
740.00 585.00
845.00 579.00
1660.00 545.00
1728.00 542.00
354.00 606.00
237.00 635.00
307.00 633.00
1155.00 576.00
2000.00 548.00
1892.00 567.00
560.00 642.00
2012.00 592.00
419.00 710.00
1885.00 625.00
1355.00 666.00
162.00 687.00
1521.00 659.00
1765.00 649.00
514.00 673.00
1079.00 696.00
1432.00 680.00
1187.00 701.00
578.00 714.00
492.00 726.00
235.00 754.00
301.00 752.00
1437.00 736.00
789.00 749.00
1839.00 708.00
892.00 770.00
1258.00 757.00
1359.00 753.00
1133.00 766.00
1675.00 761.00
1753.00 751.00
1842.00 770.00
1392.00 801.00
1463.00 802.00
1295.00 849.00
1947.00 798.00
1737.00 834.00
1784.00 842.00
1360.00 850.00
693.00 856.00
2037.00 886.00
1077.00 887.00
1622.00 875.00
448.00 910.00
495.00 914.00
1789.00 890.00
806.00 921.00
1477.00 919.00
1685.00 912.00
1530.00 935.00
503.00 978.00
770.00 1011.00
662.00 1016.00
601.00 1022.00
933.00 993.00
1544.00 1049.00
1483.00 1047.00
840.00 1100.00
1569.00 1111.00
733.00 1144.00
511.00 1162.00
1471.00 1165.00
605.00 1165.00
558.00 1215.00
2015.00 1263.00
760.00 1200.00
286.00 1261.00
1320.00 1280.00
1586.00 1314.00
1452.00 1326.00
1304.00 1336.00
599.00 1315.00
1463.00 1377.00
334.00 1359.00
