1665.00 61.00
1284.00 88.00
1500.00 180.00
1561.00 229.00
694.00 128.00
1256.00 220.00
1571.00 272.00
46.00 110.00
691.00 215.00
1209.00 304.00
690.00 262.00
1344.00 319.00
888.00 287.00
753.00 279.00
842.00 287.00
1679.00 388.00
1214.00 359.00
1287.00 384.00
688.00 328.00
687.00 382.00
1183.00 430.00
303.00 362.00
750.00 408.00
1172.00 471.00
1050.00 470.00
1249.00 486.00
1504.00 504.00
1456.00 519.00
821.00 478.00
1176.00 512.00
1647.00 547.00
1524.00 545.00
1051.00 511.00
1567.00 551.00
431.00 500.00
969.00 537.00
1453.00 562.00
295.00 478.00
1376.00 604.00
747.00 583.00
1622.00 651.00
880.00 645.00
695.00 659.00
1171.00 695.00
284.00 643.00
675.00 700.00
816.00 695.00
468.00 655.00
743.00 705.00
1304.00 742.00
815.00 753.00
674.00 756.00
465.00 739.00
1592.00 773.00
741.00 773.00
277.00 738.00
1142.00 788.00
976.00 791.00
672.00 806.00
815.00 804.00
1378.00 814.00
1326.00 818.00
1561.00 846.00
519.00 850.00
327.00 855.00
406.00 865.00
266.00 898.00
471.00 922.00
667.00 929.00
515.00 943.00
776.00 956.00
376.00 987.00
520.00 987.00
430.00 987.00
774.00 1002.00
815.00 1033.00
1096.00 1085.00
662.00 1124.00
315.00 1183.00
440.00 1175.00
617.00 1213.00
603.00 1254.00
1024.00 1282.00
549.00 1336.00
610.00 1339.00
780.00 1352.00
