1975.00 159.00
1427.00 150.00
1476.00 155.00
271.00 128.00
461.00 153.00
609.00 175.00
1580.00 223.00
1260.00 222.00
764.00 217.00
1338.00 234.00
1414.00 246.00
1487.00 257.00
639.00 237.00
1119.00 247.00
1557.00 267.00
1647.00 282.00
439.00 279.00
1741.00 293.00
1248.00 305.00
1896.00 309.00
741.00 294.00
640.00 296.00
797.00 293.00
1600.00 336.00
216.00 288.00
967.00 311.00
310.00 295.00
1855.00 330.00
1361.00 335.00
1793.00 361.00
175.00 333.00
1454.00 381.00
935.00 375.00
1087.00 380.00
759.00 407.00
431.00 423.00
1475.00 432.00
256.00 408.00
1331.00 440.00
502.00 423.00
430.00 464.00
273.00 476.00
706.00 501.00
1487.00 516.00
629.00 510.00
502.00 505.00
1154.00 525.00
562.00 528.00
172.00 502.00
93.00 495.00
1286.00 547.00
919.00 544.00
775.00 542.00
705.00 542.00
384.00 567.00
499.00 548.00
836.00 559.00
28.00 539.00
108.00 547.00
283.00 557.00
330.00 562.00
1104.00 580.00
554.00 577.00
1198.00 593.00
1328.00 616.00
40.00 672.00
367.00 672.00
780.00 736.00
739.00 719.00
1070.00 721.00
84.00 722.00
1129.00 763.00
36.00 774.00
1027.00 782.00
780.00 778.00
862.00 785.00
2022.00 839.00
163.00 816.00
1222.00 829.00
313.00 826.00
967.00 816.00
874.00 835.00
1674.00 869.00
823.00 859.00
1590.00 879.00
92.00 872.00
871.00 879.00
930.00 946.00
992.00 947.00
1242.00 1011.00
284.00 1185.00
201.00 1189.00
323.00 1272.00
805.00 1336.00
282.00 1360.00
95.00 1398.00
299.00 1408.00
357.00 1403.00
882.00 1390.00
175.00 1423.00
232.00 1487.00
