919.00 47.00
1367.00 39.00
1191.00 100.00
266.00 66.00
1562.00 104.00
1363.00 116.00
1127.00 127.00
480.00 141.00
1140.00 184.00
2021.00 159.00
969.00 175.00
1483.00 191.00
1355.00 249.00
153.00 171.00
1022.00 247.00
42.00 233.00
1082.00 245.00
1278.00 277.00
1898.00 283.00
522.00 279.00
1351.00 310.00
2022.00 294.00
903.00 306.00
729.00 319.00
1952.00 338.00
1160.00 357.00
1723.00 346.00
452.00 351.00
533.00 361.00
1331.00 372.00
1840.00 374.00
1067.00 368.00
1208.00 383.00
1577.00 376.00
1937.00 384.00
1459.00 406.00
725.00 439.00
1157.00 420.00
1799.00 414.00
1377.00 443.00
1279.00 447.00
1332.00 445.00
1057.00 422.00
525.00 456.00
784.00 468.00
1219.00 475.00
326.00 464.00
395.00 474.00
1117.00 512.00
499.00 511.00
1393.00 511.00
1352.00 526.00
546.00 523.00
1568.00 544.00
363.00 518.00
479.00 552.00
534.00 567.00
420.00 579.00
1250.00 614.00
47.00 601.00
1417.00 620.00
1166.00 620.00
618.00 635.00
1855.00 621.00
505.00 654.00
1419.00 696.00
259.00 709.00
413.00 727.00
363.00 727.00
1179.00 744.00
463.00 740.00
1383.00 807.00
1278.00 808.00
555.00 827.00
1311.00 885.00
1705.00 1071.00
1759.00 1096.00
252.00 1107.00
1762.00 1216.00
338.00 1230.00
1996.00 1277.00
2004.00 1356.00
