875.00 8.00
1213.00 53.00
1289.00 38.00
681.00 58.00
1376.00 55.00
133.00 88.00
623.00 73.00
2000.00 21.00
1018.00 119.00
1707.00 111.00
1875.00 89.00
1958.00 71.00
89.00 116.00
430.00 147.00
1136.00 136.00
1358.00 159.00
776.00 190.00
480.00 173.00
1784.00 164.00
61.00 178.00
1695.00 166.00
1183.00 184.00
74.00 223.00
1239.00 207.00
1117.00 210.00
550.00 215.00
1533.00 237.00
1971.00 238.00
131.00 271.00
1016.00 249.00
202.00 259.00
1096.00 257.00
571.00 262.00
1753.00 264.00
49.00 279.00
614.00 279.00
1879.00 296.00
1593.00 304.00
671.00 320.00
1214.00 317.00
1271.00 324.00
223.00 304.00
569.00 306.00
1539.00 336.00
1704.00 315.00
519.00 343.00
1312.00 360.00
1541.00 378.00
1699.00 356.00
1066.00 387.00
1647.00 360.00
265.00 390.00
1783.00 392.00
1533.00 424.00
1295.00 430.00
1390.00 426.00
1434.00 426.00
1834.00 413.00
417.00 448.00
951.00 448.00
1230.00 431.00
1609.00 448.00
138.00 474.00
1710.00 461.00
484.00 482.00
1544.00 483.00
528.00 494.00
1407.00 490.00
1352.00 486.00
930.00 519.00
373.00 533.00
693.00 549.00
1475.00 521.00
427.00 550.00
524.00 567.00
960.00 560.00
1627.00 537.00
85.00 565.00
190.00 595.00
1812.00 547.00
1425.00 555.00
2029.00 574.00
1612.00 588.00
503.00 610.00
969.00 612.00
295.00 626.00
24.00 645.00
232.00 639.00
1137.00 636.00
1060.00 632.00
1663.00 623.00
398.00 653.00
594.00 661.00
1287.00 648.00
282.00 667.00
354.00 673.00
2025.00 646.00
1720.00 657.00
653.00 685.00
41.00 704.00
1019.00 677.00
933.00 701.00
297.00 716.00
515.00 714.00
130.00 753.00
223.00 755.00
1709.00 736.00
48.00 774.00
293.00 760.00
347.00 760.00
426.00 759.00
498.00 758.00
1910.00 743.00
968.00 772.00
558.00 808.00
1969.00 768.00
185.00 813.00
242.00 799.00
127.00 806.00
928.00 814.00
1707.00 811.00
579.00 869.00
1836.00 829.00
970.00 845.00
331.00 868.00
388.00 868.00
492.00 867.00
928.00 871.00
63.00 892.00
122.00 859.00
230.00 901.00
164.00 914.00
1049.00 919.00
61.00 935.00
522.00 928.00
46.00 990.00
1069.00 979.00
951.00 993.00
1120.00 992.00
602.00 1028.00
27.00 1071.00
76.00 1089.00
269.00 1093.00
597.00 1133.00
495.00 1146.00
185.00 1170.00
1127.00 1173.00
48.00 1192.00
257.00 1208.00
128.00 1219.00
478.00 1202.00
525.00 1200.00
337.00 1207.00
592.00 1199.00
57.00 1233.00
399.00 1205.00
181.00 1252.00
109.00 1270.00
41.00 1287.00
423.00 1297.00
879.00 1312.00
1007.00 1312.00
1815.00 1361.00
559.00 1424.00
834.00 1405.00
639.00 1487.00
682.00 1486.00
424.00 1495.00
495.00 1493.00
