944.00 21.00
874.00 26.00
1949.00 43.00
1339.00 113.00
1622.00 118.00
1673.00 196.00
737.00 216.00
682.00 220.00
8.00 143.00
1553.00 253.00
564.00 341.00
1886.00 303.00
1840.00 307.00
1392.00 339.00
929.00 382.00
1338.00 371.00
1293.00 374.00
1845.00 350.00
471.00 438.00
1581.00 420.00
1176.00 436.00
796.00 461.00
1106.00 463.00
1343.00 472.00
1240.00 471.00
252.00 515.00
688.00 530.00
1679.00 494.00
1229.00 541.00
903.00 565.00
1329.00 525.00
786.00 565.00
519.00 557.00
1726.00 556.00
633.00 583.00
854.00 575.00
1091.00 592.00
535.00 624.00
762.00 622.00
1608.00 615.00
716.00 654.00
481.00 664.00
831.00 658.00
1146.00 654.00
1089.00 662.00
439.00 691.00
1044.00 684.00
1702.00 667.00
619.00 703.00
968.00 704.00
853.00 704.00
1119.00 709.00
1024.00 725.00
618.00 750.00
1072.00 751.00
667.00 763.00
1173.00 747.00
967.00 760.00
1332.00 766.00
745.00 767.00
420.00 804.00
484.00 768.00
914.00 777.00
999.00 811.00
419.00 851.00
594.00 1111.00
914.00 1388.00
