1223.00 68.00
992.00 80.00
522.00 96.00
1639.00 138.00
716.00 150.00
1136.00 197.00
1519.00 224.00
413.00 221.00
1204.00 242.00
807.00 255.00
331.00 271.00
1134.00 304.00
784.00 316.00
380.00 287.00
1534.00 325.00
1584.00 324.00
314.00 316.00
831.00 393.00
715.00 396.00
1021.00 407.00
1319.00 415.00
1186.00 415.00
1427.00 447.00
1030.00 466.00
632.00 454.00
910.00 473.00
1282.00 461.00
573.00 448.00
339.00 481.00
398.00 489.00
439.00 477.00
96.00 484.00
1292.00 505.00
890.00 521.00
11.00 517.00
1211.00 535.00
237.00 544.00
1360.00 567.00
465.00 567.00
1051.00 591.00
1217.00 600.00
1167.00 591.00
390.00 598.00
233.00 601.00
733.00 627.00
1462.00 641.00
314.00 642.00
464.00 645.00
378.00 648.00
1171.00 640.00
1107.00 662.00
588.00 659.00
1831.00 681.00
1921.00 705.00
1474.00 706.00
534.00 730.00
1099.00 710.00
1145.00 726.00
864.00 718.00
1005.00 728.00
1282.00 726.00
1496.00 774.00
1749.00 788.00
956.00 778.00
540.00 792.00
1006.00 827.00
1228.00 859.00
627.00 860.00
1265.00 918.00
1293.00 1266.00
625.00 1289.00
