743.00 31.00
664.00 22.00
620.00 111.00
1085.00 45.00
644.00 283.00
1873.00 183.00
758.00 288.00
1099.00 303.00
744.00 345.00
1865.00 235.00
894.00 358.00
959.00 404.00
1639.00 343.00
1197.00 394.00
745.00 446.00
1599.00 390.00
924.00 462.00
1860.00 375.00
1857.00 428.00
1616.00 437.00
1599.00 478.00
1772.00 499.00
1588.00 541.00
1968.00 516.00
1752.00 542.00
1393.00 619.00
1748.00 609.00
684.00 685.00
2015.00 658.00
1672.00 652.00
1929.00 644.00
1739.00 652.00
1431.00 672.00
821.00 758.00
1561.00 667.00
1603.00 733.00
861.00 817.00
1379.00 788.00
1507.00 768.00
1814.00 800.00
1689.00 806.00
685.00 853.00
1947.00 815.00
1878.00 820.00
1440.00 831.00
1697.00 858.00
885.00 951.00
1592.00 1350.00
