275.00 17.00
790.00 12.00
856.00 17.00
801.00 62.00
1373.00 61.00
284.00 67.00
1500.00 71.00
1830.00 75.00
1278.00 100.00
1442.00 89.00
1832.00 130.00
803.00 175.00
570.00 216.00
1837.00 204.00
1344.00 216.00
1840.00 248.00
1244.00 262.00
624.00 293.00
301.00 300.00
1448.00 276.00
1001.00 300.00
1667.00 290.00
1845.00 306.00
1978.00 276.00
1800.00 352.00
1684.00 355.00
1569.00 383.00
1741.00 391.00
295.00 454.00
1294.00 448.00
1654.00 448.00
1116.00 477.00
1531.00 467.00
992.00 489.00
1061.00 493.00
576.00 538.00
1441.00 540.00
1387.00 564.00
950.00 591.00
1046.00 593.00
1149.00 619.00
410.00 532.00
1411.00 617.00
1560.00 599.00
617.00 644.00
1291.00 656.00
911.00 673.00
974.00 704.00
1068.00 706.00
327.00 848.00
964.00 845.00
332.00 1034.00
