927.00 32.00
272.00 70.00
838.00 23.00
1285.00 8.00
639.00 72.00
1219.00 30.00
1344.00 28.00
1178.00 50.00
288.00 120.00
1681.00 11.00
1287.00 58.00
1423.00 121.00
1650.00 52.00
567.00 160.00
1344.00 110.00
800.00 160.00
920.00 167.00
1671.00 93.00
663.00 191.00
247.00 247.00
591.00 215.00
497.00 224.00
821.00 208.00
399.00 247.00
1301.00 200.00
672.00 256.00
1871.00 152.00
121.00 275.00
1615.00 192.00
304.00 295.00
1175.00 239.00
1753.00 202.00
193.00 312.00
1877.00 204.00
1831.00 217.00
1550.00 226.00
592.00 311.00
789.00 294.00
1286.00 265.00
1610.00 249.00
846.00 292.00
1790.00 249.00
1746.00 246.00
463.00 338.00
171.00 357.00
1075.00 326.00
1033.00 346.00
1124.00 328.00
1646.00 294.00
1172.00 319.00
1695.00 314.00
535.00 399.00
1124.00 369.00
1784.00 347.00
1571.00 351.00
1050.00 396.00
287.00 415.00
1743.00 374.00
1399.00 393.00
696.00 426.00
1506.00 398.00
1630.00 405.00
1100.00 427.00
1682.00 419.00
1033.00 446.00
1246.00 433.00
269.00 482.00
583.00 470.00
1415.00 458.00
1563.00 449.00
1199.00 461.00
200.00 494.00
631.00 497.00
319.00 506.00
1633.00 453.00
1736.00 442.00
1074.00 478.00
1841.00 449.00
1247.00 484.00
1380.00 525.00
1341.00 464.00
159.00 553.00
456.00 534.00
810.00 551.00
1742.00 503.00
1101.00 561.00
1698.00 529.00
227.00 594.00
1175.00 565.00
1274.00 546.00
408.00 613.00
449.00 637.00
1101.00 602.00
1351.00 604.00
1251.00 616.00
960.00 630.00
180.00 655.00
1176.00 644.00
1048.00 632.00
1227.00 664.00
1377.00 661.00
597.00 673.00
794.00 681.00
703.00 686.00
540.00 692.00
1100.00 672.00
280.00 727.00
1278.00 707.00
1176.00 713.00
589.00 731.00
542.00 739.00
638.00 732.00
1338.00 712.00
1100.00 723.00
195.00 773.00
305.00 785.00
1435.00 765.00
877.00 779.00
655.00 785.00
139.00 805.00
1279.00 768.00
1033.00 784.00
1100.00 784.00
1382.00 791.00
1126.00 855.00
1032.00 837.00
1453.00 806.00
1078.00 826.00
856.00 860.00
1921.00 848.00
1128.00 899.00
1406.00 875.00
1077.00 898.00
1206.00 914.00
1442.00 936.00
1032.00 942.00
1394.00 956.00
1145.00 952.00
1104.00 1029.00
878.00 1048.00
1864.00 1071.00
1033.00 1122.00
826.00 1145.00
1437.00 1163.00
1033.00 1169.00
1160.00 1219.00
1058.00 1215.00
791.00 1216.00
1713.00 1327.00
1232.00 1271.00
1315.00 1306.00
1457.00 1390.00
1606.00 1478.00
