1485.00 8.00
841.00 50.00
1658.00 182.00
1581.00 195.00
997.00 226.00
920.00 226.00
2012.00 273.00
1419.00 281.00
1848.00 336.00
496.00 323.00
962.00 344.00
1196.00 368.00
488.00 393.00
667.00 408.00
1002.00 430.00
776.00 453.00
479.00 434.00
1029.00 506.00
320.00 487.00
745.00 494.00
1134.00 501.00
989.00 565.00
1052.00 552.00
1468.00 621.00
1391.00 625.00
637.00 584.00
1534.00 658.00
1490.00 668.00
167.00 674.00
844.00 679.00
1229.00 740.00
1010.00 745.00
1093.00 764.00
716.00 818.00
1097.00 1088.00
