350.00 22.00
1848.00 16.00
253.00 31.00
179.00 38.00
1342.00 49.00
608.00 49.00
1266.00 52.00
721.00 64.00
1553.00 99.00
1783.00 56.00
249.00 88.00
1300.00 98.00
657.00 101.00
1196.00 95.00
970.00 96.00
382.00 137.00
1456.00 127.00
243.00 138.00
1353.00 160.00
705.00 176.00
1277.00 160.00
1713.00 180.00
926.00 199.00
972.00 223.00
1031.00 215.00
716.00 224.00
1597.00 221.00
1658.00 221.00
405.00 225.00
334.00 225.00
788.00 243.00
1491.00 241.00
449.00 243.00
1955.00 201.00
498.00 270.00
888.00 279.00
1836.00 257.00
105.00 294.00
601.00 312.00
1577.00 280.00
1743.00 311.00
1175.00 343.00
247.00 322.00
24.00 290.00
975.00 324.00
895.00 360.00
1424.00 368.00
100.00 348.00
319.00 344.00
1151.00 397.00
1358.00 395.00
805.00 398.00
647.00 397.00
1846.00 366.00
1498.00 396.00
1766.00 394.00
267.00 397.00
1971.00 367.00
1283.00 436.00
803.00 441.00
1717.00 443.00
200.00 440.00
980.00 466.00
1830.00 427.00
1370.00 467.00
1616.00 467.00
14.00 426.00
1778.00 466.00
1372.00 511.00
1449.00 498.00
1641.00 526.00
319.00 525.00
100.00 496.00
40.00 520.00
483.00 524.00
1840.00 522.00
160.00 523.00
201.00 527.00
754.00 569.00
1518.00 567.00
337.00 575.00
380.00 575.00
1373.00 557.00
1775.00 551.00
1723.00 552.00
589.00 562.00
94.00 558.00
1195.00 600.00
978.00 598.00
1446.00 607.00
656.00 574.00
1841.00 573.00
1912.00 571.00
830.00 597.00
159.00 605.00
1867.00 614.00
1399.00 634.00
107.00 625.00
1504.00 642.00
495.00 640.00
432.00 657.00
1592.00 639.00
1913.00 655.00
182.00 656.00
116.00 666.00
1419.00 692.00
309.00 687.00
1593.00 687.00
391.00 699.00
121.00 719.00
164.00 742.00
1327.00 756.00
753.00 768.00
1154.00 778.00
2035.00 800.00
217.00 800.00
383.00 826.00
1233.00 884.00
314.00 883.00
1188.00 887.00
1447.00 908.00
1142.00 952.00
146.00 1014.00
503.00 1117.00
1395.00 1125.00
598.00 1173.00
740.00 1191.00
1172.00 1194.00
353.00 1232.00
1403.00 1235.00
440.00 1239.00
274.00 1257.00
1174.00 1261.00
935.00 1260.00
1111.00 1326.00
664.00 1391.00
1335.00 1400.00
1256.00 1383.00
953.00 1398.00
1023.00 1398.00
1071.00 1399.00
711.00 1445.00
951.00 1439.00
111.00 1485.00
677.00 1489.00
345.00 1487.00
1748.00 1504.00
1335.00 1494.00
1289.00 1495.00
731.00 1490.00
1121.00 1491.00
954.00 1491.00
