340.00 9.00
597.00 48.00
408.00 36.00
519.00 60.00
367.00 94.00
46.00 121.00
664.00 127.00
278.00 126.00
1352.00 60.00
1431.00 58.00
1309.00 73.00
747.00 125.00
471.00 104.00
1855.00 31.00
551.00 164.00
1949.00 59.00
1364.00 110.00
87.00 197.00
706.00 174.00
1410.00 117.00
1555.00 115.00
1256.00 146.00
1054.00 207.00
1233.00 192.00
821.00 215.00
669.00 234.00
1887.00 148.00
1681.00 203.00
965.00 256.00
358.00 281.00
1026.00 266.00
1370.00 243.00
432.00 293.00
1480.00 270.00
507.00 304.00
639.00 289.00
1183.00 288.00
682.00 296.00
576.00 315.00
991.00 314.00
175.00 335.00
1690.00 283.00
1735.00 278.00
1282.00 301.00
614.00 374.00
1694.00 327.00
911.00 386.00
971.00 391.00
573.00 399.00
1142.00 398.00
1963.00 383.00
1380.00 424.00
986.00 456.00
569.00 472.00
293.00 466.00
1904.00 445.00
535.00 525.00
1094.00 535.00
261.00 565.00
313.00 572.00
1080.00 580.00
1329.00 584.00
1806.00 576.00
256.00 652.00
322.00 621.00
973.00 621.00
1889.00 591.00
1727.00 631.00
1088.00 632.00
1084.00 691.00
363.00 650.00
1681.00 678.00
1797.00 695.00
1880.00 653.00
1461.00 697.00
1412.00 734.00
1625.00 737.00
1299.00 742.00
1935.00 766.00
1750.00 713.00
1835.00 738.00
1365.00 790.00
1823.00 799.00
1073.00 821.00
519.00 838.00
732.00 835.00
619.00 836.00
1640.00 822.00
1350.00 845.00
451.00 853.00
216.00 871.00
1415.00 864.00
519.00 882.00
1750.00 877.00
1793.00 875.00
998.00 869.00
1305.00 882.00
1227.00 893.00
1867.00 913.00
1500.00 894.00
1153.00 903.00
1415.00 906.00
889.00 964.00
623.00 951.00
576.00 960.00
1418.00 966.00
1576.00 971.00
1115.00 985.00
1313.00 983.00
1938.00 986.00
1179.00 1002.00
1709.00 1006.00
311.00 1024.00
1391.00 1008.00
2006.00 875.00
935.00 1036.00
1446.00 1010.00
39.00 1068.00
1661.00 1060.00
484.00 1082.00
271.00 1124.00
1482.00 1113.00
480.00 1134.00
129.00 1145.00
1542.00 1159.00
1164.00 1157.00
1350.00 1181.00
1027.00 1176.00
1068.00 1181.00
1481.00 1205.00
1310.00 1231.00
1371.00 1233.00
1297.00 1287.00
1245.00 1286.00
1418.00 1328.00
287.00 1368.00
1842.00 1391.00
1258.00 1370.00
1718.00 1423.00
285.00 1422.00
1552.00 1443.00
521.00 1430.00
481.00 1477.00
1248.00 1462.00
572.00 1472.00
800.00 1476.00
263.00 1525.00
