1007.00 104.00
1140.00 137.00
1142.00 293.00
1490.00 228.00
447.00 204.00
1538.00 288.00
1250.00 432.00
1843.00 377.00
1592.00 368.00
1668.00 405.00
1378.00 512.00
1650.00 458.00
1710.00 476.00
1007.00 505.00
1360.00 586.00
1310.00 601.00
1772.00 543.00
1470.00 614.00
1007.00 618.00
986.00 712.00
874.00 751.00
776.00 738.00
1542.00 738.00
936.00 798.00
1630.00 790.00
1008.00 833.00
1217.00 795.00
646.00 953.00
696.00 953.00
1007.00 933.00
586.00 957.00
753.00 966.00
1295.00 948.00
940.00 978.00
1575.00 944.00
1351.00 997.00
1154.00 1005.00
516.00 1035.00
641.00 1035.00
1463.00 1004.00
768.00 1034.00
895.00 1033.00
1006.00 1001.00
1227.00 1036.00
513.00 1098.00
576.00 1098.00
640.00 1098.00
703.00 1098.00
768.00 1098.00
832.00 1098.00
895.00 1097.00
960.00 1097.00
1860.00 1067.00
1228.00 1092.00
1155.00 1097.00
1325.00 1089.00
1511.00 1085.00
1568.00 1081.00
1639.00 1112.00
513.00 1164.00
573.00 1163.00
639.00 1164.00
702.00 1164.00
767.00 1163.00
830.00 1163.00
896.00 1163.00
1229.00 1152.00
960.00 1163.00
1170.00 1158.00
1601.00 1153.00
1328.00 1197.00
636.00 1229.00
570.00 1230.00
1157.00 1222.00
698.00 1230.00
764.00 1230.00
829.00 1231.00
896.00 1230.00
958.00 1230.00
1006.00 1232.00
1628.00 1222.00
1393.00 1238.00
1255.00 1266.00
1159.00 1287.00
1464.00 1271.00
828.00 1297.00
895.00 1298.00
698.00 1298.00
764.00 1297.00
958.00 1298.00
567.00 1298.00
633.00 1298.00
959.00 1367.00
896.00 1367.00
762.00 1366.00
827.00 1367.00
632.00 1365.00
1310.00 1369.00
1452.00 1370.00
696.00 1366.00
1160.00 1417.00
1395.00 1395.00
1007.00 1438.00
826.00 1436.00
893.00 1437.00
762.00 1435.00
563.00 1434.00
629.00 1435.00
1261.00 1447.00
1162.00 1485.00
958.00 1508.00
893.00 1507.00
760.00 1505.00
825.00 1507.00
691.00 1504.00
627.00 1504.00
560.00 1504.00
