1032.00 31.00
839.00 43.00
1064.00 76.00
520.00 117.00
427.00 119.00
226.00 224.00
420.00 251.00
1272.00 227.00
557.00 308.00
1535.00 295.00
1488.00 305.00
1000.00 322.00
1636.00 312.00
1133.00 326.00
1336.00 339.00
325.00 402.00
392.00 416.00
1168.00 400.00
530.00 445.00
481.00 475.00
1341.00 439.00
803.00 513.00
656.00 534.00
1391.00 506.00
496.00 549.00
909.00 584.00
1210.00 573.00
1349.00 589.00
1692.00 593.00
1766.00 594.00
1101.00 619.00
1232.00 614.00
304.00 632.00
1569.00 612.00
591.00 636.00
1460.00 641.00
1973.00 649.00
1161.00 676.00
1931.00 666.00
1572.00 662.00
1756.00 665.00
455.00 693.00
1863.00 694.00
1411.00 697.00
1590.00 707.00
1660.00 708.00
387.00 716.00
2029.00 743.00
1052.00 745.00
1395.00 742.00
895.00 751.00
1868.00 764.00
1522.00 765.00
277.00 776.00
1614.00 774.00
1607.00 857.00
60.00 1058.00
229.00 1127.00
221.00 1171.00
223.00 1309.00
