1227.00 9.00
1584.00 25.00
1298.00 46.00
1397.00 49.00
1528.00 145.00
1024.00 101.00
965.00 117.00
1462.00 175.00
1401.00 174.00
1077.00 136.00
1183.00 132.00
964.00 164.00
679.00 117.00
1490.00 228.00
477.00 115.00
1531.00 247.00
1184.00 194.00
1341.00 255.00
963.00 206.00
864.00 248.00
1297.00 277.00
1600.00 276.00
473.00 172.00
946.00 247.00
881.00 289.00
1235.00 313.00
1342.00 312.00
394.00 243.00
1581.00 363.00
809.00 278.00
125.00 216.00
1081.00 341.00
1473.00 382.00
1357.00 369.00
926.00 344.00
985.00 360.00
1122.00 371.00
289.00 292.00
1412.00 398.00
1200.00 400.00
713.00 357.00
834.00 390.00
1414.00 450.00
748.00 405.00
1238.00 449.00
658.00 411.00
485.00 381.00
1477.00 479.00
1322.00 463.00
109.00 406.00
1200.00 503.00
1480.00 530.00
445.00 450.00
1596.00 550.00
670.00 500.00
366.00 490.00
615.00 509.00
1598.00 600.00
117.00 511.00
1554.00 604.00
1062.00 566.00
335.00 533.00
1511.00 609.00
815.00 584.00
433.00 551.00
188.00 537.00
1242.00 582.00
1469.00 614.00
290.00 573.00
125.00 580.00
363.00 586.00
321.00 632.00
1222.00 714.00
433.00 655.00
783.00 655.00
572.00 650.00
664.00 644.00
529.00 684.00
1562.00 751.00
1493.00 753.00
308.00 716.00
379.00 741.00
1333.00 775.00
257.00 737.00
1477.00 801.00
559.00 759.00
130.00 765.00
277.00 800.00
450.00 812.00
1315.00 829.00
1536.00 854.00
1186.00 892.00
302.00 894.00
1120.00 905.00
444.00 915.00
1252.00 975.00
1343.00 956.00
1153.00 955.00
1463.00 967.00
8.00 1003.00
1254.00 1045.00
1016.00 1090.00
8.00 1114.00
1154.00 1098.00
1225.00 1098.00
1097.00 1110.00
1583.00 1112.00
140.00 1224.00
19.00 1250.00
1262.00 1398.00
1000.00 1452.00
991.00 1501.00
