745.00 17.00
649.00 22.00
447.00 26.00
1567.00 39.00
282.00 43.00
1255.00 52.00
657.00 67.00
759.00 69.00
978.00 95.00
278.00 96.00
231.00 87.00
1488.00 142.00
2028.00 114.00
13.00 124.00
274.00 151.00
156.00 132.00
733.00 160.00
1945.00 145.00
1175.00 167.00
586.00 189.00
1104.00 188.00
511.00 199.00
463.00 190.00
407.00 191.00
293.00 192.00
1619.00 184.00
1752.00 198.00
40.00 177.00
927.00 216.00
681.00 206.00
223.00 207.00
1119.00 255.00
1328.00 256.00
266.00 243.00
310.00 247.00
167.00 251.00
1961.00 264.00
560.00 296.00
1631.00 271.00
1052.00 277.00
1569.00 275.00
260.00 314.00
327.00 311.00
1271.00 327.00
1215.00 319.00
635.00 358.00
564.00 359.00
510.00 360.00
1077.00 353.00
1663.00 384.00
327.00 362.00
1813.00 347.00
265.00 361.00
1518.00 354.00
1023.00 359.00
1119.00 384.00
1971.00 354.00
1735.00 360.00
1940.00 400.00
1054.00 401.00
615.00 422.00
1197.00 407.00
776.00 453.00
578.00 495.00
897.00 453.00
536.00 475.00
1060.00 474.00
1657.00 482.00
1711.00 504.00
1432.00 488.00
1807.00 485.00
1854.00 486.00
1922.00 487.00
721.00 500.00
171.00 496.00
1607.00 490.00
825.00 521.00
377.00 537.00
900.00 523.00
952.00 505.00
654.00 555.00
517.00 535.00
443.00 536.00
1383.00 551.00
1447.00 536.00
735.00 555.00
1748.00 552.00
1628.00 554.00
1817.00 552.00
1578.00 558.00
1526.00 567.00
1684.00 581.00
1462.00 585.00
1412.00 597.00
154.00 608.00
1361.00 611.00
1587.00 624.00
1290.00 629.00
1892.00 633.00
708.00 662.00
928.00 645.00
1654.00 633.00
1245.00 641.00
972.00 653.00
1478.00 653.00
1934.00 674.00
1616.00 676.00
1404.00 675.00
1573.00 678.00
1196.00 678.00
722.00 713.00
1271.00 694.00
954.00 695.00
1015.00 687.00
1342.00 710.00
584.00 718.00
631.00 719.00
538.00 719.00
863.00 718.00
1394.00 722.00
739.00 761.00
1480.00 741.00
1993.00 737.00
1845.00 736.00
1616.00 739.00
223.00 737.00
488.00 767.00
1920.00 760.00
1784.00 760.00
1572.00 760.00
1122.00 767.00
1331.00 774.00
1651.00 785.00
2028.00 801.00
504.00 808.00
827.00 779.00
1448.00 831.00
1582.00 811.00
626.00 810.00
1801.00 818.00
1045.00 812.00
1732.00 832.00
1518.00 822.00
1315.00 832.00
774.00 850.00
699.00 855.00
343.00 866.00
643.00 855.00
1014.00 859.00
214.00 863.00
947.00 861.00
1113.00 866.00
1539.00 886.00
1066.00 889.00
1726.00 936.00
222.00 908.00
1593.00 917.00
1382.00 917.00
1154.00 913.00
1902.00 951.00
609.00 959.00
1457.00 947.00
1295.00 958.00
705.00 961.00
982.00 995.00
618.00 1008.00
786.00 1007.00
280.00 1004.00
702.00 1016.00
761.00 1054.00
1826.00 1074.00
392.00 1058.00
821.00 1063.00
1675.00 1098.00
1312.00 1096.00
1222.00 1086.00
1147.00 1091.00
1816.00 1120.00
780.00 1121.00
1888.00 1164.00
1229.00 1137.00
842.00 1133.00
911.00 1146.00
773.00 1168.00
1239.00 1204.00
797.00 1222.00
1691.00 1249.00
1967.00 1256.00
695.00 1240.00
1915.00 1277.00
1791.00 1316.00
1346.00 1312.00
1936.00 1357.00
1860.00 1357.00
2015.00 1386.00
1505.00 1377.00
1311.00 1377.00
1395.00 1380.00
1119.00 1461.00
1124.00 1509.00
