986.00 101.00
1897.00 56.00
1037.00 129.00
384.00 14.00
1080.00 158.00
1188.00 218.00
1262.00 180.00
536.00 121.00
1036.00 263.00
980.00 279.00
1264.00 222.00
1719.00 254.00
1037.00 318.00
1889.00 232.00
1495.00 232.00
1267.00 321.00
616.00 371.00
1885.00 360.00
232.00 416.00
1039.00 458.00
1270.00 433.00
587.00 460.00
477.00 464.00
1002.00 515.00
754.00 513.00
844.00 539.00
1437.00 483.00
889.00 544.00
1040.00 557.00
1277.00 561.00
323.00 552.00
1562.00 514.00
971.00 613.00
754.00 577.00
820.00 611.00
1215.00 615.00
1527.00 555.00
1040.00 629.00
757.00 627.00
922.00 674.00
633.00 647.00
562.00 655.00
754.00 668.00
1278.00 685.00
1319.00 688.00
1040.00 703.00
1723.00 665.00
1144.00 737.00
1040.00 773.00
1591.00 707.00
1792.00 709.00
1546.00 739.00
1602.00 771.00
1911.00 782.00
1790.00 796.00
1389.00 825.00
1525.00 872.00
1040.00 908.00
1656.00 814.00
1042.00 952.00
1635.00 898.00
1745.00 911.00
1521.00 976.00
1506.00 1067.00
1584.00 1139.00
1092.00 1255.00
953.00 1419.00
954.00 1464.00
875.00 1485.00
