1191.00 23.00
882.00 158.00
1791.00 35.00
1886.00 55.00
1360.00 160.00
1928.00 14.00
1447.00 190.00
2007.00 47.00
1820.00 111.00
1230.00 259.00
1939.00 124.00
1286.00 285.00
1400.00 263.00
1886.00 164.00
1023.00 344.00
1335.00 310.00
2000.00 159.00
1024.00 386.00
1448.00 277.00
968.00 391.00
1069.00 408.00
1431.00 351.00
1814.00 314.00
1440.00 395.00
1399.00 409.00
1110.00 463.00
1267.00 463.00
1219.00 472.00
1056.00 495.00
1830.00 379.00
1459.00 440.00
2026.00 389.00
1351.00 508.00
1823.00 420.00
1982.00 437.00
1294.00 521.00
1447.00 488.00
1406.00 559.00
2023.00 502.00
1962.00 497.00
1902.00 504.00
844.00 649.00
1464.00 574.00
1120.00 644.00
1251.00 614.00
1166.00 626.00
1039.00 663.00
1209.00 624.00
1374.00 610.00
1317.00 623.00
1422.00 610.00
2028.00 545.00
957.00 691.00
998.00 694.00
1467.00 642.00
1394.00 658.00
1341.00 707.00
1064.00 727.00
949.00 744.00
1395.00 711.00
1728.00 676.00
1946.00 649.00
1559.00 703.00
548.00 739.00
1214.00 748.00
1846.00 692.00
2039.00 683.00
1472.00 740.00
1069.00 806.00
1850.00 741.00
1027.00 840.00
1474.00 795.00
1864.00 906.00
1971.00 920.00
1206.00 982.00
1873.00 1010.00
1357.00 1023.00
1506.00 1322.00
1171.00 1495.00
1078.00 1483.00
773.00 1472.00
678.00 1452.00
