398.00 217.00
344.00 239.00
838.00 234.00
8.00 290.00
367.00 286.00
49.00 310.00
142.00 307.00
284.00 304.00
633.00 296.00
415.00 329.00
464.00 371.00
262.00 415.00
303.00 413.00
40.00 434.00
172.00 422.00
556.00 432.00
859.00 488.00
1238.00 457.00
164.00 485.00
406.00 496.00
1000.00 473.00
504.00 517.00
576.00 494.00
659.00 558.00
1607.00 516.00
1563.00 518.00
978.00 574.00
771.00 593.00
1281.00 567.00
1060.00 594.00
1403.00 572.00
1477.00 577.00
1567.00 582.00
564.00 668.00
831.00 625.00
1295.00 608.00
439.00 655.00
1177.00 603.00
1119.00 653.00
1384.00 613.00
1068.00 653.00
1496.00 628.00
1178.00 658.00
1320.00 661.00
978.00 667.00
683.00 693.00
1266.00 678.00
1495.00 670.00
1335.00 720.00
1431.00 764.00
1317.00 782.00
1466.00 875.00
1442.00 929.00
762.00 934.00
529.00 972.00
672.00 982.00
1226.00 974.00
94.00 995.00
1509.00 981.00
1156.00 996.00
1231.00 1026.00
848.00 1037.00
1399.00 1039.00
1323.00 1094.00
1480.00 1066.00
1134.00 1095.00
1508.00 1120.00
1458.00 1122.00
1377.00 1123.00
877.00 1126.00
934.00 1126.00
688.00 1124.00
1104.00 1154.00
846.00 1185.00
1538.00 1205.00
1080.00 1214.00
1021.00 1244.00
1208.00 1261.00
1088.00 1263.00
1327.00 1282.00
