779.00 30.00
1190.00 24.00
1037.00 49.00
394.00 95.00
977.00 87.00
1889.00 65.00
1755.00 73.00
1383.00 87.00
1287.00 111.00
1935.00 138.00
1567.00 159.00
1474.00 173.00
320.00 214.00
615.00 231.00
704.00 239.00
831.00 242.00
375.00 240.00
1377.00 231.00
1427.00 241.00
1081.00 273.00
735.00 280.00
1573.00 257.00
501.00 295.00
1914.00 242.00
594.00 312.00
1968.00 260.00
553.00 321.00
1210.00 305.00
1291.00 295.00
1399.00 324.00
1589.00 316.00
714.00 344.00
1884.00 312.00
948.00 351.00
1450.00 349.00
1513.00 344.00
1043.00 373.00
1630.00 372.00
1884.00 360.00
674.00 402.00
29.00 419.00
1938.00 366.00
1547.00 388.00
121.00 432.00
212.00 439.00
1686.00 416.00
1250.00 424.00
1439.00 421.00
434.00 488.00
2021.00 400.00
1959.00 413.00
554.00 463.00
1583.00 431.00
1881.00 426.00
359.00 492.00
1360.00 469.00
741.00 471.00
304.00 536.00
558.00 504.00
631.00 504.00
1733.00 478.00
1447.00 516.00
978.00 509.00
1360.00 512.00
1162.00 521.00
1303.00 554.00
1527.00 522.00
239.00 552.00
1232.00 535.00
784.00 552.00
80.00 572.00
986.00 550.00
279.00 608.00
1363.00 584.00
1199.00 591.00
769.00 597.00
684.00 606.00
728.00 606.00
1563.00 600.00
336.00 623.00
517.00 640.00
169.00 646.00
948.00 656.00
1963.00 644.00
1160.00 676.00
286.00 688.00
892.00 678.00
701.00 680.00
65.00 704.00
399.00 736.00
224.00 712.00
531.00 712.00
1237.00 726.00
1840.00 715.00
887.00 726.00
157.00 745.00
1473.00 731.00
636.00 752.00
1153.00 760.00
71.00 777.00
595.00 767.00
311.00 786.00
142.00 794.00
1196.00 786.00
770.00 795.00
997.00 801.00
1237.00 819.00
400.00 820.00
1736.00 809.00
840.00 813.00
671.00 821.00
1665.00 813.00
1514.00 850.00
980.00 853.00
1721.00 865.00
1865.00 883.00
1634.00 890.00
470.00 907.00
1515.00 895.00
1446.00 898.00
1302.00 904.00
1206.00 909.00
808.00 926.00
1002.00 948.00
608.00 922.00
1351.00 936.00
1247.00 944.00
462.00 958.00
1911.00 953.00
1420.00 980.00
1544.00 1027.00
1351.00 1015.00
1638.00 1065.00
1480.00 1073.00
1541.00 1081.00
1955.00 1090.00
1815.00 1103.00
635.00 1111.00
1128.00 1122.00
427.00 1119.00
1270.00 1120.00
1317.00 1121.00
2006.00 1143.00
1551.00 1150.00
366.00 1174.00
417.00 1170.00
1736.00 1186.00
1663.00 1195.00
1959.00 1204.00
1158.00 1200.00
609.00 1206.00
672.00 1206.00
1251.00 1211.00
373.00 1219.00
1760.00 1232.00
1552.00 1256.00
577.00 1250.00
397.00 1296.00
1327.00 1329.00
1767.00 1340.00
1959.00 1352.00
1392.00 1343.00
1695.00 1346.00
256.00 1367.00
1472.00 1362.00
1520.00 1402.00
1379.00 1392.00
965.00 1410.00
661.00 1416.00
1563.00 1439.00
496.00 1446.00
1093.00 1456.00
1321.00 1457.00
1479.00 1482.00
1614.00 1497.00
1678.00 1506.00
1728.00 1514.00
