649.00 40.00
837.00 8.00
709.00 83.00
604.00 118.00
1610.00 55.00
979.00 165.00
753.00 255.00
570.00 345.00
1671.00 264.00
1426.00 257.00
520.00 397.00
585.00 387.00
1344.00 280.00
904.00 351.00
626.00 425.00
828.00 372.00
1063.00 357.00
529.00 475.00
1003.00 379.00
483.00 511.00
1045.00 412.00
1497.00 395.00
528.00 517.00
1190.00 417.00
924.00 584.00
1121.00 506.00
1351.00 495.00
1047.00 525.00
1437.00 515.00
510.00 618.00
599.00 647.00
1055.00 607.00
1322.00 603.00
1119.00 640.00
1920.00 640.00
977.00 648.00
911.00 639.00
952.00 782.00
