1135.00 24.00
1089.00 26.00
783.00 58.00
103.00 44.00
1067.00 82.00
1111.00 85.00
637.00 93.00
375.00 125.00
420.00 108.00
1094.00 131.00
1043.00 156.00
1456.00 190.00
1020.00 218.00
781.00 201.00
1968.00 215.00
222.00 221.00
1001.00 274.00
636.00 250.00
255.00 274.00
877.00 315.00
304.00 293.00
798.00 309.00
1703.00 325.00
983.00 322.00
1566.00 358.00
1518.00 367.00
1017.00 366.00
780.00 378.00
1132.00 401.00
338.00 390.00
38.00 383.00
660.00 408.00
1168.00 446.00
1574.00 454.00
580.00 465.00
414.00 456.00
991.00 466.00
1060.00 469.00
1193.00 493.00
2028.00 490.00
292.00 494.00
1247.00 500.00
433.00 502.00
930.00 507.00
479.00 503.00
1000.00 510.00
1059.00 513.00
659.00 519.00
1973.00 523.00
1687.00 527.00
1404.00 532.00
577.00 544.00
1139.00 539.00
408.00 554.00
1944.00 576.00
1623.00 586.00
1166.00 582.00
1776.00 615.00
85.00 596.00
374.00 607.00
420.00 609.00
492.00 612.00
1384.00 615.00
537.00 613.00
627.00 617.00
696.00 620.00
804.00 624.00
851.00 626.00
1541.00 628.00
1694.00 647.00
1470.00 642.00
1219.00 638.00
1055.00 639.00
941.00 656.00
17.00 662.00
400.00 661.00
78.00 664.00
1398.00 677.00
324.00 681.00
1161.00 680.00
1279.00 697.00
738.00 694.00
1448.00 701.00
846.00 674.00
966.00 704.00
632.00 707.00
415.00 718.00
520.00 722.00
471.00 731.00
1512.00 742.00
1114.00 741.00
916.00 757.00
617.00 756.00
692.00 758.00
797.00 747.00
736.00 760.00
320.00 801.00
461.00 802.00
696.00 807.00
871.00 807.00
794.00 809.00
36.00 827.00
1189.00 811.00
162.00 856.00
1455.00 844.00
1169.00 863.00
1016.00 871.00
85.00 1102.00
631.00 1271.00
734.00 1294.00
859.00 1311.00
557.00 1368.00
1020.00 1330.00
911.00 1334.00
677.00 1338.00
194.00 1413.00
391.00 1408.00
1242.00 1383.00
1126.00 1386.00
636.00 1367.00
133.00 1456.00
357.00 1449.00
568.00 1416.00
1031.00 1388.00
871.00 1433.00
919.00 1432.00
537.00 1495.00
988.00 1479.00
