1602.00 15.00
1558.00 41.00
1514.00 130.00
1665.00 123.00
1864.00 158.00
1287.00 228.00
838.00 235.00
1607.00 263.00
1457.00 286.00
1620.00 304.00
1423.00 330.00
610.00 274.00
1711.00 265.00
1183.00 342.00
1624.00 357.00
1723.00 334.00
898.00 331.00
1575.00 350.00
1883.00 323.00
1457.00 380.00
1271.00 410.00
1866.00 364.00
133.00 354.00
1415.00 464.00
1631.00 486.00
1276.00 476.00
1186.00 517.00
1615.00 527.00
424.00 474.00
1348.00 559.00
1785.00 531.00
1638.00 568.00
1738.00 540.00
1640.00 621.00
604.00 541.00
1945.00 611.00
1297.00 646.00
1450.00 644.00
722.00 582.00
573.00 618.00
1476.00 727.00
1240.00 756.00
1609.00 740.00
1111.00 760.00
1402.00 754.00
1697.00 886.00
1424.00 859.00
1660.00 932.00
1437.00 941.00
1336.00 934.00
1558.00 963.00
1632.00 988.00
1813.00 1015.00
1668.00 1045.00
1617.00 1045.00
1671.00 1093.00
1804.00 1126.00
1737.00 1227.00
1663.00 1311.00
2020.00 1370.00
1639.00 1382.00
1912.00 1391.00
1536.00 1492.00
