614.00 8.00
174.00 69.00
451.00 163.00
784.00 104.00
907.00 111.00
513.00 139.00
992.00 150.00
63.00 252.00
328.00 260.00
649.00 217.00
752.00 204.00
870.00 250.00
509.00 231.00
992.00 334.00
506.00 311.00
847.00 295.00
268.00 398.00
375.00 420.00
502.00 402.00
1072.00 436.00
1194.00 454.00
702.00 425.00
951.00 438.00
182.00 463.00
669.00 488.00
313.00 493.00
993.00 493.00
580.00 474.00
697.00 541.00
609.00 568.00
496.00 570.00
568.00 583.00
1054.00 607.00
448.00 602.00
1209.00 514.00
825.00 676.00
993.00 624.00
1103.00 544.00
296.00 675.00
586.00 647.00
456.00 706.00
917.00 691.00
993.00 697.00
799.00 743.00
660.00 733.00
753.00 736.00
560.00 756.00
957.00 766.00
848.00 784.00
1054.00 853.00
658.00 799.00
594.00 866.00
817.00 872.00
734.00 882.00
362.00 946.00
553.00 933.00
742.00 925.00
1019.00 953.00
625.00 926.00
783.00 993.00
1098.00 999.00
928.00 1023.00
445.00 966.00
520.00 1056.00
720.00 1093.00
856.00 1168.00
691.00 1154.00
754.00 1216.00
1072.00 1368.00
1239.00 1413.00
