1245.00 38.00
1576.00 23.00
1351.00 34.00
616.00 39.00
918.00 38.00
1425.00 71.00
1347.00 114.00
1495.00 103.00
1575.00 120.00
264.00 30.00
1128.00 120.00
1929.00 137.00
1775.00 147.00
1414.00 160.00
983.00 144.00
1504.00 166.00
688.00 152.00
1592.00 205.00
1448.00 205.00
1361.00 232.00
609.00 210.00
1008.00 230.00
1407.00 238.00
201.00 144.00
833.00 220.00
1118.00 241.00
1449.00 261.00
1569.00 265.00
337.00 175.00
1488.00 318.00
879.00 295.00
1388.00 335.00
1040.00 322.00
1474.00 360.00
537.00 274.00
684.00 333.00
1326.00 370.00
1557.00 388.00
1377.00 394.00
595.00 343.00
807.00 396.00
1966.00 472.00
669.00 410.00
1501.00 436.00
44.00 361.00
600.00 419.00
1247.00 447.00
1562.00 457.00
1121.00 479.00
1295.00 454.00
958.00 431.00
164.00 387.00
832.00 461.00
122.00 381.00
222.00 407.00
281.00 423.00
157.00 431.00
710.00 493.00
1344.00 503.00
103.00 424.00
337.00 438.00
390.00 452.00
878.00 522.00
486.00 446.00
1367.00 545.00
105.00 471.00
818.00 539.00
1529.00 552.00
706.00 543.00
536.00 490.00
1350.00 607.00
1513.00 599.00
1038.00 591.00
1442.00 599.00
233.00 511.00
687.00 592.00
349.00 527.00
1232.00 593.00
421.00 543.00
596.00 575.00
797.00 626.00
961.00 577.00
1479.00 662.00
1399.00 644.00
507.00 568.00
391.00 592.00
612.00 640.00
152.00 608.00
10.00 612.00
568.00 622.00
1716.00 713.00
1136.00 706.00
687.00 693.00
448.00 660.00
1776.00 735.00
351.00 668.00
298.00 675.00
257.00 703.00
1200.00 744.00
590.00 758.00
198.00 737.00
104.00 725.00
524.00 717.00
472.00 718.00
60.00 736.00
18.00 740.00
903.00 753.00
1511.00 801.00
756.00 780.00
808.00 798.00
168.00 780.00
262.00 781.00
1255.00 829.00
1552.00 819.00
1472.00 845.00
472.00 853.00
673.00 845.00
431.00 853.00
960.00 872.00
1543.00 875.00
1839.00 904.00
178.00 876.00
338.00 894.00
1416.00 933.00
1489.00 944.00
585.00 897.00
1295.00 964.00
1546.00 982.00
974.00 976.00
589.00 984.00
470.00 998.00
373.00 999.00
423.00 1000.00
320.00 1000.00
680.00 1014.00
1320.00 1023.00
786.00 1037.00
918.00 1033.00
520.00 1061.00
1079.00 1086.00
833.00 1078.00
630.00 1087.00
1473.00 1089.00
518.00 1112.00
967.00 1093.00
1837.00 1120.00
1583.00 1127.00
1382.00 1114.00
1649.00 1120.00
269.00 1129.00
1208.00 1121.00
1129.00 1123.00
795.00 1126.00
1912.00 1151.00
1021.00 1144.00
221.00 1165.00
870.00 1184.00
1745.00 1177.00
806.00 1199.00
1303.00 1183.00
131.00 1220.00
634.00 1229.00
886.00 1229.00
1705.00 1244.00
1001.00 1240.00
218.00 1281.00
1269.00 1264.00
1077.00 1277.00
1719.00 1296.00
1136.00 1297.00
1022.00 1298.00
1496.00 1303.00
1208.00 1286.00
199.00 1337.00
240.00 1335.00
168.00 1407.00
1871.00 1377.00
1022.00 1368.00
1145.00 1369.00
279.00 1408.00
1343.00 1399.00
1045.00 1429.00
600.00 1458.00
1328.00 1452.00
857.00 1461.00
929.00 1462.00
1034.00 1487.00
