1482.00 98.00
945.00 20.00
1485.00 169.00
987.00 182.00
1403.00 246.00
1159.00 187.00
462.00 126.00
643.00 150.00
1205.00 240.00
1473.00 287.00
681.00 224.00
1136.00 268.00
1412.00 296.00
761.00 207.00
821.00 240.00
971.00 273.00
1477.00 339.00
637.00 267.00
468.00 231.00
911.00 304.00
1112.00 341.00
636.00 321.00
912.00 347.00
1571.00 426.00
1265.00 401.00
1424.00 421.00
454.00 326.00
567.00 342.00
960.00 431.00
913.00 428.00
816.00 408.00
1359.00 472.00
1694.00 508.00
265.00 403.00
1273.00 496.00
162.00 388.00
912.00 473.00
94.00 401.00
1025.00 493.00
1405.00 527.00
500.00 457.00
1123.00 502.00
454.00 467.00
1199.00 520.00
965.00 501.00
726.00 494.00
629.00 496.00
239.00 458.00
169.00 458.00
8.00 445.00
1701.00 580.00
374.00 512.00
1217.00 561.00
97.00 482.00
1176.00 562.00
221.00 502.00
745.00 563.00
696.00 552.00
864.00 567.00
1421.00 606.00
448.00 570.00
1080.00 599.00
336.00 555.00
88.00 550.00
495.00 562.00
927.00 618.00
625.00 599.00
732.00 625.00
1193.00 667.00
445.00 626.00
1340.00 673.00
1428.00 684.00
1053.00 670.00
533.00 662.00
488.00 662.00
1001.00 680.00
1245.00 698.00
1150.00 697.00
1102.00 708.00
206.00 659.00
960.00 703.00
441.00 684.00
347.00 684.00
1622.00 764.00
1673.00 774.00
1548.00 775.00
383.00 750.00
918.00 790.00
1375.00 833.00
1680.00 868.00
135.00 803.00
721.00 823.00
1309.00 852.00
1587.00 863.00
786.00 846.00
431.00 859.00
1486.00 901.00
300.00 880.00
713.00 915.00
474.00 920.00
1539.00 947.00
883.00 951.00
708.00 962.00
1540.00 989.00
1025.00 998.00
275.00 1006.00
34.00 1018.00
895.00 1032.00
1033.00 1040.00
1287.00 1044.00
792.00 1058.00
1322.00 1096.00
701.00 1142.00
776.00 1145.00
262.00 1181.00
411.00 1218.00
935.00 1206.00
774.00 1232.00
1035.00 1234.00
409.00 1261.00
693.00 1260.00
423.00 1391.00
199.00 1522.00
