1224.00 32.00
1291.00 37.00
1672.00 63.00
1167.00 39.00
602.00 19.00
1416.00 63.00
372.00 12.00
1565.00 67.00
733.00 56.00
1230.00 79.00
319.00 35.00
1169.00 91.00
1418.00 122.00
1730.00 140.00
1678.00 147.00
1771.00 161.00
1336.00 143.00
815.00 96.00
652.00 101.00
1637.00 192.00
35.00 60.00
290.00 130.00
599.00 155.00
1547.00 235.00
1128.00 199.00
1868.00 201.00
1620.00 236.00
1500.00 241.00
737.00 224.00
540.00 197.00
796.00 225.00
864.00 232.00
1027.00 246.00
1688.00 286.00
213.00 228.00
1654.00 328.00
1211.00 282.00
864.00 278.00
939.00 296.00
692.00 283.00
1050.00 297.00
1556.00 338.00
584.00 295.00
1182.00 323.00
1346.00 368.00
1119.00 333.00
239.00 304.00
625.00 329.00
392.00 309.00
1181.00 371.00
139.00 327.00
1274.00 392.00
1628.00 381.00
90.00 335.00
1120.00 382.00
1870.00 418.00
734.00 372.00
799.00 391.00
859.00 380.00
900.00 401.00
980.00 419.00
1943.00 413.00
623.00 373.00
242.00 349.00
137.00 372.00
685.00 398.00
288.00 368.00
1208.00 428.00
1321.00 440.00
731.00 427.00
1631.00 447.00
816.00 441.00
1737.00 476.00
1121.00 475.00
1432.00 440.00
1304.00 496.00
1192.00 494.00
1655.00 521.00
1590.00 534.00
728.00 500.00
511.00 448.00
814.00 495.00
277.00 475.00
1718.00 518.00
680.00 547.00
154.00 487.00
1436.00 544.00
198.00 496.00
1650.00 563.00
550.00 520.00
1936.00 571.00
769.00 546.00
1536.00 551.00
1745.00 567.00
1439.00 600.00
1870.00 586.00
814.00 552.00
63.00 529.00
635.00 586.00
341.00 537.00
1148.00 593.00
566.00 578.00
1684.00 639.00
908.00 608.00
813.00 647.00
678.00 588.00
1085.00 651.00
1386.00 649.00
723.00 632.00
62.00 585.00
1201.00 648.00
328.00 626.00
272.00 608.00
1149.00 643.00
1910.00 700.00
1753.00 688.00
921.00 664.00
588.00 657.00
50.00 632.00
1370.00 695.00
1832.00 679.00
163.00 654.00
982.00 672.00
811.00 718.00
518.00 638.00
1699.00 707.00
1205.00 695.00
249.00 650.00
1543.00 688.00
1432.00 703.00
921.00 719.00
1639.00 751.00
1863.00 732.00
514.00 701.00
765.00 696.00
869.00 734.00
559.00 737.00
1722.00 776.00
643.00 735.00
314.00 789.00
764.00 753.00
1917.00 783.00
719.00 748.00
808.00 776.00
1360.00 815.00
556.00 801.00
364.00 806.00
763.00 812.00
813.00 848.00
1311.00 839.00
54.00 870.00
636.00 896.00
1699.00 904.00
1272.00 904.00
1851.00 911.00
1081.00 895.00
660.00 937.00
1609.00 897.00
1153.00 917.00
1658.00 925.00
760.00 917.00
2032.00 960.00
971.00 951.00
1051.00 962.00
159.00 953.00
238.00 955.00
1744.00 960.00
1989.00 967.00
1250.00 968.00
1296.00 961.00
452.00 962.00
555.00 965.00
1201.00 1008.00
1799.00 1045.00
133.00 1015.00
2039.00 1025.00
431.00 1040.00
564.00 1022.00
857.00 1023.00
653.00 1023.00
712.00 1022.00
1319.00 1055.00
1152.00 1063.00
1960.00 1083.00
1913.00 1078.00
1459.00 1079.00
1745.00 1087.00
1802.00 1089.00
1626.00 1089.00
8.00 1097.00
467.00 1087.00
238.00 1096.00
421.00 1094.00
559.00 1092.00
704.00 1114.00
654.00 1114.00
1819.00 1135.00
960.00 1127.00
1152.00 1132.00
1266.00 1138.00
1631.00 1146.00
1557.00 1167.00
1404.00 1147.00
1903.00 1129.00
1830.00 1178.00
1406.00 1200.00
1833.00 1230.00
1270.00 1206.00
1944.00 1239.00
1577.00 1222.00
1475.00 1250.00
360.00 1284.00
476.00 1279.00
88.00 1303.00
1344.00 1256.00
705.00 1296.00
1838.00 1295.00
1086.00 1319.00
1547.00 1296.00
221.00 1335.00
1378.00 1311.00
785.00 1364.00
1566.00 1353.00
1022.00 1361.00
1151.00 1369.00
1085.00 1367.00
545.00 1387.00
1279.00 1372.00
353.00 1405.00
1842.00 1392.00
1413.00 1402.00
1914.00 1411.00
1326.00 1438.00
1844.00 1438.00
727.00 1458.00
1458.00 1449.00
522.00 1484.00
417.00 1496.00
