777.00 621.00
1008.00 652.00
1260.00 658.00
1315.00 664.00
1157.00 719.00
1017.00 698.00
1245.00 740.00
1310.00 743.00
882.00 816.00
818.00 829.00
1263.00 822.00
1334.00 834.00
1047.00 865.00
1669.00 815.00
1510.00 919.00
1063.00 928.00
1262.00 960.00
1589.00 961.00
1447.00 1016.00
1061.00 1076.00
1168.00 1075.00
1444.00 1065.00
1356.00 1069.00
1592.00 1065.00
1531.00 1127.00
1537.00 1170.00
1598.00 1166.00
1364.00 1180.00
1269.00 1187.00
1168.00 1194.00
1007.00 1206.00
1062.00 1203.00
952.00 1209.00
1289.00 1247.00
1607.00 1274.00
1540.00 1280.00
1364.00 1295.00
1272.00 1304.00
1171.00 1316.00
1068.00 1327.00
955.00 1338.00
1368.00 1336.00
1612.00 1381.00
1547.00 1390.00
1460.00 1401.00
1372.00 1413.00
1275.00 1426.00
1176.00 1440.00
1068.00 1455.00
955.00 1470.00
1276.00 1480.00
1619.00 1492.00
1550.00 1505.00
1466.00 1517.00
