1084.00 131.00
274.00 34.00
487.00 29.00
427.00 64.00
565.00 57.00
487.00 109.00
1193.00 272.00
1125.00 282.00
1012.00 268.00
447.00 196.00
334.00 232.00
967.00 345.00
496.00 257.00
879.00 343.00
294.00 330.00
908.00 386.00
1192.00 440.00
550.00 327.00
839.00 407.00
413.00 334.00
300.00 371.00
191.00 371.00
966.00 437.00
368.00 369.00
904.00 434.00
503.00 391.00
678.00 409.00
1111.00 488.00
1049.00 481.00
856.00 495.00
797.00 480.00
324.00 455.00
1069.00 547.00
256.00 476.00
466.00 482.00
415.00 479.00
991.00 560.00
1143.00 607.00
850.00 543.00
470.00 527.00
400.00 544.00
282.00 554.00
463.00 568.00
1144.00 661.00
335.00 578.00
654.00 617.00
1070.00 663.00
795.00 635.00
294.00 599.00
458.00 631.00
736.00 647.00
407.00 654.00
849.00 671.00
789.00 697.00
453.00 712.00
847.00 727.00
895.00 720.00
519.00 736.00
610.00 765.00
1190.00 809.00
376.00 728.00
1128.00 818.00
698.00 800.00
492.00 779.00
364.00 781.00
916.00 828.00
787.00 801.00
833.00 804.00
739.00 814.00
598.00 810.00
655.00 833.00
696.00 841.00
799.00 846.00
530.00 850.00
656.00 884.00
344.00 899.00
284.00 897.00
958.00 931.00
383.00 942.00
414.00 1006.00
399.00 1053.00
920.00 1071.00
341.00 1128.00
367.00 1186.00
447.00 1274.00
406.00 1299.00
78.00 1387.00
