287.00 29.00
1853.00 20.00
403.00 118.00
514.00 150.00
441.00 180.00
940.00 207.00
398.00 163.00
1507.00 189.00
505.00 356.00
1812.00 135.00
434.00 300.00
339.00 416.00
941.00 348.00
1199.00 368.00
260.00 378.00
216.00 339.00
501.00 430.00
1587.00 377.00
759.00 372.00
1986.00 363.00
1378.00 409.00
1096.00 452.00
422.00 509.00
498.00 488.00
1836.00 426.00
2001.00 407.00
849.00 464.00
252.00 493.00
1391.00 480.00
1494.00 469.00
1203.00 487.00
1627.00 474.00
327.00 572.00
1097.00 511.00
1698.00 472.00
1378.00 523.00
1311.00 512.00
1537.00 520.00
243.00 611.00
300.00 629.00
1478.00 545.00
1382.00 592.00
842.00 613.00
1594.00 596.00
1183.00 616.00
1097.00 616.00
1312.00 607.00
1663.00 609.00
1213.00 670.00
1589.00 693.00
486.00 714.00
282.00 714.00
1712.00 684.00
1465.00 716.00
959.00 728.00
2025.00 647.00
1186.00 711.00
1573.00 739.00
1854.00 668.00
1359.00 746.00
1127.00 775.00
1688.00 765.00
945.00 778.00
1318.00 790.00
1574.00 825.00
1496.00 828.00
1100.00 835.00
1380.00 862.00
1520.00 898.00
1696.00 863.00
980.00 888.00
1055.00 898.00
1438.00 896.00
1482.00 958.00
1656.00 947.00
1160.00 977.00
943.00 989.00
1103.00 998.00
638.00 996.00
1425.00 1008.00
1544.00 1017.00
593.00 1030.00
1624.00 1015.00
1513.00 1100.00
1738.00 1043.00
973.00 1089.00
1089.00 1136.00
1823.00 1120.00
1436.00 1134.00
973.00 1183.00
1638.00 1190.00
1473.00 1210.00
1907.00 1265.00
1719.00 1244.00
1416.00 1231.00
1098.00 1252.00
1049.00 1237.00
889.00 1249.00
953.00 1256.00
1584.00 1265.00
1152.00 1300.00
1431.00 1299.00
1088.00 1306.00
645.00 1318.00
1591.00 1349.00
1219.00 1361.00
1458.00 1383.00
466.00 1363.00
369.00 1391.00
235.00 1400.00
1364.00 1465.00
1695.00 1459.00
1243.00 1415.00
1547.00 1494.00
239.00 1513.00
1383.00 1518.00
1279.00 1516.00
