1096.00 8.00
888.00 15.00
1294.00 32.00
163.00 37.00
109.00 34.00
962.00 61.00
1167.00 120.00
559.00 85.00
1431.00 80.00
976.00 106.00
1088.00 129.00
1463.00 127.00
719.00 129.00
886.00 95.00
1594.00 157.00
1023.00 160.00
1280.00 198.00
376.00 167.00
1159.00 175.00
629.00 208.00
1944.00 200.00
585.00 216.00
1009.00 246.00
1103.00 231.00
266.00 190.00
1274.00 244.00
1347.00 242.00
1397.00 245.00
1051.00 250.00
959.00 248.00
254.00 240.00
1553.00 288.00
843.00 263.00
89.00 238.00
328.00 252.00
1934.00 286.00
736.00 284.00
541.00 252.00
147.00 257.00
1344.00 304.00
1510.00 309.00
96.00 279.00
398.00 321.00
1216.00 344.00
1496.00 357.00
663.00 364.00
440.00 363.00
1176.00 399.00
966.00 391.00
1514.00 405.00
1805.00 406.00
743.00 423.00
1712.00 415.00
1760.00 439.00
1421.00 485.00
2006.00 438.00
1326.00 447.00
1573.00 462.00
526.00 449.00
55.00 439.00
912.00 459.00
788.00 458.00
832.00 455.00
1712.00 462.00
268.00 456.00
382.00 455.00
1854.00 472.00
494.00 492.00
8.00 479.00
1765.00 508.00
1567.00 516.00
1399.00 526.00
302.00 519.00
1875.00 518.00
231.00 498.00
1526.00 521.00
1916.00 527.00
1693.00 533.00
520.00 533.00
806.00 534.00
895.00 559.00
299.00 566.00
1530.00 578.00
1471.00 600.00
42.00 589.00
1949.00 596.00
1032.00 599.00
1403.00 596.00
1096.00 629.00
1798.00 624.00
834.00 623.00
1533.00 645.00
1574.00 645.00
1040.00 640.00
1903.00 658.00
1804.00 677.00
899.00 659.00
997.00 672.00
1623.00 666.00
1335.00 665.00
1145.00 669.00
1855.00 687.00
1960.00 709.00
1188.00 704.00
930.00 709.00
882.00 711.00
1336.00 713.00
1754.00 710.00
1262.00 718.00
1407.00 714.00
1579.00 737.00
1146.00 719.00
1466.00 736.00
1795.00 734.00
1938.00 750.00
836.00 761.00
1147.00 760.00
924.00 768.00
879.00 797.00
1260.00 772.00
1195.00 784.00
1541.00 792.00
1381.00 809.00
1286.00 820.00
866.00 848.00
932.00 845.00
1473.00 857.00
982.00 850.00
1354.00 861.00
821.00 866.00
1143.00 891.00
1384.00 902.00
987.00 893.00
884.00 925.00
944.00 961.00
1002.00 957.00
1013.00 1004.00
1294.00 1006.00
888.00 1076.00
1027.00 1076.00
1590.00 1087.00
1532.00 1087.00
867.00 1122.00
1033.00 1216.00
1574.00 1280.00
974.00 1328.00
1112.00 1376.00
1328.00 1432.00
1327.00 1502.00
121.00 1466.00
