654.00 129.00
1423.00 152.00
139.00 107.00
1001.00 184.00
614.00 175.00
484.00 219.00
498.00 260.00
1215.00 317.00
1170.00 331.00
651.00 306.00
563.00 304.00
521.00 314.00
930.00 381.00
1417.00 381.00
811.00 397.00
538.00 360.00
1448.00 459.00
471.00 424.00
414.00 422.00
1186.00 454.00
735.00 463.00
1032.00 465.00
308.00 418.00
1087.00 480.00
569.00 434.00
1249.00 489.00
928.00 482.00
1593.00 485.00
1318.00 492.00
364.00 451.00
1188.00 528.00
593.00 496.00
704.00 517.00
262.00 486.00
101.00 477.00
1466.00 559.00
1516.00 579.00
806.00 572.00
1361.00 556.00
1632.00 601.00
728.00 585.00
284.00 560.00
1071.00 643.00
1243.00 648.00
885.00 646.00
1150.00 649.00
647.00 636.00
165.00 641.00
667.00 688.00
834.00 715.00
786.00 714.00
740.00 713.00
1379.00 736.00
875.00 754.00
483.00 724.00
1420.00 755.00
1267.00 750.00
755.00 772.00
445.00 775.00
219.00 775.00
297.00 784.00
1045.00 813.00
428.00 821.00
766.00 825.00
1102.00 845.00
905.00 879.00
858.00 884.00
753.00 893.00
953.00 900.00
1053.00 909.00
912.00 921.00
1028.00 953.00
979.00 951.00
1382.00 951.00
1582.00 959.00
856.00 978.00
1103.00 979.00
1720.00 985.00
935.00 988.00
811.00 1004.00
1074.00 1067.00
1022.00 1088.00
1127.00 1129.00
1063.00 1137.00
1003.00 1147.00
1557.00 1168.00
1002.00 1227.00
1066.00 1210.00
1076.00 1270.00
