1169.00 49.00
955.00 216.00
885.00 266.00
980.00 306.00
487.00 303.00
834.00 300.00
883.00 389.00
813.00 359.00
812.00 407.00
882.00 471.00
735.00 473.00
1025.00 527.00
954.00 533.00
1279.00 528.00
1060.00 603.00
809.00 576.00
663.00 634.00
1287.00 688.00
808.00 647.00
952.00 764.00
842.00 779.00
354.00 759.00
804.00 830.00
340.00 885.00
1067.00 953.00
470.00 938.00
369.00 942.00
626.00 993.00
407.00 1037.00
761.00 1072.00
319.00 1096.00
439.00 1112.00
414.00 1171.00
427.00 1245.00
642.00 1340.00
735.00 1382.00
635.00 1395.00
