473.00 18.00
601.00 70.00
765.00 22.00
413.00 117.00
1007.00 20.00
531.00 120.00
478.00 160.00
366.00 132.00
529.00 162.00
578.00 153.00
1036.00 61.00
481.00 224.00
1136.00 120.00
551.00 223.00
380.00 271.00
871.00 197.00
479.00 275.00
791.00 263.00
658.00 289.00
959.00 247.00
699.00 294.00
425.00 337.00
1423.00 193.00
601.00 341.00
1539.00 208.00
784.00 366.00
825.00 375.00
721.00 413.00
911.00 368.00
1206.00 372.00
1304.00 368.00
617.00 483.00
720.00 475.00
515.00 491.00
1681.00 372.00
1391.00 421.00
1068.00 437.00
512.00 538.00
1016.00 501.00
667.00 533.00
801.00 520.00
1643.00 432.00
1863.00 432.00
1366.00 486.00
1140.00 522.00
718.00 570.00
1691.00 494.00
1514.00 519.00
1260.00 558.00
1206.00 546.00
1125.00 575.00
957.00 596.00
1360.00 568.00
610.00 638.00
1696.00 558.00
817.00 657.00
1152.00 625.00
1494.00 602.00
1081.00 639.00
908.00 676.00
1224.00 645.00
1620.00 610.00
609.00 705.00
488.00 715.00
1015.00 688.00
1700.00 624.00
1300.00 666.00
1207.00 686.00
780.00 723.00
908.00 720.00
440.00 759.00
1020.00 737.00
1573.00 705.00
1523.00 715.00
1106.00 746.00
599.00 797.00
556.00 812.00
1359.00 772.00
997.00 813.00
1064.00 835.00
1535.00 825.00
1108.00 881.00
1478.00 843.00
1161.00 864.00
1244.00 870.00
1956.00 840.00
881.00 896.00
1046.00 901.00
729.00 985.00
620.00 992.00
1576.00 1003.00
633.00 1062.00
447.00 1080.00
1529.00 1065.00
1417.00 1083.00
921.00 1097.00
683.00 1113.00
1298.00 1116.00
919.00 1148.00
726.00 1152.00
1300.00 1181.00
679.00 1225.00
635.00 1216.00
676.00 1282.00
1312.00 1275.00
413.00 1263.00
1495.00 1309.00
594.00 1298.00
673.00 1324.00
860.00 1379.00
578.00 1385.00
