768.00 101.00
343.00 85.00
849.00 181.00
176.00 175.00
1325.00 228.00
1266.00 263.00
1059.00 217.00
618.00 223.00
512.00 215.00
468.00 225.00
1329.00 299.00
336.00 227.00
333.00 285.00
678.00 327.00
268.00 315.00
1269.00 395.00
817.00 329.00
1061.00 432.00
1332.00 387.00
461.00 382.00
726.00 417.00
342.00 430.00
685.00 460.00
280.00 452.00
1333.00 433.00
85.00 473.00
44.00 475.00
845.00 498.00
844.00 539.00
407.00 606.00
1065.00 679.00
1337.00 808.00
1281.00 833.00
841.00 850.00
1083.00 991.00
935.00 1018.00
986.00 1096.00
1301.00 1072.00
936.00 1061.00
887.00 1087.00
1417.00 1155.00
1356.00 1231.00
1418.00 1253.00
1358.00 1323.00
1503.00 1321.00
1300.00 1339.00
1449.00 1327.00
1477.00 1368.00
833.00 1395.00
1519.00 1382.00
1301.00 1396.00
1393.00 1415.00
761.00 1438.00
1071.00 1402.00
838.00 1496.00
1125.00 1475.00
1071.00 1469.00
1544.00 1427.00
832.00 1449.00
