1591.00 9.00
1694.00 16.00
1142.00 16.00
1265.00 24.00
1539.00 58.00
759.00 47.00
975.00 49.00
480.00 11.00
1094.00 74.00
1235.00 86.00
544.00 35.00
687.00 87.00
1333.00 144.00
1417.00 128.00
476.00 64.00
1484.00 147.00
592.00 88.00
1549.00 163.00
1655.00 179.00
1039.00 167.00
631.00 147.00
941.00 192.00
1290.00 211.00
1672.00 223.00
1096.00 201.00
829.00 183.00
470.00 188.00
370.00 108.00
776.00 199.00
1034.00 223.00
1311.00 252.00
1658.00 266.00
1362.00 257.00
951.00 248.00
1128.00 263.00
583.00 210.00
785.00 247.00
1615.00 303.00
1477.00 312.00
295.00 168.00
731.00 273.00
1662.00 318.00
653.00 251.00
1112.00 304.00
847.00 280.00
1039.00 320.00
344.00 179.00
375.00 245.00
1600.00 396.00
465.00 282.00
871.00 339.00
1280.00 368.00
1169.00 371.00
1328.00 384.00
88.00 272.00
129.00 304.00
184.00 307.00
1351.00 432.00
698.00 397.00
556.00 387.00
1668.00 415.00
1528.00 452.00
1579.00 441.00
910.00 455.00
1135.00 451.00
458.00 375.00
1406.00 463.00
1673.00 478.00
1583.00 483.00
1632.00 493.00
1278.00 506.00
455.00 458.00
1524.00 512.00
1319.00 509.00
1364.00 514.00
1142.00 516.00
1033.00 520.00
1590.00 544.00
1677.00 534.00
232.00 449.00
32.00 443.00
541.00 517.00
622.00 498.00
1357.00 564.00
115.00 464.00
1444.00 577.00
171.00 481.00
214.00 499.00
273.00 503.00
467.00 536.00
511.00 560.00
1607.00 616.00
1447.00 624.00
144.00 527.00
56.00 528.00
1390.00 640.00
256.00 560.00
368.00 585.00
1552.00 660.00
1140.00 664.00
823.00 632.00
1700.00 670.00
1848.00 670.00
512.00 631.00
743.00 631.00
1016.00 650.00
1616.00 672.00
447.00 640.00
560.00 648.00
11.00 604.00
1247.00 686.00
1416.00 693.00
1192.00 725.00
1559.00 711.00
782.00 672.00
448.00 693.00
1462.00 712.00
1800.00 735.00
936.00 695.00
1094.00 725.00
148.00 668.00
880.00 726.00
600.00 717.00
671.00 703.00
1297.00 713.00
1011.00 752.00
406.00 730.00
1281.00 775.00
707.00 772.00
1232.00 777.00
1415.00 788.00
1560.00 787.00
1144.00 799.00
349.00 775.00
511.00 783.00
1767.00 810.00
1351.00 812.00
1519.00 818.00
1632.00 812.00
1719.00 836.00
186.00 807.00
369.00 823.00
1526.00 860.00
1088.00 849.00
1150.00 873.00
531.00 874.00
382.00 867.00
1344.00 897.00
1652.00 900.00
1607.00 913.00
656.00 902.00
328.00 885.00
1293.00 908.00
226.00 903.00
435.00 907.00
1823.00 944.00
1978.00 957.00
896.00 924.00
1648.00 955.00
984.00 942.00
1471.00 929.00
722.00 949.00
1542.00 966.00
1377.00 961.00
291.00 964.00
1082.00 967.00
1840.00 990.00
79.00 970.00
16.00 971.00
511.00 976.00
1279.00 1008.00
1792.00 1004.00
1159.00 998.00
1351.00 1008.00
1891.00 1023.00
872.00 1009.00
800.00 1010.00
1687.00 1015.00
320.00 1028.00
736.00 1011.00
640.00 1029.00
551.00 1032.00
2038.00 1057.00
173.00 1045.00
1815.00 1057.00
1919.00 1067.00
1107.00 1053.00
1297.00 1056.00
1559.00 1072.00
775.00 1055.00
496.00 1071.00
680.00 1072.00
1014.00 1079.00
1770.00 1104.00
65.00 1119.00
855.00 1122.00
1159.00 1078.00
1832.00 1122.00
1056.00 1112.00
134.00 1134.00
1003.00 1135.00
1479.00 1167.00
1575.00 1167.00
1879.00 1166.00
104.00 1177.00
166.00 1180.00
1095.00 1162.00
725.00 1176.00
1314.00 1177.00
886.00 1180.00
992.00 1199.00
1928.00 1216.00
1881.00 1223.00
1840.00 1237.00
831.00 1230.00
1999.00 1221.00
1033.00 1240.00
952.00 1241.00
343.00 1266.00
1897.00 1273.00
759.00 1281.00
1313.00 1264.00
1552.00 1253.00
1796.00 1302.00
1161.00 1305.00
503.00 1312.00
1205.00 1295.00
997.00 1306.00
1999.00 1311.00
1422.00 1327.00
694.00 1343.00
1136.00 1357.00
1280.00 1336.00
1321.00 1342.00
989.00 1352.00
1520.00 1366.00
1294.00 1410.00
1201.00 1384.00
440.00 1408.00
812.00 1408.00
1578.00 1413.00
957.00 1416.00
1033.00 1450.00
1603.00 1455.00
1257.00 1459.00
647.00 1490.00
913.00 1504.00
1200.00 1511.00
