157.00 23.00
711.00 15.00
1358.00 71.00
369.00 128.00
158.00 167.00
663.00 121.00
1800.00 60.00
1632.00 80.00
1138.00 111.00
683.00 185.00
1303.00 104.00
335.00 182.00
1808.00 136.00
428.00 194.00
930.00 186.00
80.00 296.00
1890.00 143.00
191.00 231.00
1177.00 167.00
1073.00 199.00
1447.00 210.00
1400.00 176.00
2001.00 174.00
917.00 248.00
733.00 246.00
999.00 239.00
442.00 255.00
1551.00 191.00
1303.00 226.00
2007.00 231.00
285.00 309.00
73.00 370.00
445.00 332.00
1949.00 263.00
958.00 296.00
1224.00 313.00
1265.00 308.00
1320.00 293.00
1471.00 319.00
612.00 360.00
1904.00 293.00
1368.00 328.00
324.00 368.00
223.00 362.00
771.00 357.00
825.00 358.00
432.00 406.00
673.00 379.00
1552.00 327.00
154.00 418.00
2019.00 360.00
298.00 417.00
1288.00 378.00
801.00 406.00
1151.00 391.00
1207.00 416.00
963.00 393.00
473.00 416.00
429.00 452.00
1424.00 392.00
1594.00 387.00
327.00 458.00
517.00 439.00
1381.00 416.00
232.00 482.00
671.00 432.00
2029.00 456.00
1272.00 436.00
470.00 485.00
885.00 453.00
1833.00 446.00
1167.00 460.00
800.00 494.00
1242.00 484.00
1456.00 480.00
692.00 494.00
647.00 503.00
422.00 556.00
301.00 524.00
996.00 494.00
258.00 528.00
169.00 543.00
1776.00 498.00
1986.00 512.00
1518.00 504.00
1231.00 528.00
558.00 580.00
1159.00 553.00
1753.00 539.00
1312.00 583.00
114.00 609.00
1360.00 548.00
163.00 613.00
1111.00 568.00
627.00 631.00
1466.00 585.00
1845.00 581.00
1184.00 647.00
1088.00 616.00
1664.00 608.00
1248.00 617.00
1419.00 624.00
1709.00 626.00
1364.00 641.00
130.00 682.00
1042.00 643.00
639.00 676.00
189.00 677.00
1651.00 654.00
565.00 687.00
1576.00 682.00
1407.00 674.00
1895.00 689.00
471.00 703.00
1163.00 729.00
1531.00 703.00
1799.00 698.00
586.00 733.00
1939.00 694.00
627.00 743.00
1854.00 694.00
1672.00 719.00
1786.00 748.00
1444.00 761.00
634.00 785.00
1924.00 775.00
545.00 804.00
1019.00 801.00
1446.00 840.00
1178.00 808.00
1350.00 807.00
471.00 834.00
1928.00 831.00
541.00 872.00
630.00 855.00
1119.00 856.00
1352.00 856.00
1403.00 849.00
15.00 909.00
1184.00 871.00
1272.00 881.00
1912.00 882.00
1754.00 904.00
559.00 913.00
1483.00 926.00
673.00 929.00
1982.00 904.00
470.00 929.00
629.00 920.00
1416.00 923.00
1253.00 928.00
1895.00 933.00
427.00 951.00
991.00 932.00
1987.00 961.00
596.00 966.00
1418.00 982.00
425.00 993.00
535.00 978.00
1712.00 980.00
645.00 999.00
1252.00 978.00
48.00 1034.00
1468.00 1010.00
1420.00 1029.00
51.00 1085.00
1463.00 1090.00
1664.00 1103.00
1383.00 1118.00
1735.00 1111.00
43.00 1135.00
984.00 1154.00
1424.00 1139.00
1501.00 1169.00
1215.00 1167.00
1152.00 1173.00
39.00 1189.00
1677.00 1192.00
1882.00 1210.00
1825.00 1209.00
1737.00 1211.00
1607.00 1191.00
962.00 1213.00
1154.00 1230.00
1287.00 1232.00
1701.00 1259.00
1032.00 1246.00
1359.00 1263.00
29.00 1254.00
1152.00 1271.00
1265.00 1288.00
1447.00 1303.00
1209.00 1304.00
1905.00 1320.00
1312.00 1324.00
21.00 1340.00
568.00 1341.00
1071.00 1341.00
1623.00 1422.00
1160.00 1368.00
1208.00 1369.00
1527.00 1407.00
1015.00 1429.00
1248.00 1435.00
1470.00 1485.00
1256.00 1480.00
1313.00 1482.00
