806.00 269.00
912.00 280.00
1600.00 87.00
1445.00 125.00
1097.00 213.00
1170.00 276.00
1230.00 333.00
1940.00 337.00
1579.00 410.00
1707.00 311.00
912.00 523.00
1361.00 451.00
1518.00 468.00
1473.00 497.00
1990.00 441.00
1409.00 495.00
1576.00 520.00
1439.00 540.00
1802.00 525.00
912.00 643.00
1550.00 610.00
1235.00 644.00
1371.00 650.00
1296.00 659.00
1427.00 647.00
1654.00 638.00
790.00 726.00
1698.00 659.00
1569.00 695.00
832.00 763.00
1358.00 719.00
1272.00 745.00
1704.00 704.00
1424.00 727.00
1906.00 701.00
1799.00 712.00
1604.00 746.00
1286.00 791.00
1329.00 766.00
816.00 812.00
1973.00 745.00
1510.00 794.00
1284.00 856.00
1772.00 833.00
1349.00 854.00
649.00 1206.00
1950.00 1256.00
1960.00 1327.00
1639.00 1401.00
