1498.00 15.00
727.00 14.00
1870.00 36.00
610.00 39.00
566.00 26.00
426.00 35.00
1381.00 102.00
14.00 43.00
736.00 73.00
1991.00 85.00
1807.00 122.00
425.00 111.00
470.00 121.00
985.00 149.00
1029.00 149.00
522.00 149.00
873.00 169.00
579.00 166.00
1812.00 188.00
236.00 168.00
2003.00 192.00
345.00 189.00
404.00 201.00
903.00 225.00
481.00 184.00
579.00 234.00
657.00 214.00
888.00 274.00
138.00 230.00
257.00 251.00
521.00 258.00
2010.00 269.00
298.00 258.00
426.00 246.00
373.00 271.00
1347.00 295.00
654.00 270.00
1488.00 316.00
130.00 299.00
205.00 306.00
1694.00 337.00
478.00 326.00
276.00 321.00
838.00 340.00
381.00 338.00
577.00 318.00
652.00 360.00
728.00 318.00
1204.00 390.00
122.00 354.00
2034.00 377.00
225.00 369.00
1643.00 416.00
1295.00 397.00
464.00 379.00
1985.00 393.00
1119.00 404.00
355.00 388.00
1351.00 418.00
1217.00 431.00
51.00 417.00
792.00 440.00
1087.00 447.00
1835.00 441.00
1226.00 474.00
299.00 503.00
1030.00 526.00
55.00 486.00
973.00 506.00
1840.00 498.00
1088.00 548.00
763.00 505.00
1222.00 515.00
2000.00 546.00
927.00 540.00
257.00 537.00
1403.00 534.00
1846.00 563.00
25.00 550.00
840.00 583.00
1359.00 560.00
1225.00 581.00
1418.00 584.00
359.00 585.00
1007.00 592.00
2005.00 594.00
1714.00 625.00
1366.00 624.00
1220.00 627.00
1886.00 640.00
1079.00 645.00
945.00 644.00
994.00 633.00
1408.00 632.00
1128.00 663.00
1265.00 676.00
