1191.00 24.00
1016.00 31.00
646.00 96.00
1253.00 86.00
1189.00 109.00
432.00 121.00
1096.00 151.00
1048.00 155.00
331.00 163.00
1226.00 170.00
1353.00 175.00
1107.00 202.00
1230.00 263.00
1056.00 310.00
1120.00 313.00
1233.00 320.00
1316.00 333.00
951.00 335.00
583.00 359.00
1508.00 347.00
1057.00 362.00
734.00 378.00
1012.00 388.00
1319.00 383.00
1450.00 394.00
1227.00 408.00
944.00 419.00
1012.00 462.00
1327.00 439.00
1286.00 478.00
1605.00 442.00
1757.00 455.00
732.00 503.00
1228.00 487.00
774.00 508.00
1477.00 504.00
1518.00 496.00
935.00 551.00
1246.00 534.00
1292.00 525.00
1688.00 541.00
760.00 584.00
1509.00 554.00
1974.00 566.00
712.00 598.00
1230.00 599.00
1415.00 588.00
1738.00 588.00
2022.00 587.00
1362.00 607.00
870.00 638.00
988.00 642.00
1782.00 627.00
1418.00 637.00
937.00 659.00
1249.00 646.00
1334.00 670.00
807.00 679.00
1624.00 669.00
1421.00 684.00
1901.00 689.00
1821.00 728.00
1492.00 718.00
769.00 720.00
1336.00 711.00
826.00 761.00
1539.00 739.00
734.00 767.00
924.00 767.00
1587.00 759.00
1974.00 764.00
969.00 791.00
1272.00 785.00
1371.00 816.00
887.00 809.00
1013.00 833.00
2035.00 816.00
1338.00 775.00
1975.00 831.00
1448.00 810.00
1284.00 838.00
876.00 874.00
824.00 884.00
931.00 897.00
1556.00 910.00
1633.00 905.00
