1318.00 14.00
900.00 34.00
674.00 17.00
1182.00 48.00
844.00 22.00
475.00 18.00
612.00 48.00
417.00 51.00
1114.00 86.00
1367.00 119.00
784.00 57.00
222.00 65.00
1210.00 158.00
937.00 144.00
367.00 114.00
947.00 242.00
664.00 254.00
1093.00 256.00
848.00 239.00
734.00 231.00
1019.00 322.00
821.00 283.00
660.00 313.00
1325.00 328.00
1072.00 328.00
939.00 338.00
203.00 369.00
647.00 362.00
1009.00 367.00
560.00 360.00
1223.00 422.00
511.00 398.00
1360.00 466.00
55.00 364.00
922.00 405.00
416.00 492.00
1474.00 535.00
1401.00 487.00
221.00 483.00
1331.00 510.00
985.00 504.00
776.00 478.00
1199.00 495.00
1239.00 541.00
503.00 549.00
647.00 597.00
703.00 543.00
187.00 544.00
967.00 591.00
1154.00 608.00
259.00 608.00
1095.00 696.00
1201.00 771.00
1124.00 743.00
737.00 763.00
577.00 773.00
1096.00 799.00
685.00 827.00
961.00 834.00
1191.00 847.00
1071.00 840.00
1295.00 878.00
640.00 849.00
1344.00 920.00
1126.00 855.00
682.00 893.00
983.00 905.00
1063.00 968.00
1016.00 952.00
850.00 1000.00
542.00 968.00
757.00 1040.00
1335.00 1013.00
1145.00 1040.00
648.00 1008.00
1199.00 1008.00
708.00 1079.00
828.00 1118.00
887.00 1146.00
1223.00 1118.00
1163.00 1112.00
818.00 1176.00
1068.00 1152.00
641.00 1206.00
1143.00 1215.00
1047.00 1224.00
1223.00 1209.00
776.00 1231.00
936.00 1208.00
1456.00 1271.00
874.00 1248.00
1167.00 1264.00
1056.00 1280.00
1120.00 1292.00
976.00 1303.00
1252.00 1316.00
1432.00 1319.00
1357.00 1336.00
1040.00 1335.00
839.00 1345.00
1159.00 1359.00
991.00 1384.00
1143.00 1439.00
573.00 1452.00
960.00 1463.00
864.00 1513.00
1007.00 1517.00
