1624.00 19.00
692.00 13.00
1711.00 18.00
1464.00 30.00
1547.00 60.00
1672.00 88.00
1482.00 120.00
1408.00 162.00
1554.00 147.00
1632.00 157.00
1743.00 188.00
1481.00 184.00
961.00 221.00
1008.00 221.00
1498.00 254.00
1546.00 248.00
1903.00 222.00
849.00 248.00
1385.00 279.00
1642.00 260.00
1687.00 259.00
1064.00 287.00
1469.00 300.00
1567.00 293.00
738.00 304.00
1303.00 300.00
1248.00 301.00
827.00 304.00
1836.00 294.00
1399.00 320.00
1512.00 334.00
2003.00 329.00
1655.00 333.00
1791.00 331.00
790.00 346.00
845.00 356.00
1295.00 367.00
1553.00 361.00
1232.00 412.00
1515.00 402.00
1279.00 413.00
1649.00 404.00
1742.00 439.00
534.00 415.00
822.00 422.00
206.00 417.00
1794.00 440.00
1451.00 485.00
1560.00 455.00
1383.00 492.00
896.00 478.00
1304.00 493.00
970.00 490.00
1073.00 494.00
2020.00 514.00
804.00 494.00
675.00 494.00
1517.00 502.00
436.00 496.00
1577.00 516.00
1469.00 553.00
1888.00 550.00
1523.00 550.00
970.00 592.00
1078.00 592.00
918.00 639.00
1987.00 624.00
1895.00 626.00
1191.00 647.00
1261.00 674.00
1707.00 664.00
965.00 675.00
1356.00 682.00
761.00 671.00
1869.00 679.00
1063.00 690.00
1943.00 684.00
425.00 678.00
1474.00 691.00
534.00 704.00
1995.00 704.00
1189.00 712.00
1143.00 714.00
762.00 713.00
293.00 719.00
1439.00 749.00
816.00 740.00
964.00 765.00
1360.00 767.00
1158.00 783.00
1815.00 742.00
1228.00 795.00
396.00 781.00
165.00 795.00
1466.00 819.00
963.00 806.00
665.00 805.00
495.00 803.00
1677.00 820.00
1511.00 821.00
758.00 824.00
821.00 824.00
1262.00 863.00
1063.00 873.00
1200.00 856.00
1533.00 883.00
1461.00 873.00
1592.00 904.00
1672.00 900.00
1350.00 901.00
962.00 917.00
2027.00 923.00
1399.00 927.00
1782.00 953.00
1358.00 943.00
1074.00 963.00
1606.00 983.00
1166.00 971.00
1843.00 1002.00
834.00 991.00
1541.00 1007.00
1685.00 1024.00
1916.00 1042.00
1059.00 1032.00
1133.00 1037.00
1006.00 1044.00
1409.00 1071.00
1516.00 1063.00
960.00 1090.00
1298.00 1071.00
1084.00 1088.00
1561.00 1104.00
1299.00 1118.00
1193.00 1116.00
1511.00 1132.00
1056.00 1143.00
1135.00 1138.00
830.00 1161.00
1275.00 1160.00
1471.00 1184.00
829.00 1228.00
1704.00 1279.00
1107.00 1335.00
807.00 1336.00
1286.00 1375.00
1740.00 1384.00
1839.00 1432.00
1119.00 1392.00
1918.00 1466.00
1839.00 1507.00
590.00 1489.00
1136.00 1488.00
