667.00 41.00
874.00 38.00
745.00 95.00
647.00 176.00
507.00 222.00
1186.00 101.00
1824.00 89.00
551.00 247.00
1099.00 158.00
873.00 198.00
1673.00 128.00
1251.00 164.00
478.00 319.00
669.00 304.00
1099.00 209.00
454.00 384.00
977.00 266.00
871.00 282.00
1383.00 226.00
1026.00 252.00
1647.00 218.00
1717.00 216.00
1342.00 254.00
1926.00 200.00
101.00 327.00
1100.00 275.00
703.00 352.00
759.00 349.00
1271.00 310.00
1955.00 241.00
971.00 324.00
1154.00 281.00
1203.00 289.00
1388.00 299.00
1100.00 333.00
1791.00 262.00
1447.00 295.00
869.00 368.00
920.00 367.00
1201.00 343.00
1272.00 373.00
1488.00 342.00
1440.00 352.00
540.00 479.00
869.00 417.00
447.00 506.00
1392.00 377.00
659.00 504.00
1333.00 388.00
728.00 496.00
494.00 520.00
1273.00 416.00
965.00 466.00
1195.00 445.00
1487.00 399.00
538.00 536.00
1998.00 401.00
821.00 512.00
1334.00 429.00
601.00 544.00
1755.00 411.00
1079.00 464.00
1920.00 413.00
728.00 538.00
868.00 519.00
1251.00 480.00
1537.00 448.00
430.00 592.00
1642.00 463.00
590.00 590.00
1300.00 511.00
644.00 604.00
1585.00 485.00
1358.00 511.00
1119.00 540.00
1444.00 496.00
1400.00 517.00
1346.00 555.00
1113.00 581.00
785.00 639.00
617.00 674.00
867.00 649.00
570.00 675.00
1447.00 572.00
1945.00 574.00
1611.00 584.00
694.00 650.00
2017.00 584.00
1221.00 629.00
755.00 686.00
917.00 648.00
1534.00 612.00
598.00 719.00
423.00 711.00
1488.00 652.00
1730.00 620.00
1968.00 615.00
1689.00 623.00
493.00 735.00
1152.00 651.00
1642.00 632.00
2023.00 631.00
1576.00 641.00
1308.00 668.00
674.00 745.00
753.00 735.00
1916.00 653.00
1800.00 665.00
1701.00 664.00
1423.00 689.00
1982.00 663.00
1623.00 673.00
1379.00 700.00
1116.00 712.00
1581.00 694.00
680.00 786.00
1779.00 710.00
1425.00 730.00
289.00 751.00
1490.00 706.00
1983.00 710.00
1883.00 719.00
582.00 797.00
1736.00 716.00
1583.00 745.00
478.00 838.00
1517.00 757.00
524.00 844.00
592.00 846.00
1985.00 752.00
1742.00 788.00
795.00 848.00
1275.00 810.00
1862.00 846.00
1429.00 838.00
1388.00 846.00
1474.00 827.00
661.00 908.00
1811.00 850.00
1591.00 858.00
1960.00 860.00
1256.00 882.00
423.00 959.00
1082.00 966.00
1019.00 988.00
1256.00 981.00
588.00 1027.00
799.00 1020.00
941.00 1062.00
680.00 1091.00
585.00 1099.00
862.00 1143.00
547.00 1171.00
462.00 1176.00
862.00 1185.00
806.00 1216.00
860.00 1242.00
565.00 1248.00
788.00 1284.00
563.00 1321.00
859.00 1307.00
455.00 1338.00
858.00 1379.00
789.00 1380.00
664.00 1395.00
1276.00 1431.00
494.00 1505.00
727.00 1520.00
