1563.00 40.00
1119.00 47.00
1368.00 71.00
672.00 12.00
1057.00 127.00
179.00 8.00
230.00 24.00
1215.00 109.00
1240.00 167.00
362.00 63.00
907.00 126.00
1311.00 175.00
408.00 72.00
846.00 136.00
1844.00 219.00
1512.00 204.00
478.00 112.00
1055.00 208.00
1190.00 183.00
1781.00 247.00
368.00 113.00
147.00 119.00
1419.00 249.00
450.00 167.00
230.00 177.00
459.00 220.00
351.00 216.00
30.00 185.00
569.00 306.00
1078.00 312.00
231.00 231.00
126.00 247.00
472.00 286.00
19.00 243.00
1572.00 374.00
1214.00 352.00
1637.00 391.00
383.00 302.00
1256.00 351.00
1974.00 426.00
1788.00 421.00
1732.00 427.00
951.00 394.00
1979.00 472.00
1062.00 446.00
1751.00 483.00
1010.00 444.00
1620.00 505.00
39.00 359.00
1954.00 513.00
943.00 471.00
1032.00 496.00
1722.00 534.00
433.00 454.00
1874.00 564.00
105.00 432.00
563.00 482.00
663.00 498.00
430.00 505.00
475.00 509.00
1831.00 573.00
1106.00 549.00
164.00 490.00
855.00 559.00
677.00 547.00
810.00 555.00
159.00 540.00
471.00 563.00
207.00 545.00
1551.00 616.00
574.00 590.00
718.00 569.00
190.00 592.00
1567.00 689.00
890.00 637.00
674.00 633.00
424.00 609.00
716.00 623.00
826.00 664.00
544.00 670.00
1826.00 725.00
1889.00 735.00
654.00 685.00
732.00 702.00
1347.00 721.00
1175.00 720.00
465.00 663.00
511.00 716.00
1126.00 733.00
1058.00 736.00
1893.00 778.00
417.00 662.00
142.00 713.00
399.00 737.00
1831.00 785.00
712.00 745.00
1282.00 768.00
1397.00 720.00
1412.00 770.00
583.00 758.00
14.00 746.00
95.00 754.00
956.00 785.00
698.00 793.00
1860.00 861.00
801.00 811.00
760.00 782.00
947.00 839.00
768.00 873.00
1525.00 921.00
1381.00 929.00
727.00 903.00
964.00 929.00
672.00 939.00
806.00 918.00
1240.00 973.00
1911.00 986.00
1127.00 1026.00
1237.00 1063.00
1322.00 1076.00
756.00 1064.00
686.00 1066.00
992.00 1079.00
195.00 1206.00
