1037.00 386.00
172.00 334.00
1259.00 365.00
502.00 381.00
64.00 351.00
1783.00 460.00
851.00 418.00
530.00 437.00
577.00 446.00
484.00 443.00
648.00 464.00
714.00 479.00
414.00 470.00
358.00 481.00
604.00 499.00
683.00 520.00
1570.00 552.00
415.00 511.00
220.00 539.00
480.00 555.00
271.00 563.00
364.00 572.00
120.00 567.00
1633.00 611.00
477.00 601.00
572.00 591.00
420.00 607.00
1710.00 642.00
1590.00 651.00
1647.00 667.00
418.00 664.00
39.00 638.00
217.00 659.00
167.00 658.00
263.00 658.00
269.00 732.00
359.00 727.00
34.00 691.00
208.00 723.00
15.00 753.00
110.00 753.00
122.00 844.00
