386.00 215.00
1042.00 183.00
490.00 305.00
884.00 307.00
868.00 380.00
928.00 383.00
592.00 429.00
742.00 424.00
793.00 424.00
559.00 471.00
635.00 447.00
930.00 455.00
760.00 480.00
426.00 556.00
471.00 576.00
657.00 548.00
336.00 615.00
551.00 663.00
593.00 661.00
606.00 707.00
513.00 716.00
926.00 719.00
692.00 735.00
969.00 719.00
869.00 720.00
563.00 738.00
740.00 771.00
677.00 778.00
937.00 794.00
421.00 826.00
484.00 792.00
747.00 823.00
1000.00 821.00
788.00 861.00
410.00 887.00
479.00 887.00
1001.00 873.00
729.00 893.00
671.00 904.00
619.00 917.00
549.00 925.00
808.00 916.00
729.00 934.00
703.00 977.00
944.00 978.00
999.00 1119.00
934.00 1149.00
1000.00 1163.00
1016.00 1207.00
1060.00 1208.00
933.00 1226.00
928.00 1295.00
688.00 1238.00
