629.00 57.00
130.00 45.00
481.00 143.00
163.00 108.00
1301.00 56.00
995.00 248.00
1327.00 294.00
1652.00 147.00
1277.00 302.00
590.00 216.00
676.00 303.00
535.00 255.00
1345.00 413.00
1182.00 405.00
1223.00 409.00
933.00 381.00
1366.00 465.00
1182.00 499.00
1370.00 519.00
1168.00 673.00
1118.00 848.00
456.00 905.00
1118.00 927.00
1173.00 934.00
699.00 975.00
695.00 1066.00
1033.00 1078.00
872.00 1135.00
826.00 1138.00
987.00 1135.00
1127.00 1142.00
743.00 1141.00
1122.00 1190.00
816.00 1183.00
983.00 1183.00
736.00 1187.00
1010.00 1226.00
848.00 1231.00
689.00 1296.00
750.00 1336.00
905.00 1335.00
686.00 1375.00
1239.00 1413.00
682.00 1462.00
