639.00 12.00
411.00 8.00
593.00 19.00
771.00 72.00
1820.00 22.00
364.00 44.00
574.00 117.00
867.00 111.00
922.00 106.00
180.00 136.00
936.00 147.00
1452.00 39.00
1535.00 56.00
226.00 258.00
1365.00 78.00
1264.00 79.00
1890.00 200.00
1438.00 103.00
1027.00 323.00
361.00 316.00
1145.00 358.00
696.00 383.00
1010.00 384.00
796.00 381.00
1748.00 374.00
2030.00 348.00
437.00 442.00
1429.00 312.00
2026.00 402.00
120.00 456.00
1833.00 432.00
852.00 474.00
1257.00 416.00
543.00 480.00
795.00 486.00
1372.00 460.00
607.00 481.00
1094.00 456.00
208.00 521.00
416.00 507.00
1133.00 498.00
1014.00 522.00
606.00 525.00
1335.00 521.00
767.00 541.00
126.00 560.00
1762.00 536.00
1874.00 475.00
1185.00 541.00
1105.00 554.00
709.00 583.00
1609.00 612.00
993.00 571.00
635.00 593.00
1302.00 582.00
940.00 578.00
1495.00 600.00
1883.00 518.00
1766.00 590.00
2023.00 508.00
1109.00 622.00
120.00 634.00
1613.00 569.00
588.00 640.00
1297.00 632.00
1893.00 643.00
179.00 680.00
1304.00 683.00
1356.00 671.00
855.00 710.00
1136.00 689.00
1209.00 711.00
1065.00 726.00
1357.00 712.00
1697.00 741.00
1739.00 740.00
1490.00 777.00
923.00 792.00
1202.00 788.00
167.00 797.00
1411.00 801.00
1495.00 825.00
1430.00 847.00
915.00 843.00
1364.00 847.00
1205.00 856.00
