33.00 44.00
75.00 62.00
1919.00 24.00
1168.00 80.00
1792.00 64.00
1351.00 96.00
2008.00 89.00
1175.00 128.00
1865.00 120.00
1763.00 122.00
1026.00 149.00
785.00 169.00
1688.00 152.00
1287.00 176.00
441.00 207.00
812.00 210.00
862.00 212.00
1215.00 200.00
1385.00 255.00
1326.00 271.00
1610.00 264.00
87.00 298.00
1544.00 287.00
1010.00 304.00
1321.00 321.00
206.00 342.00
943.00 380.00
1021.00 392.00
783.00 429.00
1242.00 444.00
838.00 423.00
251.00 436.00
194.00 487.00
1143.00 487.00
1381.00 488.00
1076.00 491.00
422.00 519.00
866.00 513.00
1000.00 532.00
816.00 530.00
73.00 527.00
1349.00 545.00
419.00 569.00
888.00 561.00
1426.00 559.00
224.00 546.00
1275.00 581.00
377.00 579.00
751.00 612.00
1354.00 615.00
1921.00 592.00
1854.00 606.00
1791.00 608.00
752.00 673.00
1836.00 657.00
1892.00 665.00
1636.00 687.00
1286.00 706.00
747.00 724.00
1112.00 728.00
408.00 760.00
927.00 735.00
250.00 723.00
993.00 744.00
1361.00 776.00
364.00 769.00
1766.00 766.00
903.00 786.00
1956.00 766.00
1908.00 771.00
969.00 787.00
404.00 814.00
1407.00 800.00
161.00 864.00
1273.00 816.00
1914.00 824.00
1661.00 844.00
1466.00 856.00
1581.00 868.00
1263.00 872.00
2034.00 877.00
400.00 886.00
1365.00 941.00
1603.00 932.00
1530.00 940.00
887.00 940.00
1668.00 949.00
1476.00 956.00
1322.00 970.00
1368.00 1001.00
784.00 989.00
1622.00 992.00
390.00 1033.00
647.00 1035.00
1888.00 1100.00
1891.00 1152.00
1942.00 1149.00
1949.00 1192.00
1653.00 1192.00
1735.00 1261.00
1546.00 1268.00
1606.00 1293.00
883.00 1365.00
1088.00 1435.00
