1665.00 43.00
1773.00 39.00
1734.00 94.00
1864.00 169.00
1669.00 189.00
192.00 245.00
387.00 223.00
434.00 224.00
1642.00 230.00
2027.00 308.00
390.00 265.00
20.00 260.00
1604.00 283.00
1838.00 335.00
1720.00 329.00
205.00 292.00
1965.00 353.00
403.00 314.00
1663.00 346.00
488.00 375.00
1593.00 344.00
1973.00 431.00
1820.00 418.00
321.00 419.00
203.00 453.00
1914.00 500.00
45.00 506.00
490.00 555.00
1509.00 587.00
252.00 685.00
196.00 727.00
1462.00 688.00
1508.00 701.00
335.00 758.00
1362.00 723.00
408.00 748.00
1397.00 789.00
1468.00 794.00
1526.00 841.00
439.00 948.00
336.00 1069.00
286.00 1130.00
1132.00 1133.00
368.00 1180.00
