1415.00 11.00
1349.00 15.00
1278.00 30.00
1460.00 38.00
373.00 14.00
1636.00 55.00
1982.00 74.00
1395.00 74.00
808.00 67.00
317.00 39.00
1320.00 87.00
1503.00 113.00
511.00 71.00
1096.00 127.00
1023.00 129.00
247.00 100.00
976.00 155.00
476.00 139.00
1557.00 204.00
326.00 144.00
1673.00 188.00
1080.00 183.00
243.00 159.00
1456.00 184.00
1009.00 224.00
816.00 198.00
1941.00 211.00
687.00 215.00
561.00 195.00
1357.00 215.00
893.00 221.00
1071.00 225.00
1303.00 271.00
465.00 224.00
631.00 236.00
1943.00 266.00
409.00 248.00
1358.00 274.00
1566.00 290.00
106.00 251.00
32.00 247.00
1062.00 304.00
1396.00 321.00
2024.00 328.00
520.00 287.00
632.00 318.00
439.00 319.00
1189.00 337.00
1629.00 354.00
553.00 346.00
1505.00 349.00
1455.00 383.00
1813.00 360.00
1141.00 366.00
1947.00 376.00
279.00 341.00
1015.00 367.00
621.00 359.00
935.00 366.00
701.00 382.00
1906.00 381.00
1625.00 409.00
1738.00 390.00
1074.00 385.00
889.00 401.00
1577.00 424.00
1694.00 402.00
1839.00 405.00
343.00 378.00
1273.00 406.00
771.00 432.00
1208.00 415.00
219.00 396.00
943.00 434.00
550.00 409.00
1270.00 447.00
1341.00 465.00
1576.00 472.00
1026.00 448.00
1946.00 474.00
616.00 456.00
548.00 456.00
390.00 469.00
902.00 473.00
1700.00 496.00
697.00 480.00
1384.00 529.00
2018.00 516.00
779.00 498.00
1943.00 516.00
507.00 503.00
941.00 531.00
1558.00 543.00
1600.00 562.00
620.00 532.00
360.00 533.00
1494.00 556.00
1911.00 565.00
1753.00 564.00
1954.00 577.00
1399.00 578.00
1357.00 598.00
141.00 548.00
1543.00 599.00
1489.00 600.00
1698.00 606.00
904.00 601.00
297.00 578.00
592.00 600.00
374.00 615.00
857.00 620.00
669.00 616.00
1240.00 626.00
1991.00 663.00
1663.00 662.00
1805.00 655.00
1485.00 648.00
725.00 621.00
1168.00 658.00
1543.00 681.00
1034.00 651.00
191.00 657.00
1373.00 676.00
930.00 670.00
1616.00 676.00
1721.00 695.00
1873.00 698.00
1497.00 700.00
1946.00 715.00
1182.00 711.00
1302.00 696.00
206.00 698.00
462.00 699.00
1827.00 727.00
2015.00 738.00
1621.00 725.00
1035.00 732.00
1088.00 742.00
1537.00 768.00
636.00 754.00
1184.00 771.00
1984.00 789.00
1931.00 793.00
1870.00 792.00
1139.00 783.00
1046.00 785.00
1301.00 790.00
782.00 783.00
2039.00 811.00
1590.00 805.00
957.00 796.00
1447.00 824.00
2013.00 852.00
1394.00 841.00
1589.00 860.00
408.00 825.00
339.00 845.00
528.00 849.00
752.00 857.00
1837.00 871.00
284.00 849.00
696.00 855.00
1359.00 885.00
1035.00 890.00
584.00 855.00
335.00 892.00
758.00 945.00
736.00 990.00
1695.00 1078.00
533.00 1075.00
742.00 1096.00
1817.00 1145.00
891.00 1146.00
845.00 1147.00
1796.00 1192.00
1918.00 1190.00
820.00 1190.00
702.00 1208.00
786.00 1252.00
1027.00 1258.00
1768.00 1269.00
799.00 1302.00
792.00 1360.00
1680.00 1460.00
296.00 1480.00
2006.00 1518.00
1632.00 1506.00
