734.00 82.00
1030.00 62.00
1280.00 56.00
952.00 160.00
558.00 237.00
1129.00 176.00
1547.00 104.00
1027.00 191.00
1216.00 204.00
1318.00 207.00
1135.00 279.00
2004.00 119.00
1228.00 257.00
1311.00 256.00
596.00 389.00
946.00 345.00
695.00 393.00
1272.00 314.00
1999.00 210.00
579.00 440.00
927.00 402.00
832.00 423.00
1735.00 289.00
702.00 440.00
1686.00 305.00
759.00 439.00
1938.00 284.00
1615.00 335.00
1379.00 382.00
895.00 447.00
1443.00 384.00
1817.00 344.00
1858.00 342.00
751.00 487.00
1155.00 464.00
1216.00 451.00
1919.00 369.00
1295.00 452.00
1870.00 383.00
810.00 514.00
1427.00 444.00
1361.00 457.00
1670.00 463.00
1828.00 415.00
1531.00 473.00
1900.00 444.00
808.00 563.00
635.00 588.00
984.00 555.00
1030.00 550.00
688.00 596.00
1383.00 512.00
1343.00 561.00
1134.00 584.00
671.00 639.00
1027.00 600.00
857.00 617.00
1819.00 528.00
920.00 617.00
1691.00 557.00
1403.00 574.00
969.00 619.00
624.00 672.00
1772.00 558.00
1219.00 612.00
1499.00 608.00
1324.00 631.00
1128.00 644.00
1378.00 622.00
1854.00 581.00
1953.00 582.00
1227.00 661.00
1065.00 678.00
1795.00 613.00
1999.00 591.00
1635.00 624.00
815.00 716.00
1638.00 671.00
1305.00 702.00
1410.00 698.00
1356.00 720.00
1852.00 689.00
1173.00 752.00
2025.00 720.00
1285.00 766.00
1413.00 771.00
1858.00 737.00
1081.00 791.00
1360.00 769.00
1162.00 799.00
1036.00 819.00
1274.00 825.00
894.00 876.00
690.00 886.00
1007.00 899.00
1244.00 908.00
926.00 933.00
1026.00 948.00
1172.00 937.00
1248.00 949.00
969.00 982.00
1415.00 1007.00
1111.00 1014.00
1263.00 1038.00
928.00 1076.00
1056.00 1133.00
1384.00 1109.00
937.00 1261.00
1151.00 1299.00
1060.00 1347.00
1390.00 1340.00
915.00 1368.00
1557.00 1399.00
1343.00 1415.00
1173.00 1452.00
