861.00 8.00
1424.00 8.00
622.00 60.00
1246.00 34.00
1815.00 30.00
1625.00 56.00
1492.00 68.00
1540.00 78.00
1022.00 77.00
518.00 65.00
1594.00 109.00
1757.00 102.00
1034.00 149.00
183.00 56.00
1532.00 124.00
1306.00 141.00
1767.00 172.00
620.00 138.00
1551.00 180.00
1304.00 183.00
697.00 177.00
1110.00 196.00
1033.00 193.00
559.00 178.00
1647.00 250.00
792.00 218.00
1815.00 204.00
1225.00 204.00
618.00 201.00
1896.00 200.00
683.00 227.00
464.00 249.00
1296.00 258.00
1785.00 259.00
1254.00 315.00
616.00 268.00
750.00 295.00
681.00 271.00
1207.00 312.00
1714.00 316.00
555.00 305.00
466.00 329.00
903.00 337.00
1581.00 333.00
613.00 343.00
1035.00 351.00
1256.00 356.00
1622.00 347.00
1368.00 379.00
54.00 327.00
1208.00 379.00
552.00 359.00
273.00 365.00
400.00 348.00
1131.00 407.00
610.00 390.00
1615.00 396.00
1016.00 405.00
452.00 384.00
113.00 385.00
1229.00 420.00
551.00 404.00
1289.00 439.00
1085.00 434.00
1672.00 449.00
362.00 407.00
609.00 431.00
1741.00 466.00
775.00 455.00
1566.00 478.00
695.00 460.00
1421.00 471.00
293.00 453.00
1520.00 480.00
109.00 435.00
1112.00 486.00
1230.00 480.00
482.00 483.00
608.00 489.00
870.00 497.00
1617.00 530.00
658.00 511.00
290.00 503.00
1378.00 532.00
105.00 479.00
742.00 528.00
1523.00 537.00
192.00 535.00
543.00 557.00
1332.00 569.00
1704.00 576.00
882.00 569.00
769.00 570.00
294.00 571.00
399.00 583.00
1383.00 611.00
1576.00 615.00
658.00 576.00
187.00 598.00
1532.00 629.00
477.00 600.00
542.00 614.00
2017.00 647.00
258.00 642.00
305.00 658.00
417.00 654.00
1368.00 675.00
184.00 647.00
1727.00 663.00
1325.00 671.00
902.00 690.00
1534.00 693.00
959.00 661.00
1032.00 682.00
466.00 681.00
538.00 678.00
368.00 684.00
181.00 693.00
716.00 684.00
606.00 693.00
277.00 710.00
1121.00 710.00
417.00 738.00
325.00 719.00
526.00 756.00
178.00 736.00
604.00 789.00
288.00 772.00
986.00 798.00
1119.00 806.00
143.00 792.00
2030.00 793.00
1905.00 800.00
901.00 843.00
629.00 839.00
