1442.00 41.00
1460.00 94.00
847.00 33.00
1404.00 131.00
1240.00 97.00
975.00 96.00
1672.00 144.00
887.00 79.00
1665.00 185.00
820.00 155.00
1381.00 183.00
1425.00 231.00
1644.00 236.00
1191.00 191.00
1471.00 238.00
395.00 152.00
1079.00 199.00
558.00 177.00
767.00 184.00
784.00 234.00
1787.00 272.00
1633.00 278.00
274.00 196.00
1390.00 287.00
194.00 200.00
958.00 279.00
1168.00 272.00
72.00 205.00
124.00 214.00
423.00 263.00
1584.00 331.00
1417.00 331.00
767.00 303.00
679.00 297.00
1357.00 334.00
1223.00 304.00
352.00 298.00
476.00 296.00
568.00 312.00
175.00 287.00
1079.00 366.00
1647.00 399.00
919.00 362.00
1548.00 405.00
1208.00 413.00
652.00 369.00
333.00 374.00
710.00 373.00
816.00 392.00
1023.00 400.00
1370.00 407.00
1279.00 390.00
378.00 372.00
492.00 383.00
950.00 424.00
1384.00 452.00
1332.00 456.00
375.00 418.00
1519.00 466.00
331.00 420.00
1783.00 485.00
272.00 424.00
1088.00 463.00
567.00 450.00
974.00 471.00
1407.00 496.00
1183.00 511.00
467.00 463.00
1810.00 527.00
855.00 488.00
1540.00 519.00
1604.00 534.00
611.00 489.00
769.00 496.00
813.00 500.00
1023.00 496.00
360.00 479.00
1272.00 552.00
1463.00 536.00
494.00 506.00
656.00 528.00
430.00 537.00
698.00 564.00
567.00 552.00
1012.00 552.00
489.00 575.00
886.00 584.00
578.00 611.00
381.00 615.00
496.00 616.00
708.00 616.00
943.00 627.00
658.00 620.00
1298.00 643.00
1339.00 645.00
994.00 639.00
1432.00 645.00
1497.00 653.00
749.00 639.00
1195.00 691.00
513.00 662.00
831.00 665.00
706.00 664.00
1019.00 680.00
951.00 684.00
574.00 702.00
1128.00 704.00
487.00 709.00
656.00 717.00
326.00 696.00
420.00 710.00
777.00 728.00
704.00 715.00
856.00 731.00
374.00 742.00
1115.00 753.00
526.00 759.00
1443.00 782.00
871.00 784.00
720.00 773.00
1213.00 760.00
1017.00 792.00
322.00 773.00
1116.00 803.00
654.00 814.00
701.00 814.00
606.00 815.00
1056.00 841.00
856.00 827.00
1279.00 825.00
1205.00 830.00
522.00 849.00
1482.00 866.00
578.00 856.00
776.00 850.00
670.00 858.00
1113.00 859.00
871.00 868.00
1391.00 882.00
1437.00 880.00
1220.00 889.00
528.00 896.00
681.00 912.00
792.00 919.00
1111.00 979.00
1040.00 987.00
1307.00 1001.00
861.00 1031.00
1264.00 1069.00
822.00 1089.00
1225.00 1176.00
1500.00 1177.00
720.00 1210.00
977.00 1201.00
1173.00 1202.00
1222.00 1219.00
1522.00 1248.00
1371.00 1392.00
