865.00 13.00
658.00 26.00
742.00 66.00
931.00 56.00
1208.00 53.00
655.00 91.00
864.00 77.00
741.00 122.00
2017.00 129.00
652.00 150.00
974.00 120.00
651.00 201.00
500.00 193.00
738.00 176.00
1513.00 241.00
583.00 215.00
1854.00 223.00
1774.00 232.00
1562.00 237.00
951.00 221.00
637.00 262.00
28.00 261.00
510.00 280.00
459.00 286.00
1761.00 290.00
1133.00 280.00
1565.00 295.00
970.00 296.00
579.00 306.00
620.00 303.00
399.00 341.00
470.00 356.00
758.00 347.00
1641.00 348.00
1568.00 344.00
505.00 401.00
783.00 404.00
1572.00 401.00
98.00 420.00
1135.00 437.00
1646.00 402.00
207.00 431.00
1936.00 474.00
430.00 442.00
388.00 445.00
605.00 448.00
128.00 462.00
1711.00 440.00
1570.00 460.00
1833.00 499.00
1087.00 486.00
936.00 431.00
1620.00 462.00
301.00 480.00
1990.00 530.00
421.00 487.00
1349.00 513.00
15.00 503.00
1918.00 546.00
79.00 508.00
359.00 509.00
499.00 520.00
1853.00 565.00
941.00 542.00
1623.00 511.00
886.00 565.00
1783.00 632.00
422.00 574.00
303.00 562.00
550.00 590.00
768.00 615.00
199.00 608.00
353.00 617.00
61.00 639.00
945.00 647.00
627.00 649.00
691.00 663.00
886.00 622.00
243.00 663.00
1231.00 685.00
1530.00 673.00
545.00 680.00
472.00 687.00
1049.00 699.00
739.00 728.00
294.00 715.00
929.00 743.00
466.00 750.00
143.00 788.00
878.00 809.00
832.00 806.00
613.00 838.00
135.00 846.00
669.00 863.00
129.00 896.00
1477.00 973.00
448.00 948.00
52.00 943.00
266.00 981.00
1208.00 954.00
1312.00 969.00
69.00 994.00
710.00 979.00
1481.00 1042.00
459.00 1024.00
1531.00 1027.00
1329.00 1028.00
1131.00 1070.00
458.00 1075.00
1440.00 1076.00
285.00 1087.00
656.00 1112.00
1091.00 1126.00
85.00 1147.00
182.00 1110.00
816.00 1062.00
986.00 1139.00
724.00 1145.00
254.00 1160.00
1393.00 1190.00
178.00 1194.00
517.00 1199.00
965.00 1200.00
1200.00 1210.00
1321.00 1215.00
2002.00 1262.00
513.00 1251.00
442.00 1256.00
248.00 1280.00
519.00 1314.00
1253.00 1336.00
1073.00 1331.00
1181.00 1342.00
1120.00 1343.00
1478.00 1357.00
1984.00 1383.00
43.00 1406.00
521.00 1451.00
760.00 1468.00
518.00 1527.00
