1424.00 20.00
1235.00 30.00
1044.00 27.00
1426.00 71.00
702.00 11.00
1833.00 102.00
1293.00 94.00
246.00 8.00
424.00 24.00
535.00 80.00
1651.00 158.00
644.00 127.00
1191.00 169.00
1799.00 183.00
342.00 79.00
1751.00 182.00
181.00 94.00
1123.00 158.00
768.00 202.00
1229.00 229.00
1935.00 222.00
517.00 127.00
1003.00 182.00
1805.00 253.00
355.00 139.00
280.00 177.00
201.00 173.00
410.00 166.00
1680.00 298.00
549.00 180.00
1591.00 282.00
766.00 263.00
1113.00 254.00
1943.00 300.00
995.00 276.00
1810.00 313.00
1231.00 292.00
223.00 255.00
1194.00 334.00
1684.00 366.00
356.00 246.00
560.00 283.00
765.00 305.00
1514.00 397.00
634.00 332.00
1771.00 410.00
235.00 306.00
321.00 297.00
1599.00 418.00
952.00 387.00
256.00 396.00
1247.00 472.00
623.00 426.00
309.00 359.00
895.00 412.00
1049.00 448.00
984.00 447.00
672.00 416.00
1202.00 480.00
504.00 409.00
560.00 440.00
305.00 462.00
391.00 459.00
630.00 473.00
878.00 480.00
214.00 456.00
302.00 503.00
515.00 518.00
182.00 536.00
1688.00 650.00
1777.00 650.00
120.00 550.00
600.00 598.00
1030.00 622.00
48.00 584.00
495.00 593.00
1127.00 649.00
459.00 645.00
2026.00 718.00
599.00 644.00
649.00 625.00
680.00 681.00
757.00 699.00
57.00 712.00
876.00 747.00
503.00 732.00
624.00 691.00
360.00 726.00
755.00 792.00
226.00 790.00
421.00 789.00
920.00 821.00
875.00 856.00
368.00 838.00
752.00 908.00
618.00 842.00
445.00 882.00
336.00 991.00
442.00 980.00
372.00 1045.00
688.00 1002.00
264.00 1048.00
647.00 1186.00
608.00 1245.00
663.00 1265.00
601.00 1388.00
621.00 1440.00
694.00 1527.00
