711.00 10.00
767.00 14.00
9.00 60.00
784.00 74.00
1366.00 50.00
747.00 127.00
1767.00 39.00
141.00 160.00
808.00 122.00
1975.00 43.00
1080.00 144.00
968.00 171.00
1365.00 149.00
1841.00 116.00
1464.00 149.00
786.00 214.00
744.00 221.00
887.00 207.00
212.00 245.00
169.00 266.00
988.00 246.00
1414.00 197.00
300.00 285.00
820.00 296.00
1800.00 217.00
1759.00 216.00
740.00 300.00
1667.00 240.00
71.00 327.00
1488.00 259.00
342.00 363.00
622.00 375.00
377.00 423.00
478.00 461.00
1276.00 553.00
475.00 531.00
1999.00 560.00
360.00 754.00
227.00 767.00
247.00 869.00
449.00 1056.00
