1775.00 177.00
1694.00 182.00
134.00 63.00
1527.00 254.00
1423.00 225.00
1188.00 271.00
1638.00 303.00
1864.00 365.00
1158.00 325.00
1613.00 376.00
1720.00 402.00
1775.00 420.00
743.00 343.00
1603.00 428.00
1826.00 439.00
1562.00 425.00
1715.00 455.00
1416.00 440.00
1375.00 437.00
1661.00 462.00
1330.00 444.00
1147.00 425.00
1611.00 469.00
1534.00 480.00
1485.00 485.00
1773.00 512.00
1718.00 515.00
862.00 463.00
1638.00 521.00
487.00 433.00
1279.00 513.00
1893.00 560.00
1000.00 504.00
1488.00 537.00
1237.00 519.00
1715.00 568.00
1609.00 585.00
1030.00 545.00
816.00 528.00
1281.00 568.00
989.00 549.00
1238.00 578.00
1489.00 593.00
1448.00 588.00
1929.00 643.00
897.00 576.00
34.00 542.00
652.00 577.00
725.00 588.00
1162.00 624.00
1843.00 671.00
1462.00 650.00
1273.00 664.00
903.00 639.00
1545.00 694.00
1759.00 710.00
1976.00 725.00
451.00 635.00
514.00 645.00
1447.00 703.00
1399.00 706.00
857.00 677.00
27.00 632.00
1352.00 706.00
1308.00 705.00
205.00 653.00
1262.00 705.00
1156.00 719.00
284.00 673.00
376.00 710.00
526.00 688.00
1480.00 745.00
965.00 720.00
1412.00 750.00
1894.00 753.00
899.00 740.00
438.00 724.00
614.00 739.00
799.00 730.00
513.00 739.00
38.00 713.00
1463.00 791.00
304.00 730.00
854.00 766.00
1568.00 810.00
1208.00 784.00
1330.00 791.00
1882.00 827.00
195.00 762.00
811.00 774.00
1989.00 840.00
322.00 776.00
1434.00 859.00
1299.00 837.00
599.00 818.00
712.00 818.00
1025.00 838.00
1580.00 865.00
1801.00 896.00
1106.00 864.00
1229.00 870.00
1299.00 887.00
1529.00 891.00
1183.00 925.00
435.00 854.00
116.00 899.00
584.00 904.00
431.00 911.00
676.00 933.00
