1569.00 123.00
716.00 8.00
769.00 12.00
1066.00 41.00
1506.00 237.00
607.00 96.00
1216.00 193.00
1119.00 181.00
561.00 151.00
608.00 163.00
927.00 192.00
1567.00 350.00
1122.00 253.00
623.00 207.00
1008.00 236.00
688.00 223.00
814.00 240.00
1451.00 399.00
571.00 248.00
1039.00 307.00
947.00 302.00
1008.00 360.00
784.00 303.00
1123.00 385.00
962.00 357.00
591.00 304.00
1343.00 410.00
884.00 346.00
392.00 320.00
1268.00 450.00
898.00 398.00
1098.00 465.00
1204.00 479.00
1437.00 482.00
838.00 439.00
1145.00 466.00
1651.00 553.00
1480.00 519.00
207.00 440.00
1147.00 559.00
895.00 506.00
683.00 494.00
1553.00 600.00
543.00 498.00
879.00 570.00
1375.00 569.00
838.00 535.00
1092.00 578.00
686.00 552.00
1197.00 565.00
407.00 528.00
473.00 552.00
766.00 577.00
818.00 599.00
1107.00 622.00
633.00 568.00
1276.00 654.00
1417.00 661.00
1590.00 712.00
683.00 618.00
1188.00 678.00
663.00 684.00
888.00 655.00
611.00 660.00
729.00 678.00
1250.00 715.00
764.00 723.00
1520.00 790.00
531.00 687.00
1468.00 789.00
471.00 725.00
1157.00 793.00
654.00 807.00
639.00 853.00
1103.00 894.00
794.00 874.00
917.00 928.00
859.00 903.00
698.00 907.00
1098.00 965.00
1342.00 1018.00
1272.00 1018.00
1172.00 1022.00
1471.00 1066.00
880.00 1070.00
935.00 1070.00
227.00 1001.00
684.00 1127.00
216.00 1080.00
144.00 1109.00
1051.00 1183.00
1276.00 1186.00
833.00 1232.00
1460.00 1213.00
1507.00 1213.00
447.00 1227.00
993.00 1264.00
1343.00 1275.00
1034.00 1272.00
548.00 1423.00
