16.00 8.00
437.00 30.00
559.00 28.00
505.00 31.00
1504.00 14.00
895.00 56.00
1390.00 61.00
423.00 88.00
1507.00 61.00
587.00 82.00
475.00 91.00
1553.00 113.00
951.00 126.00
320.00 152.00
530.00 156.00
1127.00 176.00
1534.00 175.00
1335.00 167.00
970.00 212.00
208.00 200.00
1646.00 235.00
1100.00 223.00
517.00 230.00
729.00 231.00
770.00 240.00
1515.00 216.00
1462.00 215.00
1703.00 264.00
1416.00 239.00
989.00 301.00
1304.00 311.00
1622.00 312.00
1671.00 305.00
1093.00 296.00
183.00 312.00
928.00 338.00
824.00 342.00
1052.00 339.00
47.00 352.00
304.00 344.00
460.00 344.00
588.00 344.00
1194.00 348.00
1454.00 348.00
732.00 374.00
383.00 366.00
676.00 399.00
1119.00 376.00
524.00 385.00
466.00 386.00
1057.00 387.00
604.00 392.00
1172.00 399.00
841.00 412.00
967.00 397.00
731.00 415.00
379.00 414.00
423.00 416.00
1368.00 400.00
642.00 440.00
798.00 459.00
1196.00 462.00
1445.00 458.00
716.00 465.00
1060.00 460.00
244.00 462.00
1561.00 480.00
1249.00 466.00
428.00 483.00
386.00 485.00
943.00 495.00
839.00 498.00
1329.00 484.00
1706.00 479.00
1299.00 527.00
373.00 543.00
945.00 536.00
1032.00 533.00
1229.00 525.00
1647.00 526.00
861.00 540.00
605.00 542.00
217.00 543.00
321.00 544.00
652.00 570.00
1768.00 547.00
1468.00 586.00
947.00 577.00
210.00 587.00
274.00 587.00
130.00 598.00
1732.00 594.00
1040.00 614.00
727.00 616.00
1201.00 607.00
583.00 630.00
394.00 632.00
865.00 666.00
663.00 645.00
243.00 644.00
309.00 652.00
142.00 660.00
8.00 652.00
783.00 694.00
59.00 692.00
907.00 685.00
541.00 690.00
595.00 689.00
1335.00 692.00
1391.00 692.00
1577.00 676.00
1772.00 685.00
843.00 707.00
189.00 727.00
593.00 750.00
839.00 749.00
1195.00 768.00
1699.00 750.00
27.00 768.00
1618.00 784.00
1554.00 785.00
1408.00 812.00
149.00 837.00
1431.00 864.00
210.00 879.00
1335.00 902.00
1279.00 906.00
81.00 1312.00
