1260.00 22.00
44.00 48.00
272.00 70.00
1042.00 89.00
1180.00 103.00
1556.00 95.00
1111.00 120.00
1838.00 90.00
729.00 128.00
975.00 143.00
664.00 177.00
1897.00 159.00
871.00 176.00
1896.00 206.00
760.00 233.00
1992.00 237.00
1102.00 241.00
263.00 272.00
967.00 250.00
716.00 253.00
209.00 249.00
864.00 247.00
8.00 255.00
49.00 236.00
1038.00 278.00
1949.00 270.00
552.00 287.00
648.00 312.00
33.00 322.00
1584.00 351.00
1826.00 308.00
904.00 342.00
296.00 316.00
436.00 332.00
88.00 329.00
782.00 339.00
208.00 345.00
1918.00 350.00
1767.00 348.00
163.00 358.00
878.00 384.00
942.00 399.00
1524.00 403.00
492.00 407.00
751.00 398.00
1455.00 408.00
158.00 411.00
1017.00 430.00
399.00 416.00
88.00 423.00
551.00 456.00
877.00 444.00
1537.00 447.00
1833.00 448.00
319.00 460.00
771.00 470.00
35.00 464.00
1672.00 477.00
1619.00 482.00
1726.00 480.00
1777.00 482.00
699.00 487.00
1541.00 496.00
1465.00 534.00
342.00 520.00
383.00 521.00
578.00 523.00
876.00 505.00
156.00 526.00
1119.00 549.00
923.00 564.00
242.00 552.00
1271.00 548.00
527.00 543.00
446.00 573.00
809.00 577.00
176.00 576.00
875.00 581.00
1766.00 587.00
1552.00 590.00
239.00 602.00
710.00 606.00
755.00 607.00
283.00 644.00
641.00 607.00
1463.00 608.00
1601.00 606.00
1113.00 598.00
923.00 611.00
172.00 626.00
520.00 639.00
1016.00 657.00
873.00 657.00
324.00 674.00
386.00 667.00
428.00 680.00
1082.00 661.00
1465.00 662.00
623.00 679.00
747.00 680.00
684.00 680.00
563.00 692.00
499.00 693.00
1565.00 698.00
216.00 691.00
143.00 689.00
873.00 702.00
278.00 711.00
380.00 719.00
425.00 725.00
1897.00 733.00
535.00 738.00
224.00 782.00
872.00 760.00
1014.00 763.00
32.00 755.00
274.00 765.00
472.00 769.00
674.00 772.00
732.00 773.00
788.00 773.00
183.00 769.00
532.00 789.00
407.00 792.00
333.00 802.00
1700.00 810.00
766.00 818.00
700.00 852.00
270.00 820.00
1077.00 781.00
1650.00 828.00
871.00 824.00
1565.00 858.00
530.00 838.00
26.00 837.00
152.00 865.00
182.00 822.00
577.00 851.00
1501.00 856.00
935.00 889.00
992.00 874.00
1052.00 892.00
528.00 889.00
994.00 954.00
1738.00 1001.00
1677.00 1021.00
422.00 1062.00
725.00 1122.00
1486.00 1145.00
865.00 1195.00
717.00 1341.00
1907.00 1397.00
854.00 1355.00
1644.00 1390.00
758.00 1511.00
1490.00 1522.00
