1362.00 30.00
1480.00 31.00
1183.00 66.00
1528.00 71.00
1589.00 110.00
1365.00 92.00
349.00 107.00
506.00 104.00
1770.00 186.00
1543.00 173.00
1015.00 177.00
1458.00 202.00
1151.00 192.00
1367.00 162.00
363.00 193.00
774.00 203.00
872.00 199.00
541.00 222.00
1048.00 233.00
1374.00 282.00
774.00 257.00
1285.00 311.00
896.00 299.00
1600.00 328.00
1153.00 319.00
1434.00 304.00
1377.00 351.00
1062.00 350.00
698.00 303.00
495.00 345.00
772.00 351.00
1506.00 368.00
1287.00 378.00
857.00 344.00
1423.00 376.00
943.00 391.00
1682.00 415.00
1288.00 430.00
800.00 409.00
1231.00 436.00
1774.00 449.00
1062.00 416.00
871.00 399.00
1381.00 452.00
1719.00 485.00
792.00 457.00
1471.00 479.00
643.00 455.00
328.00 471.00
1383.00 501.00
857.00 491.00
1158.00 518.00
791.00 512.00
1634.00 540.00
1307.00 518.00
1432.00 543.00
1722.00 552.00
943.00 522.00
485.00 573.00
1386.00 552.00
1562.00 543.00
1007.00 564.00
831.00 572.00
1059.00 583.00
1295.00 596.00
484.00 623.00
768.00 584.00
616.00 616.00
1728.00 629.00
901.00 614.00
1463.00 640.00
1060.00 638.00
1003.00 656.00
788.00 647.00
1727.00 679.00
1323.00 680.00
1671.00 685.00
856.00 659.00
1209.00 702.00
1599.00 695.00
1282.00 678.00
1464.00 712.00
1392.00 724.00
1052.00 739.00
967.00 735.00
787.00 730.00
902.00 736.00
362.00 730.00
622.00 743.00
687.00 799.00
1406.00 783.00
903.00 794.00
1715.00 820.00
1163.00 811.00
1055.00 825.00
836.00 824.00
968.00 834.00
1218.00 858.00
514.00 904.00
1784.00 874.00
1680.00 880.00
1530.00 889.00
1453.00 894.00
472.00 848.00
1409.00 896.00
1165.00 887.00
1069.00 906.00
683.00 896.00
454.00 935.00
1400.00 947.00
1322.00 949.00
398.00 932.00
1249.00 951.00
1456.00 936.00
1070.00 959.00
854.00 967.00
697.00 985.00
1308.00 998.00
360.00 997.00
818.00 1008.00
696.00 1035.00
867.00 1052.00
449.00 1080.00
1408.00 1077.00
1486.00 1078.00
1542.00 1080.00
1648.00 1081.00
1745.00 1084.00
679.00 1084.00
1283.00 1151.00
814.00 1152.00
883.00 1129.00
1007.00 1166.00
1217.00 1167.00
1051.00 1191.00
1113.00 1196.00
1414.00 1200.00
787.00 1222.00
1271.00 1228.00
849.00 1232.00
1060.00 1238.00
909.00 1253.00
1112.00 1262.00
1417.00 1254.00
1007.00 1266.00
754.00 1320.00
1251.00 1288.00
1053.00 1299.00
829.00 1313.00
1420.00 1312.00
939.00 1322.00
1001.00 1310.00
1275.00 1349.00
1040.00 1395.00
449.00 1404.00
