898.00 35.00
435.00 16.00
1273.00 50.00
1761.00 70.00
364.00 31.00
305.00 40.00
626.00 71.00
511.00 64.00
2036.00 94.00
432.00 63.00
345.00 88.00
1149.00 102.00
847.00 98.00
1713.00 107.00
1656.00 106.00
772.00 184.00
1935.00 162.00
432.00 143.00
924.00 200.00
1644.00 219.00
442.00 202.00
94.00 302.00
1222.00 255.00
1078.00 259.00
1326.00 259.00
823.00 258.00
1027.00 271.00
984.00 265.00
1446.00 334.00
1193.00 328.00
857.00 315.00
986.00 323.00
1060.00 325.00
1790.00 315.00
1388.00 330.00
1976.00 354.00
8.00 400.00
1146.00 365.00
580.00 361.00
1624.00 379.00
1563.00 385.00
1053.00 381.00
654.00 375.00
121.00 432.00
238.00 435.00
1490.00 414.00
1685.00 424.00
1727.00 439.00
1814.00 432.00
634.00 423.00
1894.00 435.00
1338.00 441.00
1144.00 449.00
1188.00 456.00
863.00 447.00
591.00 451.00
1387.00 477.00
650.00 472.00
1759.00 481.00
1159.00 497.00
1658.00 480.00
822.00 489.00
508.00 487.00
781.00 517.00
1556.00 524.00
1829.00 519.00
1903.00 524.00
1960.00 527.00
551.00 519.00
1707.00 541.00
1767.00 546.00
1653.00 552.00
1407.00 544.00
431.00 565.00
1559.00 588.00
1488.00 567.00
694.00 571.00
748.00 560.00
889.00 584.00
848.00 575.00
1053.00 589.00
579.00 564.00
1390.00 591.00
366.00 576.00
1655.00 617.00
695.00 631.00
490.00 595.00
1340.00 638.00
1491.00 632.00
1970.00 645.00
874.00 651.00
1802.00 643.00
1381.00 638.00
1245.00 680.00
546.00 628.00
807.00 634.00
1434.00 648.00
490.00 640.00
152.00 662.00
749.00 648.00
1687.00 666.00
1494.00 688.00
1388.00 683.00
1579.00 684.00
797.00 687.00
1832.00 714.00
1629.00 728.00
39.00 712.00
1675.00 711.00
982.00 710.00
1081.00 712.00
269.00 737.00
1781.00 743.00
1582.00 734.00
1157.00 760.00
1615.00 780.00
344.00 749.00
511.00 753.00
1662.00 769.00
1487.00 779.00
795.00 736.00
944.00 758.00
1759.00 797.00
1924.00 799.00
881.00 777.00
613.00 793.00
995.00 775.00
1870.00 811.00
939.00 812.00
751.00 810.00
1128.00 804.00
1068.00 801.00
174.00 836.00
48.00 843.00
1730.00 838.00
265.00 856.00
859.00 835.00
1457.00 842.00
1498.00 838.00
703.00 829.00
125.00 876.00
1716.00 881.00
901.00 866.00
785.00 863.00
365.00 870.00
1561.00 894.00
1423.00 888.00
1375.00 904.00
1828.00 909.00
528.00 916.00
201.00 930.00
719.00 925.00
348.00 943.00
1039.00 968.00
1388.00 976.00
511.00 1026.00
441.00 1107.00
208.00 1146.00
400.00 1166.00
615.00 1179.00
230.00 1207.00
355.00 1224.00
296.00 1324.00
337.00 1327.00
1095.00 1344.00
797.00 1349.00
