210.00 20.00
988.00 45.00
1157.00 103.00
669.00 162.00
1200.00 107.00
1897.00 48.00
1077.00 150.00
655.00 205.00
1006.00 177.00
1833.00 67.00
257.00 264.00
602.00 252.00
1459.00 162.00
877.00 250.00
2017.00 115.00
1581.00 184.00
1626.00 182.00
690.00 291.00
1216.00 269.00
1362.00 226.00
1508.00 248.00
1569.00 240.00
1618.00 239.00
602.00 346.00
501.00 365.00
1378.00 278.00
1038.00 333.00
947.00 342.00
761.00 379.00
1619.00 284.00
1555.00 301.00
643.00 375.00
899.00 377.00
1426.00 345.00
1090.00 384.00
637.00 421.00
1576.00 365.00
1205.00 417.00
822.00 501.00
546.00 539.00
502.00 551.00
474.00 612.00
535.00 592.00
1395.00 545.00
901.00 597.00
1893.00 529.00
1207.00 583.00
1438.00 598.00
465.00 658.00
514.00 669.00
756.00 627.00
1418.00 713.00
1311.00 679.00
1464.00 759.00
858.00 788.00
1209.00 785.00
1148.00 791.00
522.00 816.00
582.00 849.00
1637.00 823.00
502.00 865.00
1461.00 844.00
1519.00 865.00
1355.00 875.00
1402.00 878.00
437.00 928.00
1408.00 928.00
1677.00 948.00
536.00 1000.00
1269.00 988.00
1227.00 990.00
1474.00 1083.00
1334.00 1079.00
567.00 1180.00
572.00 1222.00
1474.00 1230.00
418.00 1238.00
1264.00 1268.00
1154.00 1275.00
1218.00 1282.00
1784.00 1399.00
536.00 1478.00
1222.00 1492.00
