1575.00 47.00
495.00 15.00
1578.00 95.00
87.00 22.00
687.00 112.00
30.00 112.00
1646.00 238.00
839.00 186.00
77.00 151.00
1452.00 277.00
335.00 200.00
412.00 208.00
543.00 216.00
626.00 263.00
1593.00 345.00
353.00 257.00
207.00 256.00
111.00 263.00
1718.00 405.00
480.00 295.00
47.00 295.00
155.00 295.00
1659.00 426.00
1596.00 414.00
317.00 336.00
257.00 335.00
454.00 355.00
199.00 384.00
248.00 389.00
307.00 401.00
490.00 415.00
61.00 408.00
119.00 424.00
249.00 436.00
543.00 452.00
191.00 448.00
502.00 487.00
755.00 540.00
183.00 507.00
235.00 513.00
439.00 548.00
745.00 591.00
856.00 583.00
63.00 574.00
177.00 568.00
654.00 588.00
247.00 592.00
954.00 624.00
349.00 630.00
607.00 664.00
418.00 643.00
664.00 671.00
1068.00 679.00
735.00 700.00
358.00 690.00
437.00 696.00
275.00 695.00
1746.00 771.00
643.00 737.00
93.00 725.00
27.00 739.00
181.00 794.00
471.00 815.00
1550.00 824.00
268.00 796.00
20.00 799.00
105.00 807.00
337.00 811.00
1685.00 850.00
184.00 851.00
1622.00 857.00
91.00 880.00
241.00 851.00
743.00 876.00
1492.00 922.00
260.00 905.00
725.00 923.00
413.00 967.00
577.00 972.00
264.00 1022.00
352.00 1020.00
1110.00 1055.00
20.00 1077.00
480.00 1081.00
365.00 1120.00
437.00 1151.00
1155.00 1148.00
54.00 1207.00
663.00 1174.00
199.00 1202.00
932.00 1216.00
1639.00 1228.00
135.00 1215.00
1155.00 1245.00
1108.00 1248.00
329.00 1338.00
1083.00 1327.00
293.00 1484.00
1653.00 1462.00
