1398.00 98.00
1349.00 130.00
1938.00 191.00
1897.00 201.00
447.00 188.00
1115.00 238.00
222.00 186.00
1281.00 224.00
500.00 204.00
935.00 196.00
218.00 242.00
728.00 267.00
1710.00 308.00
1393.00 326.00
1065.00 328.00
871.00 352.00
327.00 335.00
32.00 335.00
1215.00 393.00
218.00 347.00
978.00 419.00
375.00 384.00
548.00 404.00
792.00 424.00
45.00 393.00
863.00 402.00
373.00 429.00
428.00 432.00
514.00 445.00
1071.00 471.00
38.00 438.00
80.00 448.00
1269.00 469.00
854.00 475.00
776.00 491.00
1531.00 510.00
1291.00 510.00
184.00 487.00
16.00 502.00
61.00 511.00
1242.00 539.00
518.00 503.00
1189.00 535.00
898.00 534.00
601.00 524.00
776.00 535.00
433.00 533.00
310.00 543.00
1092.00 591.00
388.00 586.00
121.00 574.00
582.00 584.00
775.00 592.00
941.00 609.00
264.00 622.00
400.00 636.00
940.00 656.00
442.00 662.00
347.00 642.00
670.00 697.00
343.00 695.00
826.00 713.00
751.00 721.00
930.00 724.00
1183.00 754.00
775.00 763.00
386.00 760.00
714.00 762.00
656.00 795.00
929.00 831.00
366.00 982.00
1767.00 1077.00
1723.00 1097.00
