333.00 23.00
335.00 78.00
1013.00 216.00
338.00 127.00
107.00 141.00
266.00 167.00
341.00 171.00
871.00 272.00
342.00 212.00
347.00 300.00
170.00 347.00
350.00 369.00
844.00 441.00
126.00 367.00
354.00 429.00
58.00 406.00
809.00 488.00
356.00 487.00
71.00 456.00
778.00 529.00
315.00 525.00
255.00 522.00
515.00 566.00
735.00 587.00
805.00 597.00
635.00 601.00
560.00 588.00
467.00 624.00
353.00 603.00
86.00 589.00
592.00 641.00
544.00 632.00
558.00 684.00
411.00 672.00
452.00 676.00
517.00 681.00
248.00 667.00
313.00 671.00
180.00 662.00
782.00 739.00
665.00 751.00
464.00 723.00
408.00 715.00
367.00 732.00
708.00 775.00
246.00 782.00
445.00 796.00
387.00 794.00
322.00 798.00
505.00 795.00
626.00 815.00
583.00 820.00
482.00 871.00
537.00 873.00
601.00 896.00
426.00 910.00
580.00 1027.00
1213.00 1339.00
450.00 1211.00
