719.00 56.00
639.00 96.00
1007.00 73.00
1049.00 71.00
1690.00 62.00
1131.00 51.00
937.00 144.00
1180.00 104.00
953.00 190.00
1433.00 108.00
1183.00 157.00
1064.00 225.00
1151.00 211.00
1209.00 206.00
1096.00 279.00
1150.00 297.00
1040.00 322.00
894.00 343.00
837.00 360.00
1311.00 344.00
1002.00 396.00
911.00 406.00
1488.00 435.00
1039.00 448.00
1425.00 424.00
894.00 482.00
958.00 486.00
1039.00 504.00
911.00 538.00
966.00 545.00
1602.00 570.00
1039.00 562.00
973.00 592.00
898.00 617.00
990.00 655.00
1040.00 621.00
1093.00 617.00
1340.00 627.00
916.00 661.00
1606.00 675.00
1133.00 716.00
1688.00 674.00
1472.00 718.00
932.00 732.00
1290.00 750.00
1028.00 851.00
1699.00 806.00
1198.00 862.00
1725.00 879.00
948.00 922.00
1683.00 901.00
1621.00 942.00
1503.00 984.00
