1110.00 16.00
1776.00 88.00
985.00 58.00
727.00 71.00
1851.00 122.00
863.00 76.00
1312.00 119.00
929.00 104.00
1647.00 119.00
864.00 128.00
1521.00 151.00
1455.00 154.00
479.00 150.00
1599.00 208.00
1388.00 185.00
1761.00 203.00
633.00 170.00
1709.00 214.00
1458.00 208.00
1771.00 252.00
1703.00 255.00
1474.00 265.00
510.00 223.00
1348.00 256.00
1611.00 304.00
996.00 263.00
623.00 264.00
1518.00 312.00
953.00 275.00
794.00 271.00
1682.00 311.00
712.00 303.00
1307.00 311.00
1351.00 311.00
1649.00 368.00
1692.00 360.00
783.00 368.00
881.00 367.00
1243.00 368.00
1881.00 412.00
1341.00 416.00
448.00 384.00
399.00 391.00
1726.00 438.00
1469.00 440.00
1663.00 459.00
648.00 439.00
1762.00 490.00
1887.00 482.00
562.00 460.00
272.00 463.00
726.00 478.00
1643.00 506.00
1333.00 508.00
376.00 488.00
1395.00 512.00
199.00 475.00
1438.00 531.00
1012.00 535.00
1089.00 543.00
1671.00 558.00
1317.00 563.00
1368.00 558.00
232.00 532.00
957.00 557.00
613.00 574.00
563.00 574.00
718.00 586.00
1331.00 604.00
1271.00 609.00
918.00 609.00
1227.00 623.00
990.00 621.00
639.00 639.00
1074.00 637.00
1184.00 644.00
319.00 631.00
1031.00 655.00
559.00 639.00
689.00 651.00
988.00 664.00
416.00 651.00
1166.00 693.00
254.00 678.00
1080.00 700.00
705.00 697.00
1345.00 722.00
586.00 719.00
1555.00 725.00
1764.00 737.00
628.00 712.00
1707.00 737.00
1661.00 734.00
368.00 715.00
491.00 729.00
932.00 749.00
1465.00 766.00
1513.00 771.00
631.00 758.00
875.00 761.00
291.00 754.00
1641.00 790.00
735.00 782.00
615.00 816.00
953.00 807.00
1006.00 807.00
1494.00 844.00
364.00 807.00
430.00 812.00
525.00 811.00
1045.00 848.00
1441.00 870.00
455.00 864.00
718.00 870.00
1717.00 893.00
1512.00 893.00
890.00 885.00
1392.00 910.00
690.00 928.00
1651.00 964.00
1811.00 968.00
1138.00 957.00
1541.00 966.00
965.00 966.00
1751.00 1011.00
1674.00 1011.00
1022.00 1015.00
967.00 1016.00
1632.00 1048.00
817.00 1030.00
1256.00 1067.00
1471.00 1065.00
1007.00 1081.00
1113.00 1102.00
1180.00 1070.00
1360.00 1104.00
1712.00 1111.00
1959.00 1130.00
1522.00 1105.00
1488.00 1152.00
1008.00 1147.00
1239.00 1158.00
1647.00 1168.00
908.00 1153.00
1431.00 1185.00
1301.00 1176.00
1696.00 1193.00
1483.00 1201.00
1005.00 1198.00
1902.00 1223.00
1170.00 1194.00
1239.00 1210.00
895.00 1208.00
1360.00 1217.00
1856.00 1298.00
1695.00 1335.00
1754.00 1339.00
