45.00 24.00
826.00 9.00
407.00 106.00
535.00 63.00
1191.00 47.00
918.00 61.00
512.00 129.00
864.00 104.00
1062.00 96.00
1352.00 59.00
25.00 192.00
911.00 204.00
103.00 258.00
375.00 256.00
258.00 284.00
1353.00 232.00
1159.00 280.00
818.00 346.00
1339.00 309.00
1423.00 309.00
1160.00 334.00
1107.00 361.00
691.00 416.00
904.00 398.00
1344.00 351.00
1426.00 361.00
1750.00 337.00
1108.00 434.00
507.00 492.00
854.00 488.00
1673.00 384.00
1449.00 448.00
299.00 579.00
1347.00 552.00
1432.00 530.00
1350.00 602.00
1609.00 565.00
1520.00 643.00
1551.00 591.00
1614.00 644.00
1785.00 656.00
1547.00 688.00
1479.00 696.00
1111.00 714.00
1700.00 753.00
1456.00 835.00
1556.00 804.00
1707.00 818.00
1358.00 832.00
1642.00 864.00
1446.00 880.00
1551.00 859.00
1632.00 941.00
1364.00 993.00
1760.00 1002.00
1530.00 1091.00
1365.00 1317.00
