555.00 8.00
1140.00 26.00
1215.00 23.00
2009.00 142.00
460.00 9.00
123.00 36.00
172.00 47.00
1424.00 153.00
489.00 94.00
808.00 123.00
888.00 112.00
536.00 121.00
1125.00 144.00
580.00 110.00
2012.00 206.00
206.00 101.00
691.00 153.00
783.00 168.00
1738.00 236.00
1794.00 236.00
211.00 148.00
645.00 210.00
720.00 214.00
960.00 226.00
602.00 207.00
1088.00 235.00
1391.00 248.00
1718.00 293.00
1002.00 255.00
278.00 214.00
1445.00 300.00
527.00 209.00
724.00 269.00
928.00 278.00
887.00 276.00
1047.00 284.00
1088.00 286.00
1166.00 290.00
1243.00 294.00
1530.00 317.00
399.00 310.00
572.00 324.00
1645.00 383.00
1222.00 368.00
1181.00 374.00
336.00 338.00
647.00 369.00
1318.00 399.00
272.00 345.00
1704.00 421.00
799.00 376.00
968.00 383.00
1544.00 432.00
1752.00 423.00
1633.00 424.00
1871.00 427.00
1121.00 424.00
1409.00 438.00
202.00 370.00
67.00 358.00
1289.00 442.00
713.00 418.00
590.00 379.00
1594.00 465.00
1881.00 470.00
1330.00 461.00
1120.00 466.00
1222.00 461.00
939.00 470.00
615.00 457.00
1793.00 505.00
253.00 478.00
132.00 477.00
1550.00 540.00
732.00 509.00
923.00 528.00
1661.00 568.00
1330.00 565.00
1799.00 574.00
1496.00 576.00
1712.00 578.00
308.00 534.00
57.00 528.00
232.00 562.00
906.00 583.00
351.00 580.00
125.00 575.00
1383.00 607.00
1024.00 622.00
315.00 632.00
1472.00 663.00
119.00 627.00
921.00 663.00
759.00 659.00
1001.00 665.00
1353.00 680.00
272.00 631.00
531.00 631.00
1524.00 686.00
703.00 671.00
1093.00 694.00
1438.00 732.00
1022.00 715.00
40.00 716.00
186.00 719.00
1324.00 753.00
768.00 742.00
954.00 747.00
722.00 745.00
861.00 777.00
1371.00 754.00
1250.00 774.00
1440.00 777.00
1791.00 802.00
1061.00 779.00
1736.00 808.00
1123.00 793.00
816.00 789.00
727.00 814.00
186.00 784.00
1008.00 790.00
32.00 800.00
577.00 811.00
904.00 817.00
951.00 817.00
1108.00 838.00
840.00 846.00
676.00 845.00
733.00 855.00
881.00 868.00
1062.00 874.00
835.00 887.00
1951.00 943.00
1816.00 991.00
661.00 962.00
776.00 996.00
875.00 1027.00
825.00 1021.00
682.00 1055.00
1039.00 1065.00
735.00 1087.00
1258.00 1111.00
1181.00 1132.00
950.00 1108.00
1539.00 1148.00
1070.00 1187.00
1180.00 1198.00
780.00 1200.00
1483.00 1208.00
1606.00 1220.00
1338.00 1247.00
1814.00 1265.00
651.00 1311.00
1254.00 1297.00
1190.00 1301.00
1135.00 1415.00
1583.00 1416.00
967.00 1464.00
1368.00 1449.00
1674.00 1460.00
1569.00 1512.00
