658.00 95.00
604.00 134.00
1044.00 76.00
1532.00 29.00
1606.00 20.00
331.00 249.00
1056.00 150.00
1113.00 159.00
806.00 209.00
270.00 280.00
856.00 211.00
1539.00 125.00
474.00 277.00
1047.00 205.00
1116.00 201.00
1911.00 98.00
1541.00 176.00
663.00 295.00
1916.00 146.00
610.00 345.00
1924.00 227.00
254.00 409.00
671.00 356.00
1474.00 272.00
504.00 393.00
296.00 439.00
1930.00 278.00
614.00 403.00
1477.00 328.00
310.00 480.00
381.00 464.00
1934.00 323.00
671.00 432.00
601.00 454.00
1418.00 379.00
1555.00 375.00
643.00 488.00
1940.00 377.00
495.00 508.00
1982.00 374.00
1419.00 441.00
1560.00 468.00
295.00 562.00
1944.00 421.00
575.00 543.00
487.00 556.00
1462.00 494.00
1519.00 511.00
367.00 586.00
631.00 581.00
1950.00 462.00
529.00 599.00
1564.00 513.00
279.00 627.00
1471.00 588.00
644.00 698.00
1535.00 633.00
1653.00 638.00
1657.00 681.00
396.00 734.00
525.00 728.00
543.00 769.00
431.00 785.00
645.00 795.00
386.00 821.00
1813.00 756.00
1711.00 775.00
429.00 831.00
1580.00 771.00
