669.00 40.00
1948.00 60.00
529.00 16.00
626.00 32.00
570.00 46.00
870.00 97.00
488.00 41.00
1552.00 212.00
624.00 106.00
1166.00 86.00
564.00 147.00
1509.00 149.00
617.00 167.00
429.00 118.00
419.00 169.00
618.00 217.00
1573.00 272.00
1616.00 269.00
1898.00 277.00
377.00 184.00
1294.00 234.00
558.00 239.00
1701.00 324.00
1742.00 331.00
1169.00 224.00
1193.00 281.00
515.00 245.00
360.00 243.00
720.00 295.00
557.00 288.00
1467.00 333.00
657.00 337.00
512.00 296.00
1359.00 353.00
1192.00 342.00
676.00 384.00
508.00 344.00
120.00 318.00
1185.00 414.00
374.00 352.00
434.00 376.00
190.00 337.00
700.00 432.00
566.00 424.00
505.00 393.00
1175.00 462.00
608.00 448.00
93.00 371.00
1271.00 487.00
649.00 443.00
567.00 475.00
713.00 493.00
502.00 463.00
1178.00 538.00
343.00 458.00
419.00 506.00
1391.00 567.00
598.00 613.00
710.00 582.00
539.00 606.00
1173.00 628.00
1514.00 640.00
598.00 655.00
450.00 634.00
162.00 610.00
538.00 662.00
1889.00 696.00
404.00 648.00
1281.00 690.00
1270.00 731.00
615.00 708.00
707.00 677.00
1467.00 733.00
103.00 671.00
399.00 720.00
705.00 723.00
340.00 728.00
441.00 747.00
397.00 768.00
280.00 797.00
483.00 781.00
612.00 839.00
345.00 829.00
567.00 849.00
1505.00 876.00
481.00 851.00
1341.00 897.00
683.00 872.00
1519.00 922.00
477.00 909.00
243.00 920.00
1178.00 965.00
561.00 1002.00
241.00 1039.00
1099.00 1074.00
120.00 1023.00
993.00 1104.00
285.00 1151.00
549.00 1199.00
495.00 1319.00
