1222.00 80.00
984.00 78.00
1087.00 104.00
735.00 22.00
906.00 98.00
808.00 60.00
1046.00 128.00
1199.00 191.00
645.00 62.00
546.00 64.00
1262.00 256.00
583.00 105.00
1312.00 312.00
855.00 183.00
498.00 107.00
1363.00 323.00
429.00 107.00
1055.00 264.00
295.00 109.00
633.00 188.00
916.00 303.00
1103.00 361.00
985.00 318.00
615.00 231.00
1285.00 376.00
1216.00 383.00
821.00 306.00
648.00 313.00
509.00 283.00
595.00 272.00
1316.00 438.00
418.00 280.00
832.00 391.00
956.00 408.00
1055.00 448.00
1147.00 460.00
659.00 408.00
415.00 325.00
724.00 433.00
845.00 456.00
983.00 510.00
1195.00 550.00
1319.00 546.00
747.00 478.00
547.00 477.00
845.00 520.00
783.00 522.00
654.00 538.00
871.00 573.00
1208.00 652.00
744.00 577.00
686.00 593.00
842.00 620.00
1096.00 649.00
1015.00 697.00
936.00 666.00
895.00 669.00
1211.00 700.00
254.00 593.00
1130.00 702.00
570.00 635.00
757.00 695.00
308.00 618.00
1247.00 775.00
639.00 678.00
282.00 665.00
1184.00 760.00
1129.00 753.00
492.00 719.00
675.00 721.00
1247.00 827.00
1173.00 816.00
541.00 763.00
730.00 828.00
1264.00 879.00
642.00 844.00
683.00 857.00
1040.00 892.00
1176.00 919.00
1304.00 921.00
269.00 895.00
1164.00 970.00
700.00 930.00
1208.00 971.00
646.00 993.00
1247.00 1049.00
631.00 1060.00
681.00 1173.00
542.00 1239.00
418.00 1246.00
497.00 1248.00
250.00 1252.00
355.00 1259.00
539.00 1304.00
354.00 1325.00
496.00 1323.00
623.00 1362.00
394.00 1380.00
328.00 1396.00
