540.00 103.00
1354.00 92.00
1176.00 136.00
1477.00 103.00
512.00 241.00
1030.00 210.00
1313.00 104.00
1315.00 209.00
1100.00 271.00
481.00 288.00
975.00 391.00
1487.00 333.00
1110.00 471.00
1492.00 399.00
1018.00 507.00
1313.00 456.00
1470.00 502.00
973.00 551.00
1867.00 552.00
1413.00 532.00
1180.00 550.00
1089.00 611.00
907.00 619.00
1323.00 626.00
888.00 689.00
1018.00 667.00
1503.00 620.00
974.00 686.00
1329.00 681.00
1404.00 667.00
918.00 737.00
992.00 776.00
570.00 930.00
1360.00 795.00
1091.00 872.00
1253.00 869.00
1020.00 893.00
1185.00 919.00
916.00 902.00
834.00 945.00
1241.00 943.00
1517.00 946.00
1153.00 981.00
1277.00 998.00
842.00 1009.00
1135.00 1031.00
942.00 1066.00
1204.00 1067.00
1365.00 1080.00
1291.00 1088.00
1814.00 1102.00
1247.00 1128.00
877.00 1158.00
1388.00 1339.00
1415.00 1281.00
983.00 1301.00
1276.00 1337.00
935.00 1328.00
862.00 1332.00
684.00 1360.00
531.00 1369.00
1106.00 1362.00
1367.00 1396.00
618.00 1449.00
1400.00 1517.00
