759.00 24.00
804.00 43.00
433.00 98.00
706.00 61.00
1090.00 15.00
431.00 144.00
1513.00 15.00
420.00 186.00
656.00 173.00
547.00 242.00
643.00 253.00
1510.00 133.00
1177.00 220.00
1386.00 171.00
1443.00 166.00
753.00 268.00
1790.00 135.00
1858.00 134.00
1289.00 240.00
1239.00 245.00
822.00 321.00
939.00 323.00
498.00 367.00
874.00 338.00
1568.00 256.00
672.00 362.00
1137.00 314.00
566.00 397.00
1419.00 292.00
1473.00 291.00
833.00 371.00
878.00 384.00
1723.00 327.00
1048.00 357.00
833.00 415.00
1178.00 399.00
644.00 454.00
433.00 487.00
1433.00 381.00
833.00 479.00
1066.00 462.00
948.00 471.00
1434.00 433.00
1552.00 424.00
1502.00 455.00
1067.00 531.00
460.00 545.00
1330.00 497.00
1890.00 447.00
1428.00 501.00
954.00 536.00
1272.00 517.00
829.00 552.00
517.00 583.00
616.00 547.00
1864.00 492.00
1144.00 543.00
454.00 599.00
1518.00 529.00
1564.00 529.00
663.00 633.00
1055.00 579.00
829.00 632.00
1185.00 572.00
1121.00 593.00
995.00 606.00
1319.00 584.00
2011.00 531.00
1508.00 578.00
461.00 654.00
1622.00 571.00
1424.00 603.00
1243.00 618.00
1363.00 608.00
582.00 672.00
892.00 660.00
1296.00 631.00
1061.00 643.00
1500.00 623.00
2007.00 575.00
1146.00 662.00
1547.00 636.00
996.00 677.00
1223.00 663.00
1394.00 650.00
528.00 706.00
828.00 695.00
1454.00 664.00
1886.00 636.00
620.00 719.00
576.00 723.00
1286.00 691.00
1554.00 684.00
1839.00 666.00
1669.00 680.00
1245.00 707.00
921.00 703.00
1985.00 667.00
1341.00 697.00
784.00 750.00
1774.00 706.00
1902.00 694.00
1543.00 735.00
737.00 792.00
1628.00 755.00
631.00 808.00
1335.00 775.00
1688.00 763.00
876.00 809.00
456.00 827.00
1200.00 787.00
1781.00 784.00
1266.00 804.00
1054.00 814.00
970.00 825.00
685.00 840.00
1486.00 822.00
1050.00 863.00
609.00 861.00
1874.00 833.00
1654.00 854.00
1483.00 904.00
1487.00 976.00
1505.00 1132.00
1568.00 1135.00
