1381.00 55.00
717.00 75.00
108.00 125.00
1136.00 113.00
1361.00 123.00
798.00 145.00
1315.00 133.00
1270.00 142.00
847.00 188.00
728.00 215.00
1198.00 195.00
1136.00 216.00
891.00 226.00
932.00 260.00
997.00 260.00
299.00 291.00
1696.00 245.00
358.00 300.00
767.00 295.00
959.00 314.00
579.00 332.00
895.00 325.00
1276.00 316.00
1069.00 335.00
823.00 333.00
357.00 363.00
1166.00 351.00
936.00 400.00
1069.00 418.00
1949.00 408.00
558.00 471.00
618.00 503.00
1823.00 447.00
820.00 511.00
354.00 526.00
135.00 552.00
64.00 543.00
680.00 543.00
1603.00 508.00
1162.00 544.00
1040.00 550.00
194.00 566.00
1839.00 527.00
837.00 564.00
319.00 592.00
903.00 567.00
490.00 581.00
944.00 562.00
428.00 587.00
113.00 604.00
369.00 601.00
58.00 607.00
730.00 595.00
1104.00 594.00
1145.00 610.00
1577.00 604.00
56.00 648.00
346.00 649.00
296.00 656.00
1104.00 642.00
866.00 647.00
207.00 671.00
739.00 648.00
120.00 670.00
542.00 687.00
800.00 687.00
992.00 697.00
729.00 702.00
190.00 719.00
116.00 727.00
1725.00 697.00
746.00 744.00
400.00 791.00
1161.00 774.00
324.00 803.00
955.00 746.00
300.00 859.00
363.00 867.00
933.00 881.00
722.00 924.00
344.00 916.00
1974.00 950.00
237.00 1028.00
755.00 1007.00
919.00 1029.00
50.00 1103.00
457.00 1111.00
716.00 1159.00
1178.00 1213.00
715.00 1223.00
931.00 1258.00
771.00 1297.00
603.00 1303.00
88.00 1324.00
713.00 1310.00
344.00 1375.00
1344.00 1375.00
1553.00 1430.00
