1319.00 33.00
770.00 46.00
1808.00 92.00
1447.00 79.00
1716.00 104.00
1526.00 86.00
1011.00 82.00
1273.00 131.00
1615.00 176.00
1086.00 136.00
98.00 142.00
1141.00 150.00
1334.00 190.00
1204.00 179.00
1011.00 176.00
1653.00 246.00
1070.00 184.00
1600.00 245.00
1439.00 233.00
1205.00 221.00
1338.00 246.00
428.00 262.00
1391.00 249.00
1482.00 289.00
1010.00 303.00
422.00 345.00
1232.00 303.00
1631.00 331.00
681.00 354.00
1151.00 305.00
1663.00 383.00
1590.00 342.00
1297.00 386.00
1430.00 387.00
916.00 439.00
1303.00 430.00
1507.00 424.00
936.00 482.00
1683.00 489.00
837.00 491.00
315.00 529.00
1418.00 487.00
1494.00 504.00
1224.00 508.00
372.00 559.00
865.00 548.00
1688.00 539.00
1386.00 549.00
1305.00 566.00
647.00 575.00
1477.00 586.00
922.00 606.00
1691.00 608.00
937.00 649.00
625.00 672.00
669.00 681.00
939.00 693.00
1063.00 669.00
1433.00 718.00
667.00 756.00
827.00 755.00
938.00 795.00
996.00 804.00
1664.00 782.00
1289.00 793.00
1706.00 799.00
1662.00 847.00
1710.00 877.00
1460.00 883.00
1654.00 905.00
1257.00 1011.00
1492.00 1028.00
754.00 1088.00
704.00 1138.00
1186.00 1143.00
1491.00 1174.00
777.00 1167.00
1007.00 1176.00
1229.00 1326.00
1208.00 1429.00
1140.00 1479.00
