1151.00 13.00
1427.00 49.00
1160.00 74.00
235.00 118.00
368.00 191.00
1951.00 200.00
18.00 227.00
856.00 287.00
1943.00 244.00
72.00 260.00
598.00 298.00
965.00 315.00
62.00 301.00
129.00 304.00
235.00 319.00
856.00 343.00
754.00 333.00
752.00 386.00
912.00 408.00
1492.00 425.00
506.00 432.00
285.00 442.00
609.00 463.00
950.00 484.00
428.00 516.00
749.00 551.00
544.00 572.00
614.00 592.00
663.00 606.00
420.00 612.00
708.00 613.00
959.00 627.00
351.00 627.00
568.00 630.00
518.00 633.00
467.00 640.00
671.00 669.00
256.00 701.00
359.00 719.00
284.00 850.00
319.00 907.00
