487.00 87.00
492.00 144.00
1903.00 111.00
1988.00 109.00
649.00 160.00
588.00 159.00
1873.00 186.00
495.00 230.00
1699.00 244.00
1828.00 238.00
206.00 264.00
1919.00 237.00
588.00 274.00
1648.00 253.00
885.00 191.00
800.00 307.00
330.00 317.00
1000.00 354.00
1681.00 335.00
1735.00 308.00
182.00 345.00
528.00 352.00
1857.00 343.00
254.00 369.00
379.00 371.00
1623.00 367.00
1682.00 384.00
1355.00 393.00
1811.00 385.00
807.00 408.00
1743.00 388.00
1527.00 400.00
271.00 425.00
742.00 424.00
1882.00 404.00
1618.00 431.00
1457.00 438.00
1951.00 455.00
519.00 454.00
1822.00 462.00
278.00 471.00
2035.00 461.00
929.00 505.00
1714.00 518.00
18.00 507.00
1476.00 498.00
1625.00 495.00
725.00 527.00
468.00 544.00
381.00 562.00
1443.00 563.00
217.00 584.00
1751.00 575.00
1811.00 578.00
272.00 600.00
335.00 607.00
1236.00 607.00
1895.00 624.00
1817.00 627.00
522.00 658.00
1737.00 630.00
1662.00 633.00
1340.00 638.00
592.00 663.00
1514.00 646.00
1979.00 655.00
719.00 671.00
1041.00 682.00
1253.00 716.00
469.00 692.00
520.00 704.00
897.00 703.00
519.00 745.00
638.00 692.00
1183.00 728.00
967.00 754.00
1446.00 732.00
138.00 743.00
288.00 755.00
624.00 738.00
749.00 741.00
1987.00 759.00
1119.00 765.00
111.00 793.00
1907.00 790.00
325.00 801.00
906.00 794.00
1786.00 793.00
375.00 801.00
1543.00 798.00
995.00 801.00
1319.00 816.00
1492.00 817.00
1044.00 820.00
1178.00 823.00
1434.00 870.00
1323.00 861.00
1234.00 862.00
1615.00 856.00
1183.00 864.00
628.00 889.00
1565.00 886.00
1015.00 887.00
1169.00 913.00
1153.00 967.00
1047.00 978.00
1411.00 1020.00
1799.00 1044.00
1786.00 1123.00
1634.00 1161.00
1196.00 1165.00
1876.00 1247.00
1719.00 1349.00
1120.00 1357.00
1904.00 1414.00
1806.00 1416.00
1760.00 1424.00
825.00 1403.00
1384.00 1418.00
1170.00 1495.00
