20.00 13.00
634.00 45.00
1289.00 25.00
120.00 68.00
55.00 95.00
1599.00 26.00
716.00 89.00
103.00 139.00
56.00 144.00
1608.00 82.00
1380.00 103.00
1708.00 78.00
1263.00 128.00
890.00 148.00
2027.00 81.00
1066.00 157.00
1808.00 123.00
938.00 166.00
1648.00 125.00
18.00 197.00
1878.00 148.00
959.00 221.00
183.00 265.00
1015.00 250.00
1248.00 237.00
1759.00 245.00
1817.00 229.00
1075.00 273.00
1966.00 245.00
1123.00 300.00
563.00 335.00
1555.00 318.00
418.00 369.00
467.00 369.00
1845.00 338.00
1250.00 376.00
1543.00 376.00
377.00 415.00
757.00 408.00
1293.00 392.00
1376.00 427.00
1427.00 440.00
227.00 478.00
576.00 474.00
726.00 470.00
768.00 471.00
925.00 468.00
1498.00 481.00
418.00 526.00
1442.00 503.00
1544.00 507.00
1382.00 512.00
1052.00 541.00
956.00 544.00
1689.00 534.00
581.00 567.00
1391.00 555.00
1175.00 589.00
717.00 607.00
177.00 631.00
1481.00 596.00
591.00 630.00
1481.00 649.00
1115.00 648.00
1688.00 647.00
454.00 675.00
506.00 677.00
55.00 692.00
1225.00 672.00
119.00 689.00
1317.00 662.00
343.00 690.00
983.00 668.00
1127.00 705.00
269.00 718.00
1831.00 695.00
199.00 727.00
1385.00 710.00
387.00 733.00
1286.00 724.00
1783.00 715.00
1649.00 715.00
1188.00 737.00
274.00 772.00
224.00 770.00
183.00 773.00
1361.00 753.00
1260.00 767.00
891.00 793.00
348.00 817.00
517.00 809.00
179.00 817.00
1360.00 810.00
270.00 826.00
1246.00 814.00
786.00 842.00
135.00 849.00
1034.00 851.00
338.00 861.00
523.00 862.00
1084.00 883.00
785.00 901.00
914.00 901.00
1449.00 908.00
961.00 899.00
1131.00 919.00
1032.00 924.00
1254.00 927.00
1084.00 929.00
1307.00 936.00
1374.00 992.00
868.00 994.00
1006.00 1057.00
535.00 1161.00
107.00 1194.00
415.00 1241.00
480.00 1250.00
391.00 1295.00
99.00 1296.00
521.00 1316.00
608.00 1328.00
1669.00 1380.00
1095.00 1368.00
689.00 1370.00
283.00 1456.00
764.00 1472.00
