417.00 32.00
164.00 105.00
218.00 104.00
340.00 152.00
691.00 221.00
473.00 219.00
355.00 236.00
528.00 243.00
1866.00 181.00
136.00 272.00
421.00 265.00
1152.00 228.00
571.00 261.00
1737.00 213.00
352.00 279.00
486.00 290.00
1311.00 303.00
1915.00 264.00
1672.00 272.00
239.00 343.00
356.00 339.00
1743.00 305.00
1559.00 322.00
1894.00 308.00
1635.00 327.00
1462.00 335.00
1437.00 384.00
1199.00 360.00
494.00 414.00
595.00 422.00
1082.00 407.00
999.00 423.00
134.00 443.00
836.00 471.00
245.00 487.00
44.00 495.00
935.00 463.00
370.00 495.00
304.00 509.00
1931.00 463.00
135.00 518.00
1440.00 485.00
1755.00 492.00
785.00 521.00
1582.00 498.00
1489.00 521.00
1275.00 528.00
1888.00 511.00
13.00 567.00
1418.00 553.00
1759.00 540.00
320.00 575.00
728.00 550.00
364.00 578.00
1675.00 559.00
278.00 593.00
1281.00 569.00
51.00 608.00
1355.00 589.00
764.00 604.00
92.00 617.00
476.00 664.00
1768.00 626.00
1947.00 640.00
1493.00 634.00
1562.00 655.00
747.00 663.00
367.00 679.00
1510.00 686.00
1458.00 694.00
854.00 701.00
494.00 712.00
614.00 707.00
440.00 709.00
1345.00 728.00
84.00 729.00
1141.00 697.00
1242.00 722.00
1285.00 719.00
1786.00 719.00
671.00 736.00
1563.00 735.00
1516.00 761.00
1987.00 729.00
1612.00 737.00
625.00 755.00
267.00 763.00
370.00 764.00
1068.00 759.00
413.00 796.00
806.00 768.00
1142.00 819.00
1935.00 760.00
1505.00 837.00
1663.00 787.00
239.00 813.00
1718.00 782.00
1849.00 810.00
1220.00 834.00
499.00 856.00
320.00 871.00
821.00 884.00
1941.00 840.00
384.00 910.00
1144.00 903.00
1711.00 922.00
835.00 930.00
1179.00 949.00
1107.00 953.00
1335.00 958.00
1473.00 984.00
1674.00 980.00
1598.00 986.00
1867.00 1033.00
1044.00 1035.00
1607.00 1038.00
1115.00 1061.00
1383.00 1067.00
1976.00 1105.00
1874.00 1105.00
1671.00 1104.00
1580.00 1103.00
1304.00 1140.00
2039.00 1159.00
983.00 1127.00
1674.00 1149.00
1824.00 1155.00
1876.00 1156.00
1932.00 1158.00
1980.00 1160.00
1411.00 1186.00
1628.00 1195.00
1724.00 1197.00
1677.00 1198.00
1936.00 1208.00
1985.00 1210.00
1826.00 1205.00
1881.00 1208.00
896.00 1163.00
479.00 1226.00
1541.00 1237.00
1680.00 1245.00
1781.00 1250.00
1150.00 1254.00
1456.00 1276.00
1589.00 1286.00
1682.00 1294.00
1785.00 1301.00
1733.00 1297.00
1891.00 1309.00
1947.00 1313.00
1375.00 1315.00
1458.00 1323.00
1591.00 1333.00
1686.00 1341.00
1949.00 1364.00
1999.00 1368.00
569.00 1338.00
1545.00 1352.00
1736.00 1394.00
1839.00 1401.00
431.00 1375.00
2004.00 1418.00
2017.00 1505.00
1863.00 1496.00
675.00 1447.00
1359.00 1519.00
771.00 1512.00
