1151.00 57.00
1502.00 79.00
464.00 108.00
1871.00 135.00
1615.00 154.00
554.00 137.00
1775.00 194.00
119.00 159.00
1598.00 224.00
1656.00 201.00
335.00 199.00
1357.00 285.00
753.00 255.00
1407.00 296.00
1704.00 288.00
73.00 244.00
587.00 265.00
1195.00 288.00
366.00 267.00
1115.00 295.00
1559.00 326.00
162.00 264.00
1895.00 312.00
1657.00 329.00
704.00 296.00
663.00 296.00
1356.00 326.00
1493.00 329.00
111.00 287.00
1241.00 334.00
359.00 308.00
1740.00 359.00
283.00 317.00
174.00 312.00
505.00 337.00
1310.00 361.00
845.00 380.00
1211.00 375.00
83.00 333.00
1170.00 377.00
1385.00 385.00
464.00 358.00
607.00 368.00
671.00 376.00
1598.00 402.00
214.00 378.00
845.00 421.00
162.00 375.00
375.00 401.00
1551.00 439.00
1401.00 431.00
1319.00 438.00
1360.00 433.00
92.00 402.00
643.00 435.00
1626.00 462.00
1120.00 464.00
2017.00 480.00
397.00 449.00
153.00 437.00
695.00 464.00
842.00 476.00
265.00 463.00
778.00 479.00
1489.00 515.00
599.00 493.00
45.00 473.00
1272.00 509.00
1215.00 519.00
2007.00 538.00
1927.00 542.00
508.00 526.00
1410.00 538.00
768.00 532.00
216.00 513.00
1318.00 545.00
567.00 534.00
708.00 534.00
30.00 516.00
299.00 525.00
1863.00 583.00
2012.00 582.00
449.00 559.00
620.00 565.00
77.00 548.00
1260.00 591.00
1119.00 608.00
239.00 572.00
677.00 589.00
163.00 588.00
1888.00 634.00
1760.00 633.00
1961.00 657.00
269.00 621.00
433.00 637.00
1404.00 667.00
169.00 631.00
1866.00 675.00
1139.00 666.00
1235.00 677.00
567.00 669.00
1290.00 686.00
1800.00 702.00
297.00 669.00
1639.00 706.00
1968.00 725.00
360.00 699.00
467.00 702.00
1194.00 715.00
1391.00 732.00
1886.00 758.00
404.00 718.00
1348.00 741.00
1642.00 769.00
1735.00 776.00
356.00 758.00
401.00 771.00
733.00 811.00
578.00 787.00
1506.00 805.00
456.00 799.00
309.00 788.00
1549.00 815.00
1257.00 808.00
1439.00 829.00
1643.00 842.00
398.00 820.00
326.00 831.00
1160.00 856.00
1914.00 871.00
1796.00 869.00
1983.00 881.00
482.00 847.00
1518.00 873.00
1425.00 881.00
1619.00 884.00
345.00 880.00
1784.00 937.00
1759.00 978.00
719.00 969.00
1239.00 1000.00
1742.00 1025.00
1458.00 1035.00
529.00 1196.00
1454.00 1202.00
683.00 1274.00
454.00 1277.00
562.00 1286.00
