567.00 14.00
726.00 8.00
782.00 8.00
807.00 67.00
650.00 144.00
959.00 103.00
1194.00 87.00
1119.00 87.00
1257.00 82.00
1456.00 63.00
700.00 223.00
1039.00 183.00
1128.00 152.00
1222.00 164.00
655.00 266.00
1288.00 152.00
636.00 327.00
1067.00 269.00
1616.00 179.00
875.00 302.00
950.00 319.00
620.00 368.00
1367.00 256.00
767.00 330.00
1511.00 272.00
711.00 383.00
1191.00 348.00
1288.00 320.00
887.00 350.00
1909.00 219.00
1119.00 360.00
1242.00 345.00
983.00 415.00
1798.00 272.00
417.00 435.00
599.00 477.00
1879.00 285.00
714.00 452.00
1127.00 401.00
479.00 474.00
1525.00 360.00
1215.00 405.00
1810.00 327.00
943.00 470.00
1756.00 340.00
1048.00 465.00
1484.00 408.00
1039.00 512.00
1438.00 456.00
1193.00 493.00
1239.00 493.00
657.00 544.00
997.00 526.00
1146.00 536.00
1439.00 506.00
1633.00 481.00
1209.00 559.00
640.00 597.00
1015.00 578.00
1360.00 550.00
1633.00 535.00
1675.00 574.00
825.00 623.00
1073.00 619.00
1387.00 612.00
1492.00 605.00
1736.00 586.00
1223.00 655.00
1649.00 643.00
1024.00 728.00
885.00 752.00
1287.00 724.00
1495.00 721.00
1161.00 747.00
1078.00 784.00
930.00 824.00
1216.00 787.00
1277.00 817.00
1175.00 803.00
945.00 870.00
1258.00 876.00
1336.00 880.00
1453.00 931.00
1369.00 933.00
1654.00 968.00
1383.00 980.00
1456.00 985.00
1314.00 1016.00
1333.00 1063.00
1520.00 1071.00
1573.00 1079.00
1618.00 1084.00
1392.00 1094.00
1512.00 1148.00
959.00 1106.00
1463.00 1148.00
1581.00 1194.00
1193.00 1192.00
705.00 1265.00
1187.00 1436.00
