426.00 8.00
775.00 21.00
129.00 55.00
66.00 128.00
842.00 62.00
892.00 63.00
970.00 58.00
1027.00 54.00
1080.00 51.00
1239.00 44.00
362.00 85.00
497.00 93.00
158.00 104.00
1736.00 43.00
1344.00 93.00
726.00 135.00
772.00 135.00
26.00 177.00
1406.00 104.00
816.00 131.00
1581.00 130.00
69.00 175.00
1601.00 176.00
437.00 174.00
1183.00 162.00
1702.00 100.00
965.00 170.00
1559.00 178.00
1672.00 150.00
1735.00 178.00
136.00 263.00
355.00 273.00
400.00 276.00
280.00 277.00
868.00 266.00
1180.00 253.00
1223.00 253.00
1539.00 220.00
1336.00 250.00
626.00 281.00
1871.00 242.00
1632.00 217.00
251.00 351.00
78.00 316.00
1504.00 294.00
1599.00 274.00
196.00 350.00
127.00 343.00
493.00 368.00
1482.00 341.00
1552.00 353.00
1684.00 344.00
347.00 392.00
749.00 380.00
856.00 377.00
998.00 373.00
1105.00 370.00
912.00 389.00
244.00 432.00
1335.00 365.00
501.00 437.00
543.00 412.00
421.00 427.00
299.00 430.00
1864.00 372.00
1770.00 387.00
682.00 444.00
897.00 439.00
241.00 475.00
1321.00 416.00
489.00 497.00
587.00 467.00
150.00 457.00
1513.00 437.00
1015.00 457.00
1587.00 468.00
1158.00 486.00
1309.00 460.00
648.00 504.00
396.00 499.00
235.00 545.00
362.00 543.00
740.00 519.00
933.00 515.00
1643.00 495.00
310.00 551.00
1723.00 502.00
1466.00 515.00
675.00 560.00
984.00 552.00
1291.00 524.00
1709.00 543.00
1515.00 563.00
541.00 593.00
412.00 599.00
1600.00 568.00
230.00 615.00
1417.00 579.00
1372.00 581.00
725.00 592.00
664.00 618.00
1465.00 605.00
1297.00 590.00
466.00 633.00
811.00 634.00
966.00 639.00
1930.00 607.00
524.00 638.00
1981.00 620.00
1374.00 640.00
1575.00 638.00
1797.00 635.00
1888.00 633.00
720.00 682.00
1445.00 664.00
1262.00 652.00
1341.00 696.00
1296.00 702.00
1162.00 715.00
441.00 750.00
1251.00 702.00
1387.00 752.00
1344.00 737.00
1160.00 758.00
1449.00 761.00
1266.00 767.00
1595.00 760.00
1507.00 764.00
1399.00 801.00
1143.00 807.00
1350.00 793.00
1509.00 844.00
1206.00 869.00
1501.00 888.00
1548.00 901.00
1165.00 910.00
758.00 921.00
1279.00 930.00
1637.00 934.00
1338.00 947.00
753.00 1008.00
629.00 1061.00
672.00 1067.00
1443.00 1122.00
1494.00 1122.00
1390.00 1142.00
764.00 1194.00
698.00 1230.00
699.00 1338.00
104.00 1414.00
1931.00 1410.00
