531.00 15.00
680.00 11.00
745.00 27.00
619.00 42.00
538.00 56.00
300.00 40.00
376.00 48.00
1510.00 112.00
457.00 64.00
678.00 98.00
1082.00 98.00
1960.00 176.00
1460.00 133.00
585.00 124.00
1129.00 171.00
283.00 161.00
1401.00 185.00
1071.00 224.00
1954.00 235.00
2037.00 232.00
1016.00 269.00
1303.00 294.00
688.00 281.00
153.00 294.00
662.00 335.00
1362.00 352.00
388.00 337.00
952.00 365.00
830.00 366.00
1136.00 381.00
604.00 380.00
1876.00 404.00
408.00 394.00
1968.00 445.00
268.00 393.00
1079.00 401.00
1168.00 424.00
1271.00 434.00
2027.00 441.00
415.00 444.00
8.00 394.00
53.00 439.00
922.00 479.00
1274.00 478.00
1896.00 489.00
1096.00 528.00
903.00 533.00
1238.00 549.00
774.00 538.00
412.00 533.00
946.00 546.00
1966.00 564.00
1028.00 562.00
579.00 578.00
655.00 583.00
1202.00 596.00
146.00 600.00
939.00 632.00
537.00 617.00
784.00 632.00
639.00 637.00
723.00 706.00
356.00 709.00
607.00 717.00
811.00 715.00
540.00 721.00
937.00 730.00
491.00 785.00
360.00 768.00
790.00 800.00
647.00 806.00
860.00 864.00
