375.00 14.00
781.00 95.00
608.00 105.00
179.00 208.00
30.00 195.00
904.00 170.00
1800.00 139.00
175.00 256.00
328.00 235.00
999.00 219.00
544.00 260.00
1033.00 262.00
166.00 341.00
84.00 347.00
15.00 351.00
641.00 357.00
1151.00 365.00
180.00 404.00
345.00 419.00
175.00 465.00
242.00 437.00
1203.00 445.00
1456.00 468.00
1155.00 484.00
423.00 521.00
170.00 529.00
529.00 533.00
47.00 559.00
472.00 540.00
119.00 543.00
1459.00 519.00
606.00 585.00
35.00 623.00
228.00 623.00
666.00 603.00
345.00 615.00
663.00 650.00
414.00 663.00
496.00 687.00
1070.00 686.00
602.00 701.00
872.00 688.00
1319.00 688.00
1133.00 694.00
359.00 727.00
141.00 720.00
1023.00 720.00
815.00 706.00
1510.00 718.00
1680.00 718.00
615.00 752.00
218.00 757.00
279.00 792.00
871.00 762.00
1313.00 755.00
784.00 791.00
1095.00 773.00
1149.00 769.00
1205.00 776.00
1568.00 759.00
1855.00 782.00
659.00 808.00
968.00 815.00
1336.00 803.00
144.00 841.00
1119.00 819.00
211.00 839.00
1072.00 832.00
1390.00 825.00
658.00 853.00
348.00 857.00
869.00 856.00
239.00 898.00
974.00 868.00
1207.00 861.00
144.00 911.00
1329.00 888.00
400.00 897.00
667.00 916.00
1266.00 903.00
1465.00 919.00
945.00 936.00
1138.00 932.00
276.00 957.00
202.00 958.00
1209.00 939.00
1325.00 940.00
376.00 977.00
1413.00 942.00
945.00 984.00
993.00 986.00
1612.00 988.00
343.00 1033.00
388.00 1034.00
915.00 1039.00
728.00 1034.00
1591.00 1047.00
1294.00 1073.00
90.00 1094.00
145.00 1095.00
199.00 1095.00
339.00 1096.00
1161.00 1112.00
1081.00 1112.00
1028.00 1114.00
335.00 1160.00
1687.00 1144.00
1571.00 1109.00
1259.00 1147.00
1460.00 1146.00
829.00 1157.00
733.00 1169.00
1999.00 1200.00
787.00 1182.00
378.00 1187.00
1081.00 1153.00
331.00 1224.00
1303.00 1223.00
520.00 1224.00
1977.00 1259.00
638.00 1232.00
377.00 1228.00
811.00 1244.00
325.00 1289.00
730.00 1262.00
1203.00 1264.00
468.00 1264.00
1654.00 1290.00
1512.00 1294.00
1441.00 1258.00
599.00 1292.00
1297.00 1299.00
1776.00 1325.00
538.00 1305.00
1865.00 1354.00
455.00 1324.00
1360.00 1339.00
1230.00 1344.00
1936.00 1373.00
1985.00 1387.00
322.00 1355.00
1163.00 1366.00
2033.00 1401.00
1822.00 1397.00
457.00 1383.00
1584.00 1396.00
817.00 1387.00
629.00 1388.00
708.00 1412.00
647.00 1436.00
317.00 1422.00
523.00 1422.00
1082.00 1423.00
1838.00 1459.00
1148.00 1439.00
1898.00 1482.00
1591.00 1472.00
1671.00 1493.00
519.00 1465.00
1841.00 1518.00
338.00 1482.00
472.00 1499.00
407.00 1522.00
