527.00 21.00
751.00 38.00
542.00 74.00
678.00 52.00
631.00 65.00
835.00 51.00
897.00 48.00
639.00 111.00
1167.00 39.00
597.00 122.00
553.00 129.00
442.00 174.00
1097.00 67.00
1012.00 84.00
1286.00 22.00
952.00 101.00
897.00 109.00
746.00 141.00
671.00 162.00
1166.00 96.00
1337.00 41.00
1291.00 67.00
483.00 206.00
435.00 249.00
791.00 174.00
1103.00 130.00
737.00 187.00
872.00 171.00
992.00 162.00
1700.00 36.00
476.00 266.00
1436.00 88.00
1237.00 135.00
1152.00 181.00
1097.00 200.00
434.00 295.00
1015.00 217.00
1862.00 75.00
1342.00 159.00
831.00 288.00
897.00 241.00
546.00 309.00
1294.00 208.00
457.00 336.00
1018.00 272.00
1059.00 256.00
1221.00 237.00
1103.00 263.00
899.00 305.00
956.00 299.00
785.00 329.00
1943.00 148.00
1882.00 159.00
1819.00 167.00
738.00 337.00
1605.00 207.00
1542.00 217.00
1420.00 238.00
621.00 377.00
1235.00 300.00
1107.00 336.00
927.00 361.00
804.00 374.00
886.00 369.00
536.00 415.00
742.00 382.00
1524.00 288.00
2027.00 219.00
1773.00 259.00
1694.00 273.00
1619.00 285.00
1418.00 317.00
1842.00 265.00
1038.00 393.00
1476.00 319.00
992.00 405.00
1554.00 329.00
714.00 448.00
907.00 433.00
1178.00 412.00
519.00 500.00
1100.00 417.00
1033.00 447.00
820.00 483.00
1638.00 378.00
726.00 492.00
1539.00 392.00
1476.00 401.00
1384.00 413.00
1326.00 422.00
933.00 488.00
1435.00 429.00
677.00 544.00
1103.00 490.00
507.00 545.00
768.00 534.00
1686.00 422.00
720.00 540.00
1351.00 463.00
457.00 574.00
572.00 571.00
813.00 543.00
1492.00 486.00
1434.00 492.00
720.00 581.00
1352.00 508.00
1855.00 473.00
1763.00 478.00
1650.00 499.00
471.00 618.00
1036.00 576.00
1537.00 512.00
2022.00 490.00
1970.00 495.00
1375.00 559.00
1056.00 624.00
1554.00 572.00
1304.00 600.00
1838.00 568.00
1598.00 577.00
572.00 692.00
709.00 696.00
1547.00 630.00
666.00 711.00
1306.00 656.00
1836.00 633.00
1881.00 629.00
1103.00 715.00
550.00 747.00
1451.00 679.00
1231.00 703.00
873.00 737.00
632.00 753.00
687.00 753.00
1187.00 757.00
862.00 784.00
1828.00 765.00
568.00 816.00
1100.00 797.00
1346.00 773.00
1102.00 851.00
1843.00 856.00
1317.00 852.00
1117.00 905.00
854.00 934.00
749.00 962.00
1421.00 966.00
666.00 988.00
1056.00 981.00
1143.00 1111.00
730.00 1199.00
601.00 1198.00
1238.00 1247.00
1127.00 1247.00
1550.00 1268.00
1126.00 1367.00
1409.00 1380.00
1306.00 1384.00
1332.00 1450.00
1247.00 1456.00
