1040.00 13.00
1781.00 19.00
124.00 30.00
773.00 12.00
903.00 13.00
498.00 8.00
25.00 46.00
561.00 45.00
654.00 47.00
117.00 104.00
808.00 77.00
751.00 60.00
492.00 77.00
1786.00 133.00
1650.00 149.00
59.00 126.00
984.00 118.00
488.00 142.00
1552.00 199.00
1603.00 168.00
1255.00 192.00
1359.00 208.00
148.00 221.00
1180.00 191.00
845.00 215.00
801.00 224.00
1479.00 224.00
652.00 228.00
104.00 256.00
552.00 244.00
842.00 256.00
1669.00 279.00
1537.00 292.00
1753.00 302.00
650.00 291.00
829.00 310.00
1894.00 305.00
1614.00 334.00
1175.00 361.00
1732.00 367.00
1383.00 342.00
692.00 367.00
1617.00 376.00
476.00 376.00
858.00 402.00
1201.00 421.00
1847.00 431.00
1145.00 423.00
473.00 436.00
899.00 425.00
1442.00 441.00
514.00 418.00
759.00 446.00
1764.00 455.00
13.00 502.00
1624.00 472.00
214.00 512.00
625.00 488.00
1768.00 507.00
1720.00 508.00
770.00 495.00
715.00 500.00
878.00 488.00
470.00 495.00
28.00 543.00
1626.00 523.00
160.00 536.00
762.00 536.00
1378.00 540.00
1168.00 553.00
1126.00 553.00
1555.00 560.00
1602.00 566.00
13.00 587.00
714.00 550.00
1726.00 583.00
505.00 559.00
560.00 563.00
847.00 572.00
621.00 600.00
1632.00 612.00
711.00 607.00
1585.00 620.00
48.00 653.00
1135.00 599.00
1521.00 639.00
108.00 661.00
1334.00 634.00
672.00 653.00
1570.00 662.00
1254.00 655.00
153.00 694.00
1030.00 673.00
1460.00 692.00
1615.00 717.00
87.00 730.00
1429.00 748.00
1304.00 734.00
8.00 755.00
1030.00 748.00
1377.00 771.00
454.00 788.00
1496.00 814.00
1585.00 817.00
254.00 798.00
1645.00 832.00
1541.00 841.00
1421.00 863.00
1569.00 902.00
1993.00 931.00
1618.00 920.00
1753.00 943.00
1494.00 944.00
1448.00 944.00
1655.00 963.00
92.00 936.00
1596.00 970.00
1029.00 977.00
50.00 1014.00
224.00 1005.00
143.00 1016.00
1625.00 1026.00
442.00 998.00
1528.00 1037.00
92.00 1031.00
23.00 1096.00
384.00 1124.00
1665.00 1125.00
1422.00 1158.00
1905.00 1168.00
1948.00 1174.00
132.00 1137.00
275.00 1162.00
1633.00 1216.00
120.00 1185.00
426.00 1223.00
303.00 1232.00
211.00 1241.00
136.00 1229.00
1675.00 1256.00
1827.00 1293.00
1033.00 1301.00
1732.00 1298.00
136.00 1336.00
1881.00 1337.00
344.00 1268.00
1288.00 1320.00
183.00 1377.00
1073.00 1400.00
1403.00 1436.00
1020.00 1438.00
1115.00 1436.00
1555.00 1484.00
1470.00 1483.00
1231.00 1485.00
1296.00 1483.00
1338.00 1484.00
149.00 1464.00
1016.00 1481.00
