1194.00 23.00
1584.00 16.00
109.00 30.00
61.00 31.00
282.00 90.00
1601.00 59.00
209.00 55.00
326.00 50.00
983.00 88.00
1241.00 155.00
460.00 183.00
98.00 141.00
755.00 159.00
46.00 197.00
774.00 244.00
602.00 287.00
168.00 226.00
1322.00 341.00
782.00 331.00
447.00 335.00
157.00 344.00
1096.00 386.00
1272.00 402.00
278.00 381.00
1039.00 381.00
73.00 397.00
319.00 400.00
26.00 400.00
179.00 409.00
809.00 443.00
984.00 470.00
1615.00 458.00
831.00 501.00
54.00 470.00
1670.00 492.00
183.00 496.00
885.00 526.00
1241.00 518.00
833.00 544.00
1303.00 545.00
362.00 541.00
1392.00 549.00
1639.00 563.00
37.00 553.00
947.00 593.00
1212.00 592.00
1561.00 599.00
159.00 584.00
726.00 584.00
1496.00 607.00
1677.00 607.00
1336.00 599.00
383.00 623.00
679.00 622.00
190.00 629.00
1079.00 649.00
1224.00 664.00
1505.00 648.00
1738.00 676.00
623.00 686.00
1615.00 694.00
1530.00 700.00
270.00 704.00
983.00 734.00
214.00 716.00
379.00 713.00
1224.00 728.00
431.00 735.00
778.00 758.00
851.00 762.00
197.00 763.00
928.00 780.00
286.00 775.00
410.00 788.00
746.00 804.00
1531.00 804.00
1021.00 812.00
368.00 829.00
481.00 830.00
1212.00 835.00
224.00 840.00
1993.00 888.00
1907.00 891.00
330.00 909.00
477.00 912.00
192.00 923.00
1858.00 947.00
1238.00 974.00
1275.00 1021.00
68.00 1126.00
1932.00 1128.00
203.00 1130.00
1047.00 1167.00
1919.00 1196.00
1151.00 1214.00
58.00 1297.00
449.00 1310.00
1143.00 1299.00
499.00 1312.00
684.00 1335.00
616.00 1411.00
762.00 1499.00
869.00 1514.00
1327.00 1504.00
