1084.00 32.00
952.00 23.00
1009.00 80.00
376.00 144.00
1154.00 208.00
1286.00 248.00
1009.00 256.00
1311.00 310.00
663.00 276.00
1167.00 317.00
1064.00 352.00
1454.00 358.00
1168.00 373.00
366.00 348.00
1008.00 365.00
1167.00 451.00
216.00 418.00
1008.00 511.00
330.00 427.00
710.00 473.00
393.00 469.00
777.00 551.00
1357.00 550.00
1145.00 587.00
1008.00 619.00
1318.00 625.00
24.00 548.00
1144.00 637.00
1423.00 664.00
1596.00 725.00
1098.00 757.00
1039.00 688.00
1181.00 774.00
1354.00 817.00
1033.00 856.00
1006.00 976.00
1184.00 986.00
