606.00 107.00
1695.00 121.00
1768.00 135.00
448.00 197.00
1315.00 190.00
1839.00 170.00
376.00 216.00
544.00 295.00
1073.00 274.00
1119.00 271.00
1639.00 308.00
176.00 347.00
1409.00 322.00
1295.00 338.00
258.00 376.00
882.00 373.00
545.00 390.00
672.00 402.00
947.00 430.00
235.00 458.00
1037.00 476.00
974.00 501.00
793.00 496.00
230.00 517.00
1153.00 524.00
1050.00 533.00
1901.00 508.00
429.00 571.00
79.00 550.00
1091.00 551.00
531.00 607.00
231.00 580.00
151.00 582.00
975.00 570.00
1839.00 584.00
73.00 618.00
1875.00 640.00
768.00 672.00
960.00 676.00
1752.00 662.00
695.00 748.00
