288.00 22.00
794.00 24.00
646.00 39.00
984.00 17.00
936.00 70.00
576.00 95.00
351.00 96.00
247.00 104.00
1935.00 71.00
447.00 130.00
1106.00 111.00
1306.00 110.00
1238.00 115.00
993.00 146.00
489.00 167.00
1436.00 170.00
1504.00 160.00
842.00 201.00
1395.00 176.00
139.00 215.00
1310.00 190.00
455.00 232.00
534.00 241.00
609.00 232.00
1072.00 272.00
434.00 280.00
289.00 326.00
1878.00 248.00
50.00 306.00
1796.00 270.00
224.00 325.00
1425.00 324.00
864.00 310.00
1024.00 295.00
1579.00 299.00
387.00 355.00
1899.00 291.00
366.00 405.00
994.00 403.00
1705.00 363.00
278.00 413.00
490.00 403.00
1567.00 378.00
827.00 419.00
1445.00 392.00
741.00 430.00
1256.00 404.00
1330.00 406.00
159.00 456.00
593.00 457.00
895.00 473.00
938.00 472.00
136.00 520.00
464.00 500.00
239.00 544.00
1109.00 526.00
521.00 553.00
751.00 592.00
612.00 589.00
820.00 640.00
604.00 651.00
657.00 703.00
452.00 713.00
351.00 767.00
919.00 727.00
752.00 752.00
9.00 770.00
249.00 786.00
1003.00 850.00
18.00 933.00
207.00 944.00
1034.00 1500.00
77.00 1479.00
