569.00 19.00
836.00 56.00
1227.00 63.00
605.00 119.00
563.00 111.00
440.00 170.00
797.00 209.00
994.00 212.00
953.00 230.00
1403.00 236.00
608.00 280.00
1745.00 246.00
1350.00 294.00
621.00 323.00
954.00 336.00
643.00 368.00
1351.00 362.00
1569.00 350.00
271.00 372.00
1162.00 396.00
729.00 424.00
1824.00 386.00
1069.00 407.00
677.00 433.00
928.00 455.00
1551.00 439.00
768.00 471.00
1226.00 469.00
1355.00 480.00
726.00 529.00
1358.00 537.00
1426.00 537.00
853.00 527.00
1651.00 530.00
1828.00 536.00
1751.00 539.00
258.00 549.00
428.00 547.00
512.00 567.00
743.00 576.00
831.00 594.00
343.00 608.00
1238.00 554.00
255.00 596.00
1527.00 600.00
937.00 632.00
608.00 617.00
1362.00 628.00
1226.00 614.00
1175.00 671.00
1811.00 656.00
505.00 696.00
632.00 663.00
502.00 751.00
588.00 772.00
638.00 772.00
1416.00 735.00
366.00 767.00
1365.00 768.00
1714.00 797.00
1476.00 806.00
1518.00 818.00
1451.00 863.00
961.00 877.00
1144.00 888.00
1581.00 909.00
265.00 922.00
1375.00 1081.00
1279.00 1182.00
489.00 1160.00
270.00 1160.00
419.00 1186.00
311.00 1169.00
1335.00 1172.00
487.00 1202.00
289.00 1222.00
378.00 1220.00
1939.00 1231.00
370.00 1271.00
1084.00 1263.00
1457.00 1248.00
488.00 1269.00
1239.00 1304.00
415.00 1284.00
1890.00 1304.00
362.00 1349.00
1957.00 1325.00
337.00 1401.00
1862.00 1379.00
1970.00 1401.00
405.00 1437.00
1293.00 1420.00
532.00 1432.00
364.00 1457.00
1863.00 1448.00
399.00 1505.00
449.00 1497.00
