310.00 46.00
1171.00 32.00
470.00 39.00
728.00 64.00
1255.00 95.00
467.00 89.00
1123.00 189.00
770.00 175.00
669.00 189.00
829.00 213.00
1173.00 177.00
1141.00 238.00
1084.00 243.00
196.00 192.00
261.00 208.00
545.00 254.00
124.00 205.00
768.00 274.00
1587.00 295.00
1719.00 333.00
1113.00 328.00
353.00 286.00
252.00 325.00
455.00 312.00
591.00 328.00
1352.00 344.00
712.00 353.00
182.00 341.00
870.00 398.00
807.00 394.00
591.00 388.00
1318.00 394.00
312.00 396.00
1096.00 443.00
557.00 444.00
307.00 456.00
1305.00 448.00
1456.00 451.00
758.00 460.00
373.00 435.00
675.00 475.00
889.00 480.00
1096.00 486.00
19.00 469.00
1454.00 503.00
750.00 512.00
334.00 519.00
262.00 569.00
1096.00 540.00
122.00 551.00
396.00 530.00
591.00 564.00
47.00 540.00
1637.00 588.00
931.00 565.00
1535.00 599.00
329.00 579.00
2020.00 606.00
787.00 582.00
1321.00 648.00
188.00 623.00
1724.00 620.00
823.00 625.00
391.00 617.00
1254.00 656.00
1957.00 644.00
933.00 672.00
1521.00 680.00
110.00 681.00
416.00 711.00
1330.00 724.00
1277.00 729.00
350.00 736.00
1154.00 737.00
1752.00 727.00
247.00 759.00
1312.00 776.00
346.00 798.00
1161.00 812.00
399.00 816.00
243.00 823.00
238.00 887.00
1264.00 893.00
163.00 918.00
339.00 925.00
230.00 987.00
300.00 989.00
149.00 1088.00
295.00 1055.00
412.00 1135.00
