1239.00 22.00
1140.00 24.00
952.00 15.00
1070.00 29.00
1017.00 18.00
242.00 40.00
759.00 36.00
502.00 47.00
1196.00 81.00
1370.00 67.00
1202.00 128.00
554.00 122.00
1398.00 126.00
1310.00 175.00
1254.00 159.00
927.00 192.00
611.00 153.00
373.00 131.00
1392.00 177.00
1239.00 207.00
1680.00 225.00
25.00 209.00
1035.00 210.00
994.00 207.00
168.00 200.00
1725.00 236.00
1022.00 257.00
440.00 247.00
325.00 295.00
1246.00 287.00
1631.00 281.00
1447.00 288.00
1319.00 294.00
951.00 311.00
1001.00 311.00
1223.00 329.00
879.00 313.00
1540.00 336.00
281.00 396.00
497.00 424.00
1327.00 367.00
415.00 410.00
1744.00 433.00
1016.00 392.00
1528.00 434.00
1278.00 426.00
1642.00 445.00
1319.00 439.00
1237.00 440.00
711.00 427.00
1943.00 492.00
901.00 470.00
2031.00 525.00
497.00 494.00
1880.00 512.00
814.00 512.00
1990.00 524.00
728.00 491.00
1925.00 533.00
676.00 493.00
1511.00 540.00
593.00 501.00
601.00 563.00
1648.00 547.00
1312.00 536.00
551.00 557.00
1209.00 592.00
2016.00 589.00
1226.00 551.00
1048.00 553.00
1951.00 590.00
1751.00 589.00
878.00 555.00
1907.00 592.00
651.00 582.00
94.00 528.00
1446.00 602.00
1399.00 617.00
1358.00 618.00
1645.00 650.00
1305.00 619.00
191.00 584.00
604.00 617.00
1082.00 622.00
1041.00 623.00
751.00 646.00
1894.00 699.00
1821.00 695.00
1216.00 671.00
1338.00 676.00
1063.00 679.00
1569.00 722.00
109.00 633.00
96.00 686.00
735.00 698.00
1659.00 755.00
1649.00 702.00
280.00 696.00
1527.00 754.00
875.00 750.00
176.00 724.00
1096.00 765.00
90.00 742.00
1211.00 792.00
270.00 746.00
1520.00 821.00
1446.00 821.00
1656.00 835.00
624.00 823.00
147.00 824.00
236.00 837.00
1405.00 861.00
1649.00 891.00
1124.00 893.00
743.00 908.00
391.00 935.00
1670.00 972.00
238.00 966.00
1733.00 1086.00
1676.00 1085.00
1456.00 1125.00
999.00 1166.00
1390.00 1160.00
1570.00 1189.00
1234.00 1192.00
960.00 1351.00
