393.00 20.00
193.00 16.00
542.00 21.00
500.00 34.00
1441.00 8.00
392.00 77.00
190.00 59.00
434.00 71.00
389.00 120.00
1041.00 92.00
430.00 128.00
1844.00 52.00
1451.00 113.00
836.00 144.00
1359.00 135.00
1790.00 114.00
1312.00 120.00
1528.00 111.00
239.00 192.00
1910.00 109.00
1238.00 169.00
2020.00 128.00
1400.00 138.00
1743.00 116.00
1452.00 160.00
1512.00 159.00
1867.00 159.00
1654.00 155.00
1177.00 218.00
998.00 210.00
1042.00 221.00
1320.00 200.00
1762.00 187.00
1402.00 197.00
1830.00 208.00
494.00 264.00
1716.00 200.00
300.00 260.00
1651.00 202.00
1270.00 239.00
774.00 254.00
830.00 264.00
707.00 268.00
1892.00 218.00
2010.00 226.00
1043.00 269.00
910.00 274.00
1000.00 271.00
638.00 283.00
561.00 285.00
1787.00 234.00
239.00 296.00
1956.00 240.00
304.00 310.00
1257.00 294.00
1405.00 301.00
167.00 339.00
1039.00 328.00
444.00 356.00
1154.00 357.00
1967.00 328.00
1320.00 375.00
1628.00 349.00
1406.00 347.00
2012.00 338.00
1785.00 352.00
704.00 416.00
1273.00 382.00
833.00 423.00
1455.00 384.00
1549.00 404.00
774.00 418.00
375.00 415.00
1927.00 415.00
536.00 433.00
1030.00 456.00
804.00 474.00
931.00 458.00
361.00 473.00
1263.00 465.00
1107.00 489.00
677.00 492.00
1663.00 472.00
1736.00 471.00
1784.00 471.00
1903.00 469.00
1995.00 466.00
906.00 519.00
796.00 525.00
1108.00 543.00
691.00 567.00
1703.00 519.00
1759.00 527.00
1414.00 560.00
1550.00 564.00
542.00 569.00
1108.00 614.00
340.00 594.00
394.00 595.00
207.00 601.00
140.00 656.00
840.00 631.00
1279.00 608.00
304.00 641.00
190.00 654.00
1625.00 658.00
406.00 674.00
1205.00 684.00
1107.00 684.00
522.00 722.00
864.00 687.00
779.00 713.00
884.00 728.00
944.00 707.00
344.00 713.00
593.00 720.00
1813.00 719.00
238.00 728.00
293.00 751.00
1336.00 761.00
1024.00 767.00
976.00 808.00
484.00 787.00
869.00 798.00
1711.00 815.00
925.00 831.00
1257.00 826.00
741.00 841.00
792.00 843.00
968.00 850.00
544.00 821.00
651.00 859.00
1847.00 858.00
859.00 894.00
927.00 888.00
736.00 890.00
1344.00 888.00
991.00 896.00
642.00 905.00
808.00 919.00
1946.00 920.00
1220.00 928.00
695.00 941.00
118.00 946.00
1002.00 969.00
798.00 969.00
1428.00 974.00
694.00 1003.00
1374.00 1007.00
1164.00 984.00
1938.00 1015.00
735.00 1004.00
856.00 1019.00
1045.00 992.00
999.00 1019.00
575.00 1030.00
379.00 1041.00
139.00 1073.00
827.00 1076.00
703.00 1096.00
1458.00 1147.00
1912.00 1153.00
703.00 1152.00
1415.00 1158.00
529.00 1159.00
624.00 1176.00
751.00 1166.00
424.00 1213.00
471.00 1214.00
527.00 1214.00
624.00 1224.00
719.00 1215.00
772.00 1216.00
935.00 1224.00
368.00 1248.00
78.00 1229.00
576.00 1253.00
817.00 1226.00
123.00 1257.00
888.00 1254.00
1343.00 1276.00
942.00 1283.00
1594.00 1284.00
647.00 1307.00
789.00 1309.00
1185.00 1311.00
871.00 1310.00
1108.00 1326.00
1263.00 1339.00
695.00 1349.00
912.00 1352.00
1994.00 1453.00
728.00 1420.00
800.00 1421.00
991.00 1425.00
839.00 1471.00
1216.00 1501.00
