253.00 87.00
396.00 117.00
303.00 148.00
469.00 165.00
259.00 198.00
1527.00 32.00
315.00 205.00
1109.00 112.00
1598.00 49.00
463.00 218.00
780.00 191.00
1266.00 111.00
1614.00 96.00
607.00 233.00
942.00 189.00
712.00 230.00
1479.00 168.00
983.00 248.00
1246.00 218.00
1057.00 247.00
934.00 263.00
788.00 284.00
1312.00 225.00
1235.00 291.00
1453.00 265.00
1510.00 270.00
1458.00 318.00
1607.00 312.00
1512.00 322.00
1405.00 367.00
1972.00 293.00
1352.00 367.00
1840.00 301.00
300.00 498.00
2022.00 319.00
1599.00 385.00
1983.00 360.00
492.00 506.00
1326.00 428.00
1389.00 427.00
595.00 507.00
1753.00 396.00
675.00 515.00
1455.00 424.00
1504.00 447.00
294.00 577.00
940.00 526.00
1300.00 496.00
490.00 583.00
811.00 552.00
1442.00 518.00
1759.00 465.00
1059.00 543.00
1575.00 504.00
408.00 626.00
1297.00 544.00
1915.00 474.00
552.00 616.00
290.00 640.00
1690.00 509.00
348.00 643.00
1488.00 539.00
1352.00 576.00
1014.00 598.00
485.00 655.00
1866.00 530.00
686.00 646.00
1124.00 619.00
1285.00 599.00
559.00 682.00
823.00 644.00
1563.00 622.00
696.00 687.00
1644.00 618.00
1322.00 654.00
1181.00 661.00
1131.00 697.00
1434.00 671.00
478.00 750.00
1297.00 698.00
1386.00 703.00
1568.00 671.00
1338.00 719.00
1241.00 706.00
1777.00 685.00
1508.00 691.00
1434.00 720.00
1715.00 747.00
1244.00 791.00
1340.00 785.00
1460.00 787.00
1515.00 794.00
1059.00 781.00
311.00 890.00
1342.00 833.00
1720.00 796.00
1421.00 832.00
683.00 876.00
1517.00 835.00
1577.00 808.00
1233.00 879.00
344.00 936.00
1070.00 894.00
1375.00 889.00
1520.00 888.00
1449.00 890.00
1510.00 929.00
759.00 973.00
1425.00 952.00
1584.00 927.00
663.00 1015.00
1512.00 979.00
425.00 1034.00
1516.00 1025.00
509.00 1073.00
1157.00 1055.00
752.00 1068.00
1366.00 1047.00
327.00 1089.00
468.00 1088.00
1534.00 1087.00
469.00 1178.00
665.00 1163.00
1032.00 1171.00
1141.00 1156.00
1245.00 1152.00
1368.00 1152.00
1432.00 1166.00
1497.00 1188.00
2026.00 1196.00
1236.00 1203.00
1077.00 1208.00
1031.00 1224.00
1358.00 1247.00
1414.00 1256.00
1278.00 1268.00
1119.00 1268.00
751.00 1276.00
1358.00 1288.00
948.00 1304.00
1201.00 1295.00
1013.00 1266.00
384.00 1317.00
1099.00 1317.00
435.00 1339.00
1367.00 1359.00
1486.00 1427.00
1069.00 1432.00
1025.00 1435.00
1548.00 1461.00
