848.00 57.00
1084.00 131.00
792.00 48.00
487.00 29.00
274.00 34.00
565.00 57.00
427.00 64.00
487.00 109.00
1125.00 282.00
250.00 156.00
1012.00 268.00
904.00 232.00
497.00 202.00
136.00 200.00
447.00 196.00
1191.00 374.00
334.00 232.00
496.00 257.00
455.00 287.00
967.00 345.00
1023.00 391.00
908.00 386.00
735.00 360.00
550.00 327.00
294.00 330.00
1150.00 423.00
454.00 336.00
1047.00 439.00
413.00 334.00
648.00 365.00
599.00 360.00
300.00 371.00
966.00 437.00
904.00 434.00
191.00 371.00
368.00 369.00
678.00 409.00
1111.00 488.00
1049.00 481.00
503.00 391.00
723.00 449.00
142.00 438.00
856.00 495.00
797.00 480.00
1069.00 547.00
100.00 426.00
324.00 455.00
901.00 561.00
466.00 482.00
256.00 476.00
415.00 479.00
991.00 560.00
791.00 523.00
850.00 543.00
470.00 527.00
400.00 544.00
282.00 554.00
857.00 629.00
654.00 617.00
335.00 578.00
1070.00 663.00
795.00 635.00
143.00 588.00
458.00 631.00
319.00 647.00
789.00 697.00
407.00 654.00
453.00 712.00
847.00 727.00
256.00 700.00
735.00 740.00
492.00 779.00
422.00 783.00
364.00 781.00
1128.00 818.00
787.00 801.00
833.00 804.00
698.00 800.00
916.00 828.00
471.00 839.00
696.00 841.00
799.00 846.00
571.00 852.00
244.00 854.00
470.00 891.00
656.00 884.00
344.00 899.00
607.00 904.00
191.00 872.00
566.00 904.00
241.00 897.00
517.00 906.00
1103.00 950.00
383.00 942.00
167.00 932.00
341.00 957.00
414.00 1006.00
795.00 1049.00
745.00 1035.00
633.00 1051.00
348.00 1045.00
964.00 1069.00
150.00 1076.00
920.00 1071.00
864.00 1110.00
920.00 1124.00
1011.00 1104.00
792.00 1128.00
834.00 1156.00
367.00 1186.00
248.00 1156.00
946.00 1173.00
310.00 1226.00
421.00 1229.00
981.00 1224.00
1048.00 1225.00
879.00 1269.00
406.00 1299.00
936.00 1410.00
