1784.00 112.00
328.00 190.00
320.00 273.00
1331.00 259.00
313.00 359.00
127.00 372.00
439.00 386.00
309.00 413.00
1047.00 407.00
484.00 468.00
1381.00 439.00
1338.00 458.00
366.00 566.00
310.00 584.00
448.00 631.00
1639.00 576.00
1749.00 608.00
1501.00 632.00
1680.00 615.00
1354.00 623.00
514.00 629.00
1176.00 651.00
368.00 679.00
421.00 680.00
1626.00 637.00
1109.00 653.00
1428.00 651.00
61.00 694.00
694.00 674.00
1767.00 656.00
797.00 692.00
1309.00 689.00
983.00 696.00
1202.00 702.00
936.00 717.00
1537.00 696.00
1682.00 711.00
1390.00 726.00
1107.00 723.00
1491.00 753.00
744.00 749.00
1066.00 720.00
1435.00 752.00
850.00 750.00
1307.00 751.00
913.00 769.00
1164.00 771.00
1654.00 775.00
1010.00 752.00
1249.00 768.00
1055.00 778.00
1510.00 794.00
1408.00 795.00
1458.00 796.00
1354.00 818.00
515.00 817.00
898.00 831.00
1206.00 826.00
956.00 837.00
1113.00 843.00
1778.00 841.00
1663.00 847.00
1501.00 856.00
1424.00 866.00
1336.00 861.00
888.00 893.00
929.00 891.00
25.00 913.00
1503.00 947.00
516.00 953.00
620.00 942.00
687.00 945.00
166.00 964.00
1684.00 966.00
880.00 962.00
1424.00 972.00
1375.00 975.00
1197.00 977.00
1006.00 983.00
340.00 1000.00
839.00 987.00
685.00 989.00
124.00 1011.00
8.00 1039.00
1422.00 1032.00
1308.00 1099.00
145.00 1095.00
616.00 1083.00
837.00 1088.00
755.00 1087.00
796.00 1087.00
915.00 1089.00
1005.00 1092.00
1095.00 1094.00
1200.00 1095.00
1427.00 1099.00
471.00 1108.00
517.00 1104.00
288.00 1145.00
759.00 1128.00
57.00 1160.00
612.00 1182.00
129.00 1199.00
679.00 1186.00
754.00 1189.00
833.00 1194.00
911.00 1199.00
1006.00 1207.00
1153.00 1216.00
1200.00 1220.00
1435.00 1233.00
1559.00 1239.00
1704.00 1249.00
1346.00 1275.00
1008.00 1270.00
492.00 1293.00
610.00 1281.00
1440.00 1295.00
753.00 1332.00
831.00 1303.00
911.00 1311.00
1007.00 1322.00
1103.00 1333.00
662.00 1327.00
1203.00 1343.00
1316.00 1356.00
1439.00 1367.00
1565.00 1381.00
1710.00 1395.00
607.00 1380.00
677.00 1391.00
753.00 1401.00
830.00 1413.00
912.00 1424.00
1009.00 1440.00
1101.00 1456.00
1207.00 1472.00
1319.00 1489.00
1442.00 1505.00
603.00 1482.00
1573.00 1524.00
912.00 1496.00
673.00 1494.00
828.00 1479.00
751.00 1511.00
