1943.00 53.00
1558.00 48.00
339.00 22.00
1408.00 119.00
1807.00 112.00
389.00 36.00
2031.00 132.00
1962.00 162.00
1817.00 166.00
1918.00 179.00
2029.00 180.00
1776.00 183.00
1863.00 209.00
163.00 164.00
1184.00 251.00
802.00 263.00
1561.00 273.00
560.00 240.00
1512.00 290.00
351.00 256.00
1629.00 298.00
1104.00 306.00
583.00 287.00
1063.00 350.00
1585.00 329.00
892.00 325.00
841.00 316.00
1398.00 343.00
726.00 348.00
1237.00 368.00
1108.00 369.00
909.00 366.00
1587.00 370.00
1238.00 417.00
1464.00 397.00
1959.00 439.00
1177.00 414.00
946.00 447.00
1448.00 458.00
1495.00 452.00
1104.00 445.00
1537.00 464.00
1033.00 457.00
1383.00 487.00
1153.00 483.00
415.00 461.00
1496.00 540.00
1431.00 538.00
1598.00 541.00
1352.00 560.00
1241.00 531.00
896.00 569.00
552.00 578.00
1295.00 576.00
1175.00 586.00
948.00 616.00
1498.00 618.00
531.00 650.00
1384.00 672.00
1111.00 680.00
1188.00 673.00
1245.00 654.00
815.00 825.00
1259.00 839.00
1096.00 988.00
