941.00 31.00
1034.00 39.00
1795.00 24.00
1159.00 96.00
1560.00 90.00
1226.00 127.00
1687.00 129.00
1439.00 144.00
500.00 238.00
1075.00 207.00
680.00 243.00
951.00 231.00
856.00 255.00
517.00 288.00
711.00 291.00
594.00 280.00
1002.00 244.00
1144.00 241.00
1311.00 248.00
657.00 284.00
1063.00 282.00
901.00 312.00
1434.00 245.00
768.00 335.00
566.00 321.00
1312.00 311.00
1503.00 304.00
977.00 320.00
1208.00 323.00
571.00 363.00
943.00 378.00
358.00 417.00
1512.00 368.00
1043.00 415.00
1601.00 386.00
423.00 426.00
1087.00 415.00
1191.00 416.00
512.00 480.00
780.00 468.00
1240.00 473.00
1315.00 483.00
977.00 504.00
206.00 518.00
602.00 500.00
1369.00 478.00
672.00 509.00
1181.00 502.00
829.00 503.00
527.00 524.00
1319.00 529.00
756.00 553.00
593.00 544.00
1081.00 527.00
807.00 544.00
448.00 561.00
1211.00 557.00
514.00 597.00
1370.00 557.00
857.00 562.00
663.00 588.00
362.00 603.00
1127.00 576.00
456.00 602.00
974.00 603.00
1279.00 600.00
1464.00 599.00
1064.00 599.00
1377.00 642.00
1197.00 647.00
906.00 656.00
467.00 660.00
1423.00 655.00
374.00 695.00
1138.00 697.00
300.00 722.00
1299.00 727.00
233.00 756.00
824.00 752.00
1250.00 748.00
1006.00 723.00
1362.00 740.00
1087.00 751.00
964.00 771.00
915.00 767.00
1186.00 789.00
255.00 815.00
1256.00 799.00
310.00 837.00
1016.00 826.00
1135.00 812.00
1415.00 878.00
1185.00 947.00
1309.00 973.00
1241.00 1046.00
1311.00 1046.00
1321.00 1429.00
1204.00 1453.00
