1457.00 17.00
930.00 149.00
1455.00 138.00
1588.00 167.00
922.00 244.00
1296.00 231.00
1406.00 255.00
925.00 353.00
1227.00 362.00
1021.00 393.00
1575.00 357.00
1351.00 391.00
966.00 456.00
1302.00 431.00
1364.00 435.00
953.00 581.00
777.00 585.00
818.00 589.00
1448.00 554.00
1385.00 579.00
1075.00 594.00
1504.00 571.00
1020.00 643.00
64.00 709.00
1021.00 701.00
923.00 735.00
879.00 784.00
1535.00 776.00
780.00 806.00
994.00 835.00
817.00 850.00
1549.00 821.00
918.00 1095.00
860.00 1231.00
1001.00 1298.00
