835.00 27.00
1803.00 68.00
178.00 16.00
220.00 11.00
1823.00 120.00
1888.00 101.00
144.00 65.00
808.00 73.00
197.00 77.00
1381.00 152.00
1013.00 151.00
1855.00 184.00
1927.00 175.00
1289.00 182.00
1354.00 213.00
1639.00 209.00
1778.00 247.00
920.00 212.00
1264.00 228.00
1857.00 273.00
1199.00 266.00
187.00 217.00
1919.00 294.00
1607.00 305.00
740.00 245.00
1056.00 273.00
1107.00 353.00
1429.00 365.00
735.00 312.00
1370.00 366.00
1925.00 376.00
127.00 300.00
1615.00 408.00
1001.00 361.00
2031.00 412.00
1567.00 415.00
1150.00 424.00
983.00 406.00
104.00 380.00
1793.00 453.00
1958.00 423.00
1201.00 435.00
1106.00 427.00
940.00 435.00
1267.00 465.00
676.00 402.00
1554.00 479.00
885.00 446.00
1373.00 480.00
1798.00 507.00
1129.00 497.00
1669.00 523.00
850.00 489.00
1582.00 524.00
1375.00 539.00
1959.00 537.00
1752.00 551.00
1201.00 524.00
804.00 499.00
624.00 525.00
1512.00 548.00
1979.00 591.00
668.00 550.00
751.00 552.00
1855.00 599.00
1251.00 583.00
1725.00 605.00
1202.00 575.00
710.00 560.00
1129.00 592.00
1020.00 580.00
1511.00 613.00
1436.00 609.00
848.00 590.00
1297.00 603.00
2023.00 620.00
1974.00 637.00
220.00 602.00
141.00 603.00
1057.00 630.00
746.00 646.00
1808.00 668.00
328.00 643.00
1728.00 675.00
1888.00 680.00
1000.00 627.00
1949.00 690.00
248.00 647.00
1790.00 711.00
1192.00 680.00
746.00 702.00
1496.00 724.00
557.00 698.00
1049.00 721.00
1439.00 738.00
1778.00 758.00
879.00 738.00
1712.00 767.00
84.00 729.00
130.00 733.00
743.00 748.00
1618.00 775.00
519.00 777.00
1019.00 794.00
1104.00 805.00
978.00 801.00
1359.00 831.00
1936.00 832.00
934.00 809.00
788.00 818.00
1400.00 838.00
1495.00 848.00
1444.00 856.00
721.00 841.00
1728.00 857.00
1671.00 864.00
846.00 857.00
1018.00 856.00
920.00 870.00
1787.00 891.00
1863.00 894.00
1553.00 910.00
1699.00 912.00
1017.00 897.00
872.00 927.00
783.00 936.00
702.00 904.00
918.00 935.00
458.00 938.00
1744.00 972.00
1648.00 1006.00
1448.00 952.00
672.00 968.00
356.00 999.00
1752.00 1015.00
1449.00 1016.00
881.00 1014.00
761.00 1011.00
1903.00 1032.00
1797.00 1049.00
648.00 1041.00
1672.00 1047.00
783.00 1054.00
718.00 1072.00
1364.00 1112.00
1024.00 1088.00
1936.00 1123.00
1452.00 1106.00
1496.00 1110.00
1552.00 1113.00
1616.00 1116.00
1842.00 1127.00
955.00 1114.00
1912.00 1167.00
1529.00 1161.00
1712.00 1191.00
1456.00 1178.00
1807.00 1216.00
1246.00 1209.00
1888.00 1216.00
1026.00 1225.00
794.00 1245.00
532.00 1231.00
1721.00 1252.00
650.00 1253.00
1156.00 1261.00
519.00 1278.00
1459.00 1290.00
948.00 1282.00
1618.00 1288.00
767.00 1294.00
467.00 1305.00
1815.00 1361.00
793.00 1384.00
731.00 1403.00
