1955.00 13.00
983.00 56.00
879.00 59.00
107.00 61.00
1904.00 56.00
149.00 73.00
1103.00 124.00
990.00 126.00
1057.00 123.00
1286.00 120.00
925.00 127.00
1239.00 122.00
1331.00 121.00
831.00 129.00
876.00 128.00
784.00 128.00
1437.00 135.00
1621.00 129.00
1752.00 153.00
1695.00 160.00
1837.00 156.00
1412.00 183.00
951.00 197.00
673.00 200.00
718.00 199.00
805.00 198.00
1220.00 208.00
761.00 214.00
896.00 227.00
1303.00 224.00
1563.00 224.00
1696.00 231.00
1519.00 244.00
970.00 274.00
1384.00 264.00
826.00 272.00
1654.00 271.00
1881.00 264.00
1098.00 304.00
1057.00 304.00
1960.00 319.00
479.00 333.00
1802.00 327.00
527.00 346.00
919.00 350.00
114.00 347.00
277.00 360.00
985.00 369.00
1056.00 367.00
1107.00 369.00
819.00 371.00
750.00 372.00
1166.00 372.00
1257.00 372.00
1475.00 369.00
506.00 410.00
424.00 395.00
1568.00 391.00
1725.00 404.00
1918.00 407.00
1487.00 448.00
1529.00 451.00
382.00 453.00
22.00 450.00
183.00 490.00
127.00 475.00
71.00 480.00
1680.00 487.00
1887.00 486.00
483.00 487.00
1632.00 485.00
1940.00 482.00
737.00 472.00
1555.00 515.00
701.00 541.00
1167.00 536.00
1231.00 549.00
1351.00 535.00
1109.00 537.00
1399.00 535.00
592.00 541.00
647.00 541.00
907.00 512.00
455.00 542.00
511.00 542.00
348.00 543.00
402.00 543.00
786.00 552.00
46.00 552.00
252.00 554.00
834.00 555.00
1708.00 552.00
1615.00 560.00
175.00 578.00
1176.00 580.00
1660.00 587.00
1995.00 594.00
345.00 594.00
262.00 599.00
1862.00 605.00
1611.00 608.00
37.00 620.00
327.00 645.00
1594.00 656.00
1855.00 653.00
402.00 677.00
1455.00 676.00
1512.00 676.00
1778.00 673.00
77.00 685.00
165.00 685.00
522.00 687.00
1959.00 684.00
273.00 703.00
1616.00 701.00
1400.00 671.00
1819.00 723.00
1451.00 742.00
1747.00 748.00
1377.00 736.00
2023.00 766.00
1592.00 771.00
1676.00 770.00
1478.00 789.00
1736.00 793.00
117.00 790.00
1858.00 810.00
1927.00 813.00
161.00 849.00
73.00 850.00
1795.00 852.00
1405.00 853.00
1699.00 865.00
1573.00 870.00
1650.00 876.00
298.00 890.00
1802.00 900.00
1377.00 905.00
1577.00 927.00
293.00 954.00
1578.00 992.00
701.00 1038.00
287.00 1039.00
456.00 1042.00
232.00 1058.00
278.00 1160.00
1694.00 1258.00
273.00 1240.00
31.00 1252.00
534.00 1377.00
269.00 1287.00
969.00 1302.00
88.00 1366.00
910.00 1352.00
16.00 1415.00
83.00 1415.00
191.00 1415.00
259.00 1415.00
1346.00 1445.00
1286.00 1408.00
929.00 1407.00
840.00 1445.00
1073.00 1446.00
606.00 1488.00
1075.00 1490.00
866.00 1486.00
1531.00 1470.00
252.00 1513.00
1384.00 1487.00
