1610.00 11.00
1836.00 24.00
1166.00 19.00
983.00 36.00
1675.00 100.00
1753.00 113.00
1818.00 142.00
1320.00 85.00
1529.00 112.00
897.00 39.00
1172.00 87.00
1622.00 150.00
927.00 96.00
1808.00 194.00
635.00 88.00
591.00 100.00
1229.00 160.00
323.00 86.00
1648.00 209.00
704.00 157.00
128.00 88.00
1230.00 205.00
824.00 167.00
765.00 182.00
1616.00 261.00
1426.00 241.00
1040.00 248.00
952.00 239.00
402.00 199.00
536.00 192.00
1110.00 246.00
447.00 207.00
1430.00 288.00
858.00 264.00
1598.00 326.00
682.00 248.00
300.00 224.00
976.00 287.00
1182.00 300.00
128.00 232.00
215.00 208.00
433.00 249.00
1430.00 336.00
335.00 272.00
639.00 282.00
1369.00 360.00
1056.00 323.00
902.00 334.00
1307.00 345.00
479.00 290.00
24.00 279.00
840.00 335.00
1700.00 431.00
1787.00 420.00
1144.00 408.00
1154.00 360.00
1423.00 397.00
839.00 407.00
773.00 385.00
674.00 405.00
112.00 353.00
719.00 407.00
952.00 415.00
440.00 382.00
554.00 407.00
895.00 407.00
1359.00 437.00
1246.00 430.00
495.00 397.00
249.00 381.00
1504.00 472.00
1089.00 443.00
626.00 424.00
760.00 450.00
1174.00 528.00
1283.00 495.00
543.00 448.00
1538.00 521.00
1087.00 485.00
1437.00 502.00
1703.00 542.00
264.00 439.00
869.00 498.00
957.00 502.00
640.00 488.00
779.00 496.00
695.00 495.00
207.00 471.00
1487.00 549.00
109.00 479.00
1363.00 560.00
339.00 502.00
1228.00 557.00
262.00 502.00
1278.00 559.00
1065.00 554.00
1417.00 596.00
791.00 560.00
968.00 567.00
889.00 563.00
744.00 579.00
123.00 544.00
1158.00 611.00
557.00 573.00
188.00 561.00
1001.00 608.00
1066.00 641.00
770.00 631.00
626.00 596.00
1419.00 648.00
347.00 605.00
700.00 629.00
853.00 635.00
927.00 637.00
552.00 628.00
609.00 641.00
115.00 625.00
1421.00 695.00
391.00 612.00
1112.00 664.00
248.00 615.00
1001.00 662.00
1367.00 684.00
363.00 680.00
1715.00 713.00
1536.00 717.00
1618.00 718.00
959.00 687.00
1104.00 705.00
438.00 685.00
265.00 679.00
340.00 721.00
1637.00 784.00
583.00 756.00
850.00 756.00
1487.00 790.00
483.00 758.00
536.00 763.00
134.00 763.00
324.00 770.00
696.00 780.00
645.00 774.00
1626.00 830.00
413.00 814.00
541.00 816.00
203.00 815.00
350.00 815.00
539.00 867.00
536.00 917.00
472.00 929.00
1488.00 952.00
1696.00 995.00
1776.00 1007.00
1183.00 1052.00
503.00 1073.00
975.00 1206.00
931.00 1217.00
873.00 1391.00
559.00 1421.00
882.00 1432.00
396.00 1519.00
775.00 1468.00
594.00 1507.00
694.00 1509.00
996.00 1520.00
