1367.00 103.00
1790.00 120.00
944.00 155.00
755.00 152.00
1370.00 196.00
559.00 196.00
940.00 232.00
753.00 256.00
1970.00 286.00
1374.00 328.00
1670.00 342.00
1336.00 383.00
1902.00 395.00
1632.00 398.00
1294.00 419.00
649.00 406.00
1230.00 470.00
582.00 454.00
1965.00 480.00
1133.00 494.00
932.00 490.00
2006.00 501.00
699.00 486.00
1824.00 519.00
1718.00 509.00
1296.00 520.00
1656.00 516.00
247.00 516.00
1111.00 568.00
1008.00 575.00
1299.00 580.00
1253.00 597.00
853.00 613.00
253.00 569.00
1166.00 622.00
1001.00 616.00
943.00 613.00
1388.00 641.00
1145.00 670.00
1238.00 665.00
943.00 654.00
2000.00 663.00
1070.00 683.00
1298.00 746.00
1391.00 744.00
1137.00 737.00
1505.00 760.00
1357.00 786.00
640.00 781.00
934.00 802.00
82.00 878.00
384.00 1351.00
