1361.00 21.00
1451.00 68.00
1399.00 114.00
1195.00 128.00
1328.00 123.00
1453.00 165.00
1185.00 182.00
1260.00 183.00
1380.00 189.00
1566.00 230.00
1385.00 243.00
1443.00 242.00
1895.00 215.00
1717.00 229.00
1768.00 229.00
1198.00 280.00
1519.00 296.00
1877.00 276.00
1295.00 319.00
1897.00 326.00
1198.00 382.00
2019.00 326.00
1143.00 367.00
1856.00 326.00
1438.00 383.00
1722.00 365.00
1626.00 390.00
2025.00 384.00
1166.00 423.00
922.00 474.00
1909.00 395.00
1584.00 409.00
1536.00 466.00
1406.00 449.00
999.00 511.00
1480.00 479.00
1897.00 491.00
1474.00 536.00
1784.00 552.00
1093.00 595.00
1297.00 627.00
1919.00 581.00
1394.00 601.00
1579.00 609.00
1254.00 691.00
1379.00 643.00
1826.00 825.00
953.00 1176.00
224.00 1237.00
915.00 1251.00
263.00 1332.00
718.00 1320.00
782.00 1320.00
841.00 1324.00
