1572.00 106.00
1551.00 166.00
975.00 166.00
760.00 160.00
536.00 160.00
1588.00 226.00
1661.00 295.00
1511.00 301.00
1462.00 321.00
1301.00 327.00
356.00 266.00
306.00 261.00
45.00 297.00
1367.00 397.00
506.00 350.00
1511.00 410.00
1633.00 432.00
1287.00 458.00
1348.00 470.00
448.00 410.00
1156.00 457.00
1244.00 464.00
1391.00 473.00
1432.00 498.00
839.00 428.00
639.00 453.00
1173.00 514.00
1308.00 511.00
1232.00 508.00
831.00 504.00
1040.00 504.00
1311.00 552.00
311.00 475.00
1249.00 568.00
1436.00 566.00
1174.00 568.00
926.00 521.00
1293.00 595.00
987.00 549.00
327.00 532.00
916.00 567.00
1175.00 609.00
1105.00 587.00
1271.00 638.00
457.00 591.00
1711.00 629.00
783.00 636.00
1670.00 633.00
1209.00 663.00
1253.00 690.00
215.00 594.00
1421.00 676.00
1004.00 646.00
1338.00 665.00
937.00 630.00
896.00 630.00
1295.00 683.00
1575.00 656.00
831.00 645.00
1164.00 661.00
398.00 641.00
669.00 648.00
1733.00 676.00
271.00 632.00
484.00 650.00
1359.00 710.00
1297.00 727.00
1445.00 729.00
1298.00 770.00
1342.00 771.00
669.00 712.00
538.00 715.00
779.00 719.00
987.00 744.00
1384.00 771.00
1240.00 771.00
475.00 734.00
55.00 737.00
420.00 754.00
901.00 760.00
504.00 778.00
1181.00 814.00
275.00 807.00
900.00 832.00
135.00 815.00
1589.00 838.00
780.00 833.00
839.00 858.00
1007.00 852.00
703.00 872.00
657.00 856.00
1064.00 882.00
381.00 879.00
916.00 887.00
1280.00 906.00
989.00 912.00
1082.00 946.00
1132.00 923.00
843.00 941.00
940.00 962.00
882.00 999.00
1089.00 1159.00
255.00 1295.00
