777.00 8.00
962.00 100.00
1148.00 110.00
568.00 224.00
1717.00 78.00
1101.00 209.00
622.00 306.00
1371.00 262.00
687.00 320.00
760.00 351.00
1632.00 275.00
1281.00 316.00
826.00 363.00
1376.00 311.00
999.00 370.00
594.00 413.00
1397.00 367.00
1160.00 394.00
863.00 428.00
1376.00 410.00
920.00 463.00
1656.00 430.00
1272.00 508.00
1925.00 476.00
1982.00 494.00
1183.00 546.00
880.00 596.00
939.00 603.00
199.00 592.00
1909.00 543.00
1735.00 587.00
1992.00 640.00
1901.00 668.00
888.00 802.00
115.00 831.00
164.00 1261.00
749.00 1326.00
