1489.00 14.00
294.00 153.00
1655.00 68.00
1949.00 233.00
320.00 268.00
1836.00 199.00
1176.00 166.00
1391.00 215.00
1572.00 309.00
1307.00 241.00
1638.00 344.00
1690.00 347.00
1734.00 348.00
1461.00 392.00
1782.00 389.00
1671.00 443.00
1359.00 364.00
1505.00 412.00
1799.00 486.00
1058.00 415.00
1359.00 433.00
1627.00 546.00
1100.00 477.00
1058.00 487.00
1530.00 554.00
1343.00 527.00
1292.00 530.00
1136.00 549.00
1226.00 562.00
957.00 532.00
1333.00 574.00
29.00 710.00
1390.00 608.00
1336.00 620.00
1042.00 638.00
1232.00 692.00
1348.00 737.00
1210.00 733.00
1535.00 754.00
1307.00 765.00
1041.00 847.00
1238.00 848.00
1172.00 857.00
1394.00 873.00
998.00 903.00
538.00 950.00
1587.00 977.00
535.00 994.00
501.00 888.00
621.00 1011.00
200.00 1332.00
519.00 1432.00
1552.00 1458.00
