1639.00 35.00
1504.00 54.00
1335.00 55.00
1439.00 80.00
1755.00 126.00
1807.00 127.00
1304.00 99.00
1223.00 119.00
1103.00 109.00
1500.00 145.00
1379.00 140.00
238.00 42.00
1151.00 161.00
90.00 55.00
1296.00 186.00
1168.00 206.00
1247.00 249.00
1939.00 288.00
85.00 162.00
1056.00 256.00
712.00 239.00
1128.00 298.00
1467.00 310.00
462.00 256.00
758.00 285.00
830.00 300.00
1753.00 360.00
1703.00 361.00
1049.00 330.00
1103.00 387.00
1250.00 388.00
1742.00 434.00
1900.00 442.00
1397.00 444.00
71.00 356.00
986.00 428.00
944.00 429.00
1838.00 481.00
806.00 429.00
862.00 455.00
2029.00 513.00
1495.00 495.00
1904.00 513.00
725.00 462.00
1624.00 528.00
1199.00 527.00
1743.00 545.00
27.00 447.00
1105.00 533.00
1250.00 565.00
1017.00 575.00
1399.00 577.00
1494.00 605.00
1139.00 600.00
849.00 594.00
1249.00 618.00
1145.00 642.00
1295.00 663.00
1402.00 684.00
1314.00 711.00
1415.00 725.00
1361.00 746.00
1378.00 853.00
1666.00 1103.00
1682.00 1150.00
1627.00 1158.00
