1843.00 10.00
1849.00 66.00
1356.00 47.00
1155.00 76.00
1225.00 77.00
1851.00 118.00
1575.00 114.00
933.00 35.00
1272.00 87.00
932.00 79.00
1175.00 134.00
1579.00 162.00
931.00 152.00
833.00 135.00
973.00 196.00
787.00 184.00
1582.00 272.00
1862.00 278.00
1033.00 231.00
460.00 175.00
1089.00 231.00
1095.00 288.00
1199.00 280.00
814.00 264.00
759.00 265.00
1735.00 346.00
1311.00 323.00
1335.00 367.00
251.00 314.00
1394.00 395.00
1463.00 431.00
1361.00 447.00
1313.00 447.00
408.00 392.00
176.00 391.00
1343.00 495.00
1595.00 518.00
1640.00 514.00
199.00 441.00
416.00 452.00
374.00 452.00
1407.00 505.00
24.00 442.00
1741.00 581.00
1600.00 568.00
1653.00 583.00
204.00 482.00
385.00 496.00
1444.00 563.00
196.00 523.00
1603.00 624.00
1784.00 619.00
1446.00 638.00
383.00 584.00
54.00 574.00
96.00 589.00
1666.00 653.00
342.00 618.00
1558.00 669.00
1417.00 683.00
439.00 640.00
1349.00 705.00
165.00 667.00
41.00 629.00
1911.00 721.00
271.00 639.00
197.00 711.00
238.00 690.00
301.00 715.00
1451.00 785.00
63.00 720.00
491.00 822.00
230.00 752.00
320.00 765.00
304.00 834.00
351.00 848.00
347.00 904.00
414.00 905.00
1479.00 982.00
1571.00 1137.00
1617.00 1150.00
1569.00 1179.00
1641.00 1200.00
1477.00 1199.00
1590.00 1230.00
1816.00 1408.00
