32.00 49.00
664.00 72.00
110.00 133.00
20.00 165.00
686.00 121.00
1911.00 149.00
880.00 128.00
932.00 141.00
282.00 187.00
705.00 166.00
422.00 208.00
135.00 209.00
733.00 224.00
1332.00 235.00
1552.00 251.00
712.00 341.00
516.00 359.00
637.00 367.00
1703.00 394.00
764.00 443.00
1271.00 422.00
1133.00 427.00
932.00 425.00
1087.00 427.00
510.00 434.00
601.00 463.00
1023.00 471.00
711.00 476.00
1112.00 490.00
1305.00 496.00
666.00 539.00
1434.00 529.00
1106.00 532.00
1065.00 533.00
335.00 567.00
391.00 573.00
739.00 597.00
1479.00 621.00
800.00 621.00
693.00 622.00
192.00 646.00
871.00 664.00
639.00 665.00
915.00 688.00
1706.00 687.00
962.00 717.00
1010.00 738.00
1221.00 738.00
1262.00 750.00
1064.00 744.00
1383.00 760.00
1319.00 797.00
1322.00 846.00
1173.00 909.00
1253.00 888.00
1029.00 919.00
1492.00 1248.00
1597.00 1301.00
1716.00 1369.00
1079.00 1382.00
1356.00 1470.00
1308.00 1469.00
