1258.00 10.00
1717.00 71.00
1819.00 14.00
759.00 46.00
926.00 47.00
2015.00 101.00
1312.00 108.00
790.00 94.00
975.00 127.00
261.00 88.00
725.00 166.00
862.00 168.00
1081.00 199.00
255.00 194.00
1375.00 296.00
447.00 238.00
1924.00 284.00
922.00 248.00
1486.00 304.00
251.00 239.00
778.00 248.00
339.00 256.00
1188.00 322.00
2031.00 298.00
1128.00 323.00
1053.00 326.00
1300.00 330.00
662.00 292.00
1798.00 305.00
1300.00 378.00
1250.00 378.00
1385.00 420.00
1462.00 428.00
1605.00 422.00
1505.00 440.00
1047.00 423.00
1176.00 448.00
1680.00 447.00
937.00 473.00
1015.00 469.00
888.00 463.00
1346.00 485.00
557.00 446.00
1916.00 492.00
730.00 488.00
1094.00 527.00
1316.00 538.00
467.00 518.00
1017.00 566.00
552.00 518.00
1217.00 577.00
856.00 569.00
1091.00 608.00
1971.00 600.00
1473.00 601.00
1858.00 602.00
943.00 617.00
1223.00 630.00
988.00 639.00
469.00 632.00
1435.00 674.00
1790.00 662.00
1199.00 755.00
1959.00 706.00
546.00 687.00
597.00 688.00
1743.00 715.00
1112.00 729.00
1319.00 773.00
1600.00 743.00
1840.00 750.00
1747.00 774.00
601.00 784.00
864.00 817.00
267.00 847.00
333.00 862.00
919.00 854.00
602.00 914.00
688.00 914.00
504.00 903.00
936.00 979.00
919.00 1041.00
975.00 1021.00
756.00 1095.00
808.00 1094.00
919.00 1094.00
1835.00 1092.00
1137.00 1132.00
1330.00 1134.00
1277.00 1143.00
918.00 1173.00
744.00 1272.00
1831.00 1239.00
652.00 1399.00
