1904.00 80.00
168.00 23.00
1637.00 108.00
765.00 55.00
66.00 47.00
598.00 88.00
219.00 74.00
322.00 121.00
410.00 125.00
270.00 122.00
1557.00 220.00
1483.00 238.00
1609.00 237.00
347.00 193.00
398.00 196.00
1383.00 263.00
524.00 255.00
1135.00 335.00
1285.00 367.00
896.00 352.00
1407.00 368.00
1879.00 383.00
1621.00 364.00
128.00 373.00
1351.00 415.00
498.00 407.00
1151.00 391.00
8.00 377.00
1002.00 424.00
1821.00 422.00
824.00 414.00
1496.00 461.00
728.00 434.00
619.00 432.00
125.00 426.00
406.00 434.00
269.00 444.00
1741.00 463.00
2020.00 466.00
543.00 465.00
1026.00 474.00
1625.00 474.00
764.00 475.00
492.00 479.00
879.00 503.00
447.00 485.00
671.00 479.00
402.00 484.00
1451.00 531.00
517.00 532.00
659.00 536.00
1502.00 575.00
1653.00 542.00
1744.00 544.00
994.00 549.00
1977.00 550.00
787.00 551.00
1344.00 552.00
1831.00 543.00
1246.00 552.00
354.00 581.00
442.00 599.00
1633.00 606.00
1296.00 585.00
539.00 573.00
1696.00 590.00
1801.00 592.00
701.00 595.00
1167.00 608.00
819.00 611.00
1361.00 593.00
1749.00 608.00
512.00 637.00
1297.00 626.00
995.00 632.00
1682.00 659.00
393.00 656.00
1974.00 650.00
1154.00 651.00
1302.00 691.00
575.00 687.00
1148.00 703.00
1888.00 683.00
928.00 694.00
1349.00 676.00
347.00 687.00
1666.00 705.00
1057.00 710.00
1232.00 704.00
1849.00 746.00
1798.00 745.00
1382.00 754.00
1154.00 750.00
1109.00 776.00
270.00 769.00
940.00 792.00
489.00 799.00
1816.00 815.00
1231.00 834.00
1517.00 867.00
929.00 834.00
1935.00 868.00
1476.00 856.00
1869.00 869.00
1142.00 875.00
951.00 889.00
1519.00 909.00
374.00 909.00
426.00 914.00
1880.00 926.00
1042.00 930.00
1806.00 945.00
1188.00 923.00
2001.00 946.00
1424.00 917.00
424.00 962.00
1814.00 993.00
1681.00 993.00
1749.00 993.00
1523.00 969.00
1437.00 995.00
1249.00 997.00
1163.00 998.00
1000.00 1001.00
1662.00 1044.00
1492.00 1045.00
1343.00 1044.00
1392.00 1046.00
1440.00 1045.00
1000.00 1045.00
1079.00 1044.00
1120.00 1045.00
1162.00 1044.00
1206.00 1045.00
1756.00 1093.00
1715.00 1094.00
1079.00 1092.00
1124.00 1091.00
1165.00 1092.00
1208.00 1093.00
1666.00 1097.00
1393.00 1095.00
1445.00 1096.00
1495.00 1096.00
1825.00 1141.00
1727.00 1147.00
1040.00 1139.00
1081.00 1138.00
1122.00 1140.00
1166.00 1140.00
1207.00 1142.00
1255.00 1142.00
1299.00 1144.00
1670.00 1151.00
477.00 1160.00
1397.00 1148.00
1448.00 1149.00
1532.00 1151.00
536.00 1122.00
1945.00 1182.00
1888.00 1187.00
1040.00 1184.00
1082.00 1186.00
1123.00 1188.00
1166.00 1189.00
1209.00 1191.00
1255.00 1193.00
1302.00 1195.00
1350.00 1196.00
1398.00 1198.00
1673.00 1204.00
1450.00 1201.00
2006.00 1223.00
984.00 1228.00
1042.00 1231.00
1083.00 1234.00
1124.00 1236.00
1168.00 1237.00
1211.00 1240.00
1258.00 1242.00
1303.00 1246.00
1352.00 1248.00
1699.00 1254.00
1400.00 1252.00
1453.00 1254.00
1503.00 1257.00
1983.00 1274.00
1926.00 1279.00
557.00 1286.00
1083.00 1281.00
1124.00 1283.00
1836.00 1293.00
1170.00 1289.00
496.00 1307.00
1772.00 1300.00
1260.00 1295.00
1306.00 1297.00
1355.00 1301.00
1402.00 1304.00
1703.00 1309.00
1987.00 1324.00
1454.00 1308.00
1505.00 1311.00
1024.00 1325.00
1084.00 1330.00
1869.00 1340.00
1125.00 1333.00
1170.00 1337.00
1260.00 1345.00
1306.00 1348.00
1929.00 1365.00
1356.00 1352.00
1405.00 1357.00
1683.00 1366.00
1456.00 1361.00
1508.00 1367.00
1686.00 1407.00
1545.00 1409.00
1040.00 1416.00
429.00 1451.00
316.00 1479.00
1690.00 1453.00
1548.00 1457.00
368.00 1487.00
1477.00 1488.00
1713.00 1499.00
1773.00 1497.00
1994.00 1525.00
