831.00 9.00
1487.00 84.00
1724.00 104.00
664.00 121.00
1376.00 140.00
1608.00 193.00
558.00 143.00
72.00 134.00
1993.00 191.00
1670.00 224.00
1381.00 227.00
277.00 220.00
1856.00 269.00
1611.00 247.00
1553.00 264.00
1259.00 263.00
1799.00 256.00
1173.00 278.00
1727.00 328.00
1616.00 312.00
575.00 303.00
1490.00 322.00
1544.00 312.00
920.00 318.00
1270.00 331.00
789.00 339.00
1385.00 337.00
216.00 319.00
1152.00 343.00
1680.00 359.00
601.00 367.00
912.00 365.00
1247.00 389.00
813.00 391.00
1560.00 384.00
1503.00 399.00
140.00 395.00
1894.00 432.00
984.00 420.00
277.00 415.00
1134.00 432.00
1423.00 438.00
599.00 425.00
1623.00 432.00
1685.00 432.00
786.00 465.00
1751.00 471.00
1247.00 475.00
558.00 462.00
1816.00 480.00
1143.00 473.00
640.00 475.00
978.00 482.00
208.00 484.00
1084.00 487.00
89.00 483.00
1391.00 521.00
1450.00 536.00
1755.00 535.00
663.00 522.00
300.00 498.00
893.00 524.00
1888.00 534.00
1305.00 539.00
785.00 535.00
1630.00 544.00
1693.00 547.00
1568.00 551.00
1312.00 608.00
1512.00 608.00
1079.00 581.00
852.00 602.00
540.00 604.00
741.00 599.00
959.00 609.00
1069.00 630.00
255.00 621.00
624.00 637.00
200.00 657.00
259.00 670.00
506.00 656.00
1382.00 690.00
1834.00 694.00
2016.00 711.00
1160.00 739.00
922.00 728.00
842.00 743.00
1578.00 737.00
1399.00 749.00
1838.00 744.00
996.00 778.00
562.00 771.00
745.00 782.00
629.00 794.00
1847.00 855.00
249.00 851.00
861.00 850.00
1153.00 861.00
947.00 877.00
1758.00 903.00
1851.00 910.00
981.00 920.00
513.00 932.00
914.00 942.00
1855.00 961.00
1790.00 1000.00
39.00 1171.00
