916.00 29.00
1207.00 39.00
1048.00 32.00
1301.00 19.00
976.00 19.00
701.00 26.00
1547.00 57.00
1679.00 63.00
105.00 27.00
678.00 72.00
1375.00 100.00
1231.00 111.00
1776.00 98.00
1147.00 113.00
799.00 103.00
102.00 71.00
263.00 97.00
581.00 107.00
1580.00 134.00
708.00 142.00
1103.00 145.00
1527.00 146.00
750.00 152.00
1759.00 152.00
857.00 149.00
906.00 157.00
1177.00 162.00
626.00 141.00
199.00 119.00
1419.00 171.00
96.00 137.00
506.00 148.00
1807.00 158.00
1695.00 179.00
678.00 183.00
1210.00 207.00
747.00 207.00
927.00 198.00
1855.00 216.00
1585.00 216.00
636.00 197.00
1156.00 221.00
989.00 226.00
1424.00 226.00
1917.00 225.00
526.00 197.00
805.00 224.00
1784.00 249.00
706.00 240.00
1725.00 259.00
631.00 250.00
1021.00 278.00
1075.00 296.00
191.00 220.00
397.00 223.00
1166.00 287.00
693.00 288.00
1301.00 317.00
1495.00 328.00
487.00 298.00
829.00 312.00
1743.00 320.00
1005.00 335.00
1133.00 343.00
1359.00 368.00
932.00 375.00
389.00 336.00
657.00 335.00
973.00 376.00
98.00 332.00
1315.00 362.00
1920.00 359.00
1156.00 384.00
1355.00 413.00
972.00 420.00
931.00 423.00
43.00 393.00
384.00 427.00
1255.00 487.00
186.00 439.00
1019.00 470.00
128.00 454.00
64.00 482.00
592.00 454.00
1194.00 494.00
38.00 441.00
870.00 500.00
1560.00 532.00
381.00 494.00
297.00 494.00
1664.00 542.00
1049.00 532.00
1520.00 577.00
652.00 561.00
15.00 552.00
510.00 562.00
375.00 573.00
470.00 604.00
138.00 577.00
1358.00 596.00
1616.00 576.00
304.00 608.00
1261.00 596.00
51.00 612.00
637.00 614.00
1172.00 635.00
154.00 633.00
873.00 643.00
1575.00 663.00
247.00 672.00
343.00 655.00
44.00 702.00
519.00 680.00
1578.00 728.00
151.00 705.00
1122.00 728.00
983.00 708.00
38.00 760.00
1564.00 783.00
364.00 765.00
463.00 770.00
524.00 774.00
279.00 778.00
750.00 788.00
127.00 786.00
1394.00 797.00
32.00 824.00
1344.00 814.00
804.00 824.00
359.00 833.00
1063.00 826.00
460.00 819.00
647.00 871.00
104.00 842.00
1132.00 872.00
827.00 878.00
988.00 871.00
1054.00 878.00
455.00 908.00
610.00 927.00
327.00 941.00
907.00 939.00
682.00 957.00
1174.00 958.00
1221.00 959.00
19.00 978.00
1085.00 953.00
977.00 980.00
313.00 1004.00
406.00 1000.00
1120.00 994.00
664.00 1002.00
1382.00 1005.00
776.00 1009.00
484.00 1048.00
33.00 1063.00
99.00 1040.00
586.00 1041.00
328.00 1079.00
460.00 1130.00
968.00 1200.00
71.00 1251.00
1390.00 1241.00
1469.00 1247.00
1714.00 1260.00
912.00 1247.00
102.00 1319.00
1995.00 1301.00
869.00 1313.00
1831.00 1356.00
691.00 1392.00
1710.00 1447.00
1791.00 1456.00
613.00 1478.00
741.00 1464.00
