1272.00 29.00
1267.00 71.00
1920.00 69.00
792.00 70.00
1987.00 123.00
1704.00 122.00
501.00 89.00
619.00 95.00
1878.00 103.00
1130.00 131.00
1832.00 172.00
1639.00 144.00
1386.00 159.00
833.00 155.00
1054.00 160.00
1757.00 167.00
989.00 175.00
1194.00 217.00
1693.00 226.00
1145.00 230.00
943.00 234.00
592.00 225.00
1048.00 242.00
1687.00 292.00
1390.00 287.00
1959.00 284.00
1384.00 337.00
1614.00 361.00
165.00 301.00
1749.00 397.00
1563.00 350.00
798.00 350.00
1289.00 351.00
1135.00 399.00
1454.00 399.00
1534.00 409.00
367.00 383.00
1658.00 420.00
1824.00 421.00
1880.00 422.00
935.00 409.00
754.00 408.00
479.00 407.00
1177.00 431.00
1419.00 440.00
1477.00 442.00
1688.00 461.00
1641.00 483.00
1871.00 464.00
1032.00 470.00
1289.00 473.00
1088.00 491.00
1828.00 479.00
165.00 440.00
1393.00 505.00
65.00 450.00
813.00 471.00
1691.00 512.00
1479.00 488.00
977.00 507.00
2003.00 521.00
1800.00 522.00
1645.00 541.00
372.00 500.00
1436.00 526.00
884.00 549.00
1712.00 557.00
312.00 519.00
1093.00 550.00
668.00 568.00
1045.00 590.00
1434.00 575.00
965.00 588.00
1442.00 626.00
505.00 570.00
439.00 579.00
1338.00 609.00
917.00 629.00
1281.00 624.00
1577.00 696.00
814.00 629.00
769.00 646.00
973.00 638.00
585.00 669.00
1719.00 669.00
208.00 671.00
1054.00 666.00
20.00 673.00
688.00 680.00
843.00 672.00
890.00 688.00
949.00 721.00
1677.00 708.00
63.00 695.00
1741.00 728.00
1797.00 714.00
849.00 715.00
546.00 729.00
1679.00 751.00
1003.00 737.00
1296.00 744.00
1724.00 776.00
1818.00 759.00
1376.00 784.00
218.00 745.00
1084.00 773.00
594.00 780.00
270.00 785.00
1027.00 787.00
1671.00 792.00
360.00 796.00
643.00 808.00
784.00 816.00
266.00 838.00
1175.00 856.00
693.00 836.00
907.00 841.00
1016.00 839.00
1490.00 851.00
1662.00 835.00
813.00 865.00
854.00 865.00
1395.00 882.00
1534.00 879.00
490.00 889.00
242.00 886.00
1291.00 886.00
1560.00 928.00
1611.00 940.00
29.00 947.00
993.00 939.00
347.00 971.00
499.00 958.00
197.00 990.00
1033.00 993.00
304.00 1015.00
178.00 1038.00
231.00 1039.00
1560.00 1046.00
302.00 1086.00
389.00 1125.00
144.00 1136.00
519.00 1147.00
247.00 1158.00
677.00 1143.00
415.00 1178.00
271.00 1199.00
317.00 1196.00
56.00 1371.00
1014.00 1360.00
695.00 1407.00
736.00 1408.00
1198.00 1404.00
705.00 1475.00
138.00 1484.00
857.00 1452.00
1242.00 1462.00
684.00 1521.00
