94.00 74.00
610.00 87.00
1686.00 58.00
560.00 152.00
1683.00 112.00
460.00 207.00
1196.00 204.00
1400.00 153.00
544.00 232.00
1150.00 223.00
1432.00 215.00
1700.00 215.00
1304.00 248.00
534.00 323.00
1146.00 308.00
1208.00 319.00
336.00 351.00
775.00 339.00
719.00 347.00
1518.00 309.00
992.00 336.00
467.00 363.00
1215.00 366.00
1927.00 359.00
569.00 376.00
616.00 385.00
1473.00 368.00
1158.00 371.00
751.00 410.00
1524.00 397.00
1360.00 417.00
431.00 464.00
1737.00 443.00
765.00 452.00
1239.00 452.00
879.00 488.00
1529.00 447.00
473.00 504.00
1064.00 465.00
1856.00 505.00
1898.00 514.00
390.00 583.00
1239.00 542.00
1485.00 536.00
261.00 609.00
1610.00 573.00
1563.00 588.00
718.00 616.00
1783.00 587.00
922.00 595.00
1875.00 586.00
440.00 603.00
1328.00 595.00
774.00 631.00
879.00 645.00
650.00 656.00
576.00 664.00
1777.00 630.00
952.00 647.00
1107.00 655.00
72.00 687.00
1187.00 665.00
984.00 696.00
324.00 702.00
688.00 697.00
1271.00 714.00
1443.00 687.00
1786.00 699.00
1602.00 699.00
1982.00 692.00
351.00 752.00
1057.00 729.00
1656.00 727.00
1464.00 731.00
1818.00 749.00
440.00 749.00
1657.00 773.00
1295.00 784.00
1412.00 799.00
1346.00 810.00
1888.00 849.00
1481.00 823.00
1262.00 832.00
1753.00 855.00
535.00 895.00
1195.00 842.00
403.00 882.00
1489.00 867.00
1568.00 890.00
1880.00 903.00
1942.00 896.00
1486.00 914.00
1195.00 906.00
405.00 952.00
1716.00 954.00
1572.00 966.00
1501.00 983.00
1822.00 986.00
1959.00 984.00
560.00 992.00
1578.00 1055.00
1631.00 1065.00
1813.00 1066.00
1890.00 1167.00
1764.00 1194.00
1630.00 1246.00
1677.00 1248.00
1954.00 1254.00
1739.00 1265.00
1848.00 1256.00
1516.00 1281.00
2014.00 1360.00
1443.00 1375.00
