1299.00 124.00
1036.00 159.00
679.00 163.00
737.00 162.00
151.00 56.00
952.00 358.00
1475.00 277.00
910.00 379.00
896.00 298.00
459.00 264.00
537.00 306.00
379.00 274.00
214.00 294.00
567.00 380.00
1534.00 456.00
398.00 347.00
1252.00 460.00
1396.00 468.00
1347.00 472.00
492.00 406.00
640.00 459.00
393.00 438.00
1089.00 454.00
952.00 479.00
900.00 479.00
1319.00 517.00
486.00 490.00
1117.00 572.00
1183.00 538.00
1227.00 550.00
926.00 536.00
583.00 517.00
755.00 584.00
583.00 558.00
542.00 561.00
1599.00 634.00
756.00 635.00
797.00 668.00
915.00 667.00
1359.00 704.00
975.00 720.00
794.00 732.00
1314.00 812.00
953.00 799.00
1020.00 810.00
857.00 822.00
773.00 863.00
1338.00 876.00
