495.00 29.00
196.00 47.00
682.00 56.00
371.00 70.00
782.00 32.00
1033.00 29.00
290.00 118.00
638.00 91.00
547.00 120.00
1875.00 8.00
946.00 101.00
707.00 118.00
365.00 151.00
519.00 168.00
1965.00 23.00
574.00 175.00
307.00 189.00
891.00 169.00
621.00 184.00
362.00 209.00
1033.00 139.00
1619.00 122.00
420.00 210.00
1086.00 161.00
1905.00 111.00
1693.00 120.00
680.00 213.00
1574.00 151.00
523.00 244.00
282.00 277.00
962.00 215.00
1793.00 176.00
1279.00 248.00
634.00 238.00
1902.00 170.00
1613.00 227.00
1745.00 240.00
400.00 333.00
632.00 313.00
1698.00 245.00
887.00 298.00
1599.00 284.00
1988.00 255.00
422.00 375.00
1014.00 338.00
1535.00 317.00
1451.00 329.00
573.00 390.00
1926.00 342.00
1559.00 365.00
1312.00 415.00
608.00 436.00
370.00 453.00
1998.00 359.00
650.00 442.00
1648.00 392.00
513.00 472.00
708.00 462.00
1768.00 421.00
1361.00 464.00
1927.00 432.00
503.00 527.00
1857.00 463.00
2012.00 488.00
1462.00 499.00
426.00 550.00
1725.00 520.00
1330.00 509.00
1391.00 527.00
1939.00 524.00
1880.00 542.00
1616.00 551.00
405.00 624.00
1712.00 592.00
1335.00 573.00
463.00 652.00
339.00 669.00
926.00 662.00
1637.00 614.00
1989.00 609.00
389.00 669.00
1944.00 618.00
1427.00 687.00
1623.00 686.00
452.00 741.00
1682.00 765.00
1412.00 742.00
1628.00 752.00
376.00 806.00
535.00 797.00
1158.00 778.00
476.00 804.00
1354.00 794.00
1584.00 799.00
1528.00 806.00
1971.00 831.00
476.00 854.00
1231.00 831.00
1632.00 839.00
1889.00 862.00
1222.00 877.00
1479.00 890.00
542.00 906.00
1433.00 858.00
482.00 907.00
1565.00 872.00
2017.00 910.00
1269.00 906.00
1319.00 919.00
498.00 949.00
1658.00 934.00
1435.00 918.00
1337.00 993.00
1641.00 988.00
1970.00 1022.00
467.00 1005.00
1484.00 1016.00
1400.00 1072.00
2039.00 1113.00
516.00 1140.00
1175.00 1237.00
1971.00 1262.00
383.00 1174.00
1298.00 1242.00
1517.00 1251.00
1471.00 1278.00
1636.00 1285.00
736.00 1314.00
1214.00 1319.00
1607.00 1333.00
1559.00 1337.00
907.00 1356.00
1646.00 1378.00
1179.00 1362.00
1503.00 1373.00
633.00 1353.00
575.00 1358.00
1182.00 1405.00
773.00 1397.00
732.00 1399.00
543.00 1420.00
1627.00 1477.00
1696.00 1496.00
1181.00 1448.00
1533.00 1517.00
529.00 1487.00
