970.00 70.00
821.00 119.00
864.00 132.00
376.00 124.00
823.00 258.00
422.00 259.00
879.00 391.00
1112.00 443.00
272.00 374.00
1071.00 457.00
89.00 362.00
1245.00 503.00
526.00 471.00
438.00 550.00
1169.00 603.00
582.00 573.00
479.00 572.00
662.00 601.00
280.00 599.00
441.00 615.00
615.00 628.00
696.00 654.00
1150.00 703.00
1296.00 701.00
1109.00 709.00
438.00 695.00
309.00 700.00
957.00 755.00
732.00 744.00
365.00 740.00
136.00 751.00
320.00 763.00
1298.00 813.00
1250.00 817.00
414.00 795.00
614.00 804.00
924.00 828.00
303.00 862.00
702.00 879.00
776.00 899.00
287.00 903.00
410.00 907.00
193.00 927.00
884.00 952.00
529.00 947.00
778.00 952.00
274.00 960.00
199.00 968.00
421.00 971.00
955.00 995.00
56.00 998.00
783.00 1030.00
1092.00 1034.00
631.00 1034.00
63.00 1046.00
950.00 1049.00
994.00 1048.00
1238.00 1047.00
1084.00 1082.00
1020.00 1100.00
924.00 1121.00
813.00 1142.00
360.00 1157.00
511.00 1174.00
997.00 1190.00
921.00 1193.00
522.00 1222.00
826.00 1215.00
435.00 1249.00
906.00 1246.00
864.00 1261.00
974.00 1265.00
1232.00 1298.00
941.00 1330.00
903.00 1395.00
1177.00 1384.00
103.00 1432.00
829.00 1449.00
1091.00 1485.00
974.00 1500.00
