596.00 12.00
539.00 17.00
485.00 22.00
982.00 22.00
847.00 44.00
679.00 52.00
590.00 58.00
924.00 55.00
364.00 94.00
490.00 85.00
986.00 82.00
1543.00 73.00
534.00 89.00
1511.00 136.00
1688.00 133.00
285.00 165.00
923.00 131.00
993.00 149.00
497.00 171.00
700.00 164.00
598.00 168.00
797.00 183.00
1257.00 174.00
362.00 206.00
695.00 213.00
996.00 190.00
1111.00 189.00
1063.00 191.00
1324.00 185.00
1489.00 182.00
1159.00 189.00
1213.00 188.00
1376.00 218.00
839.00 231.00
1000.00 236.00
1254.00 233.00
922.00 243.00
596.00 263.00
769.00 260.00
922.00 294.00
1294.00 290.00
1439.00 288.00
1774.00 287.00
312.00 333.00
378.00 345.00
684.00 329.00
812.00 343.00
1001.00 335.00
921.00 352.00
1225.00 342.00
671.00 383.00
1182.00 375.00
1137.00 376.00
1231.00 383.00
1557.00 374.00
1337.00 390.00
1709.00 416.00
313.00 442.00
1558.00 416.00
1604.00 445.00
515.00 471.00
708.00 482.00
1509.00 471.00
1561.00 471.00
1344.00 504.00
657.00 513.00
1385.00 500.00
1661.00 492.00
1055.00 508.00
1512.00 517.00
836.00 523.00
886.00 534.00
541.00 528.00
1614.00 516.00
1186.00 554.00
530.00 569.00
653.00 570.00
1243.00 569.00
978.00 573.00
1456.00 576.00
305.00 604.00
1146.00 599.00
351.00 612.00
1366.00 601.00
802.00 609.00
462.00 624.00
1528.00 613.00
1215.00 615.00
759.00 637.00
1096.00 648.00
1275.00 652.00
1570.00 653.00
1461.00 663.00
630.00 664.00
697.00 665.00
1217.00 664.00
1150.00 686.00
1618.00 680.00
373.00 686.00
1401.00 669.00
442.00 696.00
325.00 696.00
484.00 699.00
1772.00 691.00
1729.00 696.00
1293.00 693.00
1095.00 720.00
788.00 707.00
1416.00 719.00
683.00 718.00
1463.00 729.00
1251.00 710.00
325.00 765.00
410.00 776.00
1368.00 770.00
1847.00 761.00
1218.00 765.00
918.00 782.00
997.00 765.00
1265.00 766.00
1454.00 801.00
1411.00 811.00
1565.00 821.00
1468.00 846.00
1404.00 860.00
570.00 855.00
1648.00 876.00
633.00 887.00
754.00 893.00
1689.00 953.00
1401.00 995.00
1817.00 1001.00
1695.00 1017.00
1637.00 1034.00
1406.00 1082.00
1603.00 1185.00
428.00 1224.00
1102.00 1243.00
529.00 1302.00
910.00 1352.00
511.00 1346.00
