1087.00 29.00
1026.00 98.00
1040.00 167.00
915.00 296.00
1469.00 139.00
1301.00 256.00
1469.00 184.00
1703.00 139.00
1360.00 263.00
846.00 435.00
781.00 559.00
721.00 597.00
1063.00 598.00
1112.00 600.00
1167.00 624.00
1027.00 652.00
1366.00 622.00
717.00 801.00
1328.00 801.00
1027.00 842.00
1115.00 869.00
1167.00 877.00
1058.00 885.00
1399.00 874.00
700.00 962.00
1392.00 931.00
1296.00 1057.00
685.00 1155.00
798.00 1184.00
1057.00 1227.00
1415.00 1244.00
1338.00 1407.00
871.00 1463.00
1029.00 1487.00
939.00 1514.00
