1024.00 8.00
816.00 20.00
569.00 38.00
325.00 35.00
935.00 127.00
845.00 121.00
580.00 117.00
889.00 163.00
1251.00 239.00
563.00 159.00
1191.00 244.00
395.00 182.00
884.00 235.00
1287.00 308.00
737.00 257.00
557.00 251.00
780.00 263.00
942.00 330.00
638.00 303.00
516.00 291.00
319.00 277.00
429.00 321.00
207.00 286.00
367.00 312.00
698.00 351.00
849.00 362.00
1047.00 360.00
1142.00 392.00
1298.00 411.00
520.00 353.00
95.00 348.00
582.00 407.00
876.00 477.00
1295.00 483.00
366.00 426.00
1024.00 477.00
118.00 418.00
169.00 423.00
932.00 492.00
285.00 460.00
583.00 525.00
735.00 505.00
195.00 491.00
912.00 539.00
1290.00 571.00
511.00 528.00
1172.00 571.00
397.00 538.00
280.00 545.00
944.00 586.00
865.00 591.00
992.00 607.00
1173.00 614.00
1265.00 624.00
1080.00 618.00
425.00 597.00
130.00 581.00
771.00 632.00
942.00 639.00
861.00 646.00
934.00 693.00
661.00 705.00
912.00 751.00
393.00 749.00
672.00 786.00
810.00 867.00
759.00 873.00
1039.00 980.00
953.00 1189.00
1182.00 1194.00
905.00 1281.00
