1471.00 39.00
1555.00 79.00
1482.00 117.00
1335.00 95.00
1416.00 114.00
1439.00 161.00
1110.00 134.00
1377.00 166.00
1172.00 155.00
759.00 107.00
1536.00 220.00
311.00 22.00
717.00 94.00
1455.00 208.00
968.00 147.00
1322.00 207.00
691.00 135.00
924.00 181.00
975.00 190.00
839.00 155.00
1055.00 218.00
1343.00 281.00
1416.00 304.00
867.00 224.00
1190.00 257.00
1129.00 293.00
1083.00 299.00
614.00 210.00
664.00 223.00
751.00 245.00
816.00 264.00
455.00 238.00
1318.00 353.00
1135.00 344.00
592.00 271.00
78.00 204.00
1075.00 353.00
960.00 329.00
671.00 289.00
822.00 306.00
754.00 309.00
1026.00 368.00
864.00 350.00
1437.00 452.00
997.00 424.00
688.00 360.00
809.00 408.00
1505.00 480.00
927.00 420.00
480.00 373.00
92.00 334.00
323.00 385.00
641.00 395.00
873.00 454.00
1426.00 528.00
589.00 434.00
319.00 451.00
832.00 483.00
49.00 428.00
671.00 480.00
527.00 482.00
890.00 530.00
377.00 457.00
600.00 495.00
1432.00 591.00
806.00 543.00
1489.00 646.00
629.00 581.00
422.00 562.00
463.00 568.00
871.00 618.00
1112.00 640.00
266.00 575.00
966.00 629.00
790.00 623.00
1057.00 643.00
585.00 608.00
1190.00 660.00
1012.00 677.00
919.00 661.00
201.00 623.00
533.00 637.00
415.00 641.00
559.00 679.00
349.00 673.00
920.00 715.00
428.00 687.00
13.00 660.00
1191.00 743.00
768.00 731.00
600.00 723.00
372.00 715.00
1282.00 785.00
546.00 746.00
505.00 772.00
397.00 765.00
1421.00 847.00
653.00 804.00
822.00 822.00
369.00 808.00
889.00 860.00
804.00 864.00
1175.00 910.00
1162.00 975.00
424.00 984.00
506.00 982.00
1413.00 1104.00
1181.00 1116.00
1628.00 1173.00
1012.00 1162.00
937.00 1232.00
763.00 1301.00
1338.00 1322.00
1324.00 1397.00
925.00 1501.00
1285.00 1487.00
