852.00 29.00
81.00 60.00
1703.00 40.00
904.00 23.00
1190.00 87.00
832.00 81.00
911.00 78.00
682.00 132.00
1704.00 104.00
816.00 131.00
316.00 177.00
1777.00 157.00
1712.00 170.00
594.00 209.00
1236.00 208.00
830.00 214.00
905.00 223.00
787.00 213.00
1782.00 214.00
1716.00 229.00
231.00 248.00
1537.00 233.00
984.00 254.00
1482.00 241.00
611.00 260.00
512.00 267.00
1761.00 256.00
655.00 303.00
696.00 345.00
999.00 318.00
1069.00 326.00
800.00 353.00
1174.00 337.00
1899.00 345.00
88.00 343.00
958.00 345.00
903.00 349.00
167.00 351.00
1243.00 344.00
208.00 355.00
1310.00 351.00
40.00 392.00
1375.00 357.00
1768.00 341.00
454.00 376.00
661.00 392.00
1989.00 383.00
1503.00 370.00
609.00 379.00
704.00 403.00
1565.00 377.00
236.00 419.00
306.00 400.00
1622.00 383.00
1679.00 389.00
915.00 450.00
1384.00 432.00
690.00 455.00
319.00 447.00
496.00 451.00
557.00 455.00
838.00 495.00
607.00 455.00
1242.00 477.00
736.00 483.00
1426.00 455.00
1816.00 455.00
1887.00 485.00
368.00 479.00
1565.00 492.00
1044.00 495.00
615.00 518.00
970.00 500.00
1292.00 482.00
1639.00 519.00
1200.00 516.00
425.00 505.00
1485.00 522.00
1718.00 537.00
760.00 547.00
52.00 568.00
1431.00 547.00
703.00 583.00
1268.00 621.00
1576.00 593.00
744.00 607.00
615.00 607.00
1645.00 605.00
825.00 634.00
614.00 661.00
672.00 662.00
747.00 666.00
867.00 651.00
149.00 683.00
416.00 680.00
1436.00 682.00
481.00 697.00
1229.00 727.00
795.00 779.00
1373.00 813.00
665.00 887.00
1284.00 881.00
1357.00 910.00
833.00 915.00
771.00 976.00
845.00 1076.00
663.00 1076.00
844.00 1130.00
625.00 1175.00
576.00 1194.00
751.00 1212.00
798.00 1235.00
556.00 1246.00
846.00 1223.00
844.00 1271.00
763.00 1283.00
566.00 1295.00
852.00 1317.00
422.00 1351.00
736.00 1356.00
949.00 1399.00
703.00 1410.00
520.00 1423.00
456.00 1431.00
