1298.00 450.00
1303.00 535.00
1830.00 509.00
1740.00 528.00
1304.00 604.00
1800.00 562.00
784.00 716.00
1306.00 680.00
1974.00 625.00
934.00 772.00
1380.00 770.00
935.00 836.00
589.00 927.00
935.00 877.00
1576.00 845.00
1092.00 942.00
729.00 955.00
2022.00 831.00
1091.00 992.00
1003.00 992.00
1136.00 1005.00
1560.00 928.00
1886.00 916.00
1946.00 942.00
581.00 1086.00
727.00 1055.00
914.00 1083.00
1252.00 1028.00
1584.00 1010.00
1748.00 963.00
2109.00 990.00
902.00 1128.00
1279.00 1074.00
1586.00 1071.00
581.00 1127.00
1727.00 1053.00
727.00 1119.00
1988.00 1040.00
759.00 1181.00
1878.00 1079.00
1010.00 1162.00
699.00 1201.00
582.00 1219.00
1521.00 1118.00
2006.00 1108.00
764.00 1231.00
1420.00 1163.00
1009.00 1214.00
1905.00 1144.00
581.00 1262.00
1183.00 1197.00
1254.00 1216.00
1973.00 1155.00
845.00 1252.00
1338.00 1202.00
637.00 1290.00
1108.00 1255.00
1446.00 1228.00
2003.00 1196.00
1717.00 1219.00
1153.00 1252.00
1340.00 1264.00
846.00 1296.00
1110.00 1305.00
982.00 1302.00
718.00 1322.00
1450.00 1272.00
1507.00 1270.00
894.00 1330.00
1903.00 1251.00
1585.00 1296.00
949.00 1361.00
1293.00 1324.00
845.00 1350.00
1198.00 1335.00
696.00 1372.00
1485.00 1326.00
1086.00 1349.00
606.00 1381.00
2084.00 1295.00
1646.00 1336.00
800.00 1392.00
1587.00 1339.00
1997.00 1336.00
845.00 1391.00
946.00 1402.00
1198.00 1389.00
2039.00 1357.00
692.00 1427.00
740.00 1427.00
905.00 1421.00
1081.00 1418.00
1039.00 1423.00
782.00 1440.00
1739.00 1396.00
2112.00 1381.00
1122.00 1432.00
1351.00 1440.00
967.00 1464.00
707.00 1478.00
903.00 1473.00
1660.00 1440.00
1515.00 1423.00
1723.00 1448.00
1042.00 1475.00
659.00 1503.00
1199.00 1464.00
974.00 1512.00
821.00 1512.00
1151.00 1489.00
720.00 1529.00
1096.00 1530.00
2135.00 1476.00
1867.00 1481.00
1317.00 1515.00
1015.00 1532.00
2077.00 1500.00
666.00 1573.00
1180.00 1554.00
801.00 1561.00
1861.00 1560.00
615.00 1589.00
1245.00 1566.00
1565.00 1567.00
666.00 1614.00
1983.00 1573.00
719.00 1629.00
1383.00 1608.00
1266.00 1617.00
1522.00 1618.00
1583.00 1608.00
1619.00 1652.00
719.00 1670.00
1154.00 1670.00
1749.00 1660.00
1861.00 1669.00
1532.00 1674.00
1576.00 1675.00
1459.00 1684.00
1110.00 1685.00
1195.00 1708.00
1028.00 1704.00
2029.00 1684.00
1290.00 1738.00
1042.00 1750.00
1119.00 1742.00
1635.00 1769.00
1429.00 1767.00
1387.00 1792.00
1201.00 1814.00
1265.00 1820.00
2076.00 1819.00
1310.00 1836.00
1145.00 1849.00
1250.00 1863.00
1545.00 1880.00
1163.00 1890.00
1689.00 1888.00
989.00 1882.00
1289.00 1910.00
1442.00 1925.00
1355.00 1910.00
1488.00 1909.00
1742.00 1926.00
1240.00 1933.00
1976.00 1929.00
1282.00 1992.00
1330.00 1985.00
1614.00 2007.00
1387.00 2022.00
1436.00 2031.00
1208.00 2048.00
1098.00 2057.00
1268.00 2062.00
986.00 2066.00
1468.00 2088.00
864.00 2086.00
1802.00 2099.00
1349.00 2130.00
1773.00 2168.00
1653.00 2166.00
1166.00 2174.00
1231.00 2176.00
1767.00 2217.00
986.00 2194.00
945.00 2195.00
1042.00 2207.00
902.00 2208.00
1313.00 2220.00
803.00 2209.00
1382.00 2239.00
1519.00 2247.00
1158.00 2239.00
1715.00 2287.00
946.00 2267.00
1088.00 2312.00
1029.00 2308.00
1539.00 2328.00
1765.00 2334.00
1356.00 2348.00
1088.00 2372.00
1222.00 2418.00
1032.00 2467.00
