695.00 180.00
1477.00 300.00
1929.00 403.00
642.00 396.00
1544.00 405.00
1349.00 432.00
983.00 480.00
1659.00 475.00
1032.00 502.00
857.00 646.00
2134.00 701.00
1229.00 706.00
983.00 717.00
856.00 713.00
1301.00 771.00
2087.00 750.00
1707.00 739.00
1603.00 748.00
1527.00 794.00
1236.00 874.00
1869.00 816.00
752.00 933.00
1671.00 961.00
1542.00 990.00
1593.00 979.00
1787.00 979.00
752.00 1061.00
1437.00 1015.00
1730.00 1025.00
1674.00 1036.00
1597.00 1052.00
1545.00 1064.00
1733.00 1102.00
1009.00 1145.00
1679.00 1112.00
908.00 1165.00
752.00 1164.00
1604.00 1146.00
1426.00 1181.00
1816.00 1161.00
828.00 1245.00
1856.00 1206.00
1595.00 1295.00
602.00 1301.00
1742.00 1259.00
1841.00 1269.00
689.00 1357.00
1747.00 1339.00
752.00 1419.00
1871.00 1425.00
1752.00 1420.00
1830.00 1419.00
1698.00 1508.00
598.00 1575.00
1703.00 1586.00
587.00 1699.00
672.00 1769.00
755.00 2253.00
