1370.00 546.00
1423.00 554.00
1327.00 602.00
1700.00 620.00
973.00 767.00
665.00 798.00
1761.00 692.00
880.00 895.00
2084.00 877.00
1117.00 951.00
1302.00 941.00
1071.00 977.00
1348.00 959.00
1143.00 1036.00
789.00 1062.00
282.00 1105.00
1835.00 1025.00
2067.00 1038.00
1913.00 1072.00
1442.00 1082.00
1491.00 1086.00
1306.00 1122.00
425.00 1202.00
1455.00 1132.00
471.00 1205.00
1496.00 1133.00
228.00 1257.00
1677.00 1186.00
1791.00 1178.00
297.00 1269.00
422.00 1263.00
341.00 1272.00
710.00 1248.00
1460.00 1219.00
1298.00 1276.00
1091.00 1297.00
330.00 1348.00
848.00 1318.00
396.00 1358.00
1706.00 1288.00
1503.00 1308.00
739.00 1362.00
1803.00 1296.00
822.00 1366.00
1010.00 1387.00
1227.00 1380.00
695.00 1438.00
890.00 1420.00
1715.00 1418.00
616.00 1477.00
1940.00 1430.00
1739.00 1467.00
1948.00 1486.00
