271.00 452.00
40.00 597.00
2151.00 100.00
323.00 555.00
574.00 521.00
120.00 651.00
79.00 709.00
1014.00 594.00
2124.00 355.00
375.00 751.00
1359.00 586.00
1680.00 563.00
1757.00 565.00
1609.00 632.00
1685.00 629.00
1255.00 841.00
450.00 986.00
351.00 1026.00
175.00 1064.00
227.00 1059.00
308.00 1054.00
1258.00 890.00
403.00 1032.00
604.00 1019.00
628.00 1067.00
721.00 1095.00
1176.00 1026.00
840.00 1076.00
1517.00 973.00
1885.00 918.00
772.00 1171.00
863.00 1161.00
256.00 1245.00
306.00 1236.00
2069.00 996.00
434.00 1246.00
1276.00 1147.00
901.00 1240.00
773.00 1255.00
166.00 1337.00
839.00 1258.00
943.00 1263.00
1344.00 1227.00
251.00 1365.00
339.00 1361.00
195.00 1386.00
528.00 1366.00
1040.00 1302.00
558.00 1408.00
370.00 1422.00
904.00 1380.00
108.00 1462.00
1935.00 1318.00
813.00 1446.00
622.00 1465.00
374.00 1535.00
1989.00 1379.00
719.00 1512.00
1002.00 1531.00
1550.00 1531.00
1733.00 1515.00
979.00 1586.00
1896.00 1562.00
1959.00 1565.00
2063.00 1580.00
917.00 2203.00
869.00 2246.00
435.00 2399.00
725.00 2571.00
