966.00 634.00
1012.00 653.00
2082.00 551.00
1738.00 596.00
1697.00 628.00
2132.00 600.00
1148.00 759.00
1635.00 651.00
2094.00 667.00
1120.00 841.00
1313.00 839.00
1045.00 919.00
1811.00 819.00
1853.00 790.00
1767.00 815.00
1007.00 968.00
652.00 998.00
857.00 1025.00
675.00 1051.00
753.00 1057.00
1291.00 951.00
876.00 1080.00
1190.00 980.00
584.00 1068.00
1349.00 988.00
745.00 1104.00
1975.00 979.00
1609.00 1004.00
749.00 1152.00
1575.00 1073.00
1298.00 1082.00
1533.00 1082.00
1010.00 1154.00
1176.00 1155.00
1225.00 1156.00
1514.00 1167.00
1915.00 1208.00
2110.00 1199.00
1135.00 1226.00
1121.00 1267.00
1503.00 1257.00
1190.00 1292.00
1545.00 1275.00
1609.00 1286.00
1909.00 1262.00
1417.00 1256.00
2105.00 1266.00
1474.00 1310.00
1531.00 1318.00
1114.00 1341.00
1707.00 1331.00
1914.00 1312.00
1420.00 1331.00
1750.00 1339.00
1797.00 1341.00
1262.00 1374.00
1663.00 1356.00
1709.00 1372.00
1423.00 1372.00
1536.00 1399.00
1622.00 1367.00
1886.00 1390.00
1482.00 1391.00
1425.00 1413.00
1604.00 1411.00
1563.00 1445.00
2009.00 1433.00
1680.00 1427.00
1894.00 1460.00
1609.00 1473.00
1537.00 1564.00
1214.00 1478.00
1976.00 1477.00
1759.00 1455.00
1806.00 1480.00
2028.00 1507.00
1315.00 1631.00
1334.00 1674.00
1828.00 1765.00
1773.00 1773.00
1771.00 1961.00
1880.00 2102.00
1720.00 2132.00
1990.00 2199.00
2031.00 2177.00
1834.00 2174.00
2037.00 2231.00
1683.00 2214.00
1877.00 2316.00
1794.00 2308.00
1604.00 2285.00
1883.00 2360.00
1724.00 2376.00
