611.00 412.00
1175.00 544.00
871.00 564.00
1796.00 719.00
321.00 539.00
970.00 722.00
1527.00 799.00
718.00 799.00
1883.00 904.00
1825.00 910.00
1199.00 840.00
1900.00 951.00
883.00 902.00
371.00 815.00
1261.00 975.00
1434.00 980.00
1047.00 1008.00
2031.00 1060.00
929.00 1012.00
1728.00 1032.00
1959.00 1093.00
1582.00 1041.00
588.00 985.00
1386.00 1052.00
1292.00 1066.00
1461.00 1158.00
1552.00 1152.00
394.00 1098.00
1083.00 1180.00
1312.00 1178.00
972.00 1121.00
1124.00 1175.00
442.00 1116.00
579.00 1175.00
1665.00 1218.00
2041.00 1253.00
1125.00 1242.00
1549.00 1256.00
1263.00 1263.00
1304.00 1271.00
1927.00 1291.00
1823.00 1305.00
651.00 1267.00
1548.00 1322.00
106.00 1212.00
1269.00 1352.00
1470.00 1372.00
1846.00 1391.00
101.00 1286.00
1080.00 1385.00
1372.00 1400.00
1691.00 1410.00
1489.00 1416.00
315.00 1401.00
1902.00 1439.00
1150.00 1419.00
860.00 1396.00
1857.00 1503.00
514.00 1477.00
1827.00 1562.00
1883.00 1568.00
880.00 1543.00
856.00 1607.00
713.00 1627.00
654.00 1621.00
902.00 1643.00
1096.00 1595.00
1000.00 1651.00
951.00 1735.00
999.00 1735.00
1148.00 1699.00
1251.00 1756.00
1320.00 1742.00
643.00 1800.00
969.00 1787.00
1811.00 1817.00
1270.00 1799.00
925.00 1863.00
1153.00 1832.00
1072.00 1902.00
1172.00 1914.00
704.00 1952.00
1129.00 1916.00
449.00 1989.00
921.00 1958.00
1029.00 1993.00
957.00 2005.00
1117.00 1971.00
890.00 2005.00
1213.00 2004.00
770.00 2032.00
432.00 2079.00
1344.00 2069.00
1119.00 2074.00
1036.00 2082.00
1297.00 2083.00
1228.00 2094.00
1031.00 2135.00
1230.00 2163.00
1375.00 2188.00
824.00 2213.00
1037.00 2215.00
1231.00 2261.00
1102.00 2273.00
1376.00 2271.00
1296.00 2303.00
1040.00 2297.00
1204.00 2306.00
1115.00 2321.00
768.00 2343.00
1036.00 2405.00
1559.00 2418.00
939.00 2515.00
896.00 2559.00
886.00 2632.00
740.00 2672.00
