1237.00 375.00
791.00 404.00
1547.00 447.00
1386.00 480.00
831.00 460.00
1103.00 499.00
938.00 488.00
2098.00 508.00
1594.00 528.00
799.00 523.00
1447.00 567.00
2078.00 584.00
1647.00 620.00
1158.00 624.00
887.00 650.00
137.00 666.00
1499.00 644.00
1440.00 690.00
1557.00 720.00
1097.00 726.00
1223.00 728.00
1693.00 700.00
897.00 742.00
1267.00 741.00
2029.00 757.00
1538.00 772.00
1388.00 786.00
2109.00 767.00
331.00 783.00
1166.00 809.00
767.00 794.00
1735.00 775.00
124.00 784.00
1236.00 806.00
389.00 867.00
807.00 858.00
1303.00 901.00
844.00 907.00
1570.00 888.00
328.00 935.00
2073.00 936.00
1514.00 944.00
391.00 990.00
1713.00 942.00
559.00 1009.00
1536.00 994.00
1492.00 1012.00
1899.00 1019.00
474.00 1072.00
966.00 1029.00
704.00 1048.00
1434.00 1040.00
2089.00 1048.00
1245.00 1050.00
1823.00 1096.00
1392.00 1081.00
1513.00 1131.00
106.00 1139.00
1950.00 1114.00
1125.00 1201.00
1894.00 1195.00
136.00 1201.00
940.00 1173.00
571.00 1226.00
273.00 1230.00
1591.00 1205.00
372.00 1266.00
1999.00 1231.00
1592.00 1247.00
81.00 1286.00
993.00 1234.00
1736.00 1261.00
1942.00 1264.00
1868.00 1281.00
1786.00 1277.00
1534.00 1284.00
1160.00 1287.00
223.00 1331.00
941.00 1274.00
334.00 1337.00
674.00 1296.00
2029.00 1284.00
869.00 1334.00
1626.00 1340.00
487.00 1374.00
747.00 1358.00
164.00 1388.00
2000.00 1345.00
1535.00 1325.00
1047.00 1323.00
1881.00 1339.00
80.00 1388.00
1306.00 1336.00
323.00 1407.00
1709.00 1368.00
973.00 1402.00
1943.00 1404.00
1830.00 1411.00
2048.00 1409.00
744.00 1410.00
216.00 1449.00
122.00 1466.00
1685.00 1425.00
1323.00 1384.00
1467.00 1406.00
1895.00 1433.00
1044.00 1430.00
1089.00 1438.00
1239.00 1427.00
1716.00 1473.00
1619.00 1480.00
1861.00 1491.00
792.00 1482.00
1669.00 1512.00
1229.00 1512.00
1339.00 1498.00
1577.00 1514.00
1924.00 1529.00
1168.00 1523.00
2016.00 1556.00
2069.00 1535.00
644.00 1571.00
1657.00 1561.00
586.00 1588.00
1449.00 1558.00
1931.00 1570.00
1556.00 1566.00
2057.00 1582.00
1013.00 1652.00
1646.00 1616.00
732.00 1650.00
1747.00 1624.00
370.00 1666.00
1596.00 1650.00
1110.00 1653.00
314.00 1729.00
2028.00 1632.00
1266.00 1630.00
1702.00 1647.00
2095.00 1670.00
1848.00 1663.00
545.00 1690.00
1806.00 1667.00
449.00 1706.00
689.00 1700.00
1659.00 1658.00
1173.00 1684.00
1662.00 1700.00
1236.00 1735.00
369.00 1707.00
645.00 1703.00
1407.00 1681.00
2142.00 1720.00
1995.00 1698.00
1722.00 1706.00
578.00 1746.00
487.00 1761.00
687.00 1754.00
932.00 1740.00
1284.00 1731.00
1768.00 1739.00
1383.00 1723.00
1486.00 1721.00
1030.00 1770.00
1555.00 1742.00
645.00 1788.00
521.00 1810.00
245.00 1832.00
1996.00 1753.00
1311.00 1782.00
1872.00 1727.00
439.00 1825.00
687.00 1848.00
365.00 1860.00
1084.00 1824.00
316.00 1868.00
514.00 1863.00
1919.00 1788.00
1830.00 1811.00
845.00 1895.00
1461.00 1859.00
246.00 1919.00
287.00 1917.00
406.00 1921.00
24.00 1967.00
452.00 1924.00
1934.00 1851.00
1990.00 1866.00
2139.00 1857.00
1208.00 1906.00
356.00 1956.00
1458.00 1948.00
285.00 1983.00
1514.00 1883.00
1631.00 1917.00
1787.00 1892.00
1334.00 1927.00
1235.00 1956.00
1572.00 1946.00
845.00 1999.00
707.00 2010.00
1169.00 1978.00
1088.00 2000.00
1659.00 1982.00
2081.00 1950.00
1296.00 2006.00
912.00 2036.00
845.00 2051.00
621.00 2061.00
1173.00 2021.00
1884.00 2006.00
705.00 2075.00
1020.00 2064.00
37.00 2111.00
1215.00 2064.00
90.00 2118.00
155.00 2121.00
2006.00 2031.00
243.00 2129.00
575.00 2114.00
1771.00 2037.00
1307.00 2095.00
1008.00 2111.00
1919.00 2081.00
1408.00 2078.00
716.00 2151.00
857.00 2136.00
1629.00 2097.00
479.00 2164.00
816.00 2161.00
2003.00 2082.00
250.00 2181.00
603.00 2205.00
2143.00 2112.00
1014.00 2191.00
1548.00 2133.00
1280.00 2199.00
1456.00 2177.00
727.00 2232.00
469.00 2236.00
1209.00 2222.00
1080.00 2247.00
176.00 2327.00
790.00 2296.00
109.00 2298.00
1688.00 2190.00
1952.00 2170.00
312.00 2294.00
1301.00 2251.00
402.00 2317.00
129.00 2358.00
305.00 2356.00
1686.00 2292.00
574.00 2349.00
34.00 2408.00
629.00 2331.00
1928.00 2263.00
1543.00 2311.00
986.00 2376.00
1699.00 2346.00
307.00 2402.00
856.00 2417.00
602.00 2393.00
725.00 2388.00
104.00 2505.00
1197.00 2433.00
507.00 2487.00
1794.00 2368.00
1026.00 2476.00
2000.00 2390.00
608.00 2488.00
1488.00 2432.00
449.00 2535.00
551.00 2540.00
1058.00 2533.00
1882.00 2444.00
2033.00 2444.00
686.00 2558.00
973.00 2548.00
1647.00 2473.00
1800.00 2477.00
1464.00 2523.00
549.00 2593.00
442.00 2601.00
883.00 2622.00
1699.00 2516.00
1742.00 2518.00
1201.00 2577.00
1317.00 2572.00
759.00 2609.00
135.00 2659.00
611.00 2621.00
1451.00 2574.00
1912.00 2494.00
558.00 2651.00
1624.00 2577.00
1409.00 2602.00
1717.00 2583.00
878.00 2664.00
395.00 2691.00
1198.00 2659.00
996.00 2678.00
317.00 2708.00
2102.00 2592.00
231.00 2718.00
942.00 2716.00
1060.00 2701.00
882.00 2717.00
1536.00 2675.00
1399.00 2649.00
471.00 2769.00
991.00 2736.00
1251.00 2726.00
528.00 2807.00
402.00 2801.00
165.00 2848.00
1624.00 2727.00
823.00 2826.00
1960.00 2757.00
1451.00 2811.00
973.00 2851.00
