1510.00 222.00
1259.00 352.00
1416.00 365.00
1051.00 424.00
1131.00 426.00
2003.00 420.00
1842.00 485.00
1239.00 624.00
1489.00 612.00
1776.00 583.00
2056.00 568.00
1883.00 606.00
1185.00 684.00
1939.00 609.00
1238.00 682.00
1985.00 614.00
1008.00 715.00
1490.00 656.00
1703.00 670.00
1222.00 736.00
1855.00 658.00
1171.00 760.00
1113.00 792.00
1853.00 734.00
2072.00 717.00
1176.00 801.00
1084.00 841.00
1148.00 843.00
838.00 877.00
1230.00 888.00
1000.00 894.00
1128.00 889.00
1061.00 894.00
1689.00 852.00
2077.00 830.00
1884.00 848.00
1080.00 935.00
1178.00 934.00
1324.00 921.00
1603.00 920.00
1970.00 900.00
1903.00 902.00
1753.00 915.00
2083.00 894.00
1309.00 968.00
1059.00 999.00
1370.00 971.00
1128.00 989.00
1606.00 979.00
953.00 1024.00
1310.00 1009.00
1777.00 987.00
879.00 1040.00
1042.00 1042.00
787.00 1066.00
833.00 1067.00
1256.00 1057.00
2035.00 1019.00
1555.00 1068.00
873.00 1109.00
774.00 1119.00
1333.00 1102.00
822.00 1118.00
1764.00 1099.00
1233.00 1121.00
1849.00 1105.00
1026.00 1139.00
927.00 1151.00
1717.00 1112.00
1334.00 1150.00
2142.00 1115.00
1193.00 1163.00
1384.00 1155.00
1755.00 1153.00
2013.00 1147.00
1234.00 1167.00
1146.00 1178.00
1954.00 1166.00
1863.00 1155.00
778.00 1202.00
1207.00 1216.00
1284.00 1203.00
1386.00 1199.00
1161.00 1222.00
1583.00 1230.00
1450.00 1228.00
1933.00 1217.00
1629.00 1231.00
1535.00 1221.00
852.00 1252.00
1208.00 1270.00
1337.00 1254.00
1387.00 1255.00
1130.00 1266.00
1468.00 1274.00
1526.00 1274.00
1654.00 1286.00
1413.00 1306.00
1344.00 1314.00
1252.00 1316.00
1156.00 1340.00
1396.00 1353.00
1321.00 1359.00
1606.00 1368.00
1853.00 1369.00
1754.00 1368.00
1310.00 1416.00
1432.00 1413.00
1602.00 1431.00
1756.00 1499.00
1840.00 1523.00
1126.00 1526.00
1335.00 1534.00
1424.00 1589.00
1113.00 1570.00
1342.00 1577.00
1277.00 1577.00
1347.00 1636.00
2113.00 1721.00
1643.00 1705.00
1253.00 1748.00
1304.00 1748.00
1602.00 1809.00
1202.00 1810.00
1030.00 1779.00
963.00 1840.00
1127.00 1853.00
2151.00 1919.00
1025.00 1857.00
