984.00 365.00
638.00 338.00
832.00 396.00
668.00 399.00
782.00 408.00
776.00 557.00
8.00 722.00
837.00 623.00
67.00 767.00
883.00 667.00
925.00 711.00
1129.00 764.00
806.00 703.00
182.00 897.00
840.00 825.00
80.00 910.00
282.00 935.00
668.00 835.00
193.00 946.00
962.00 886.00
840.00 871.00
1180.00 943.00
772.00 913.00
187.00 1021.00
665.00 937.00
1280.00 1006.00
1340.00 1040.00
799.00 1017.00
872.00 1035.00
536.00 1007.00
745.00 1072.00
1016.00 1077.00
253.00 1134.00
704.00 1054.00
788.00 1062.00
1233.00 1100.00
552.00 1052.00
951.00 1082.00
855.00 1100.00
1434.00 1147.00
896.00 1123.00
180.00 1187.00
806.00 1123.00
749.00 1131.00
1460.00 1192.00
1093.00 1163.00
629.00 1169.00
696.00 1187.00
1507.00 1245.00
959.00 1198.00
114.00 1260.00
512.00 1209.00
1086.00 1234.00
1512.00 1286.00
624.00 1232.00
743.00 1246.00
1173.00 1287.00
990.00 1294.00
802.00 1293.00
940.00 1308.00
1148.00 1342.00
860.00 1318.00
672.00 1343.00
593.00 1343.00
932.00 1350.00
1522.00 1385.00
1203.00 1417.00
887.00 1404.00
1255.00 1445.00
1536.00 1492.00
855.00 1494.00
794.00 1494.00
1271.00 1496.00
1225.00 1498.00
1318.00 1507.00
1551.00 1540.00
732.00 1533.00
1375.00 1552.00
446.00 1548.00
764.00 1577.00
1428.00 1581.00
708.00 1579.00
661.00 1582.00
566.00 1592.00
489.00 1618.00
371.00 1662.00
881.00 1689.00
986.00 1712.00
1076.00 1720.00
1119.00 1708.00
797.00 1738.00
686.00 1726.00
1032.00 1756.00
1076.00 1770.00
761.00 1791.00
359.00 1743.00
985.00 1812.00
372.00 1822.00
299.00 1810.00
784.00 1842.00
699.00 1847.00
973.00 1859.00
239.00 1839.00
355.00 1920.00
501.00 1940.00
175.00 1938.00
296.00 1942.00
1076.00 1951.00
1029.00 2049.00
979.00 2050.00
500.00 2080.00
668.00 2071.00
289.00 2099.00
568.00 2113.00
355.00 2138.00
995.00 2141.00
657.00 2152.00
549.00 2193.00
592.00 2178.00
674.00 2199.00
970.00 2182.00
423.00 2227.00
497.00 2233.00
618.00 2230.00
57.00 2251.00
541.00 2246.00
665.00 2255.00
436.00 2268.00
363.00 2274.00
712.00 2254.00
263.00 2301.00
978.00 2371.00
37.00 2499.00
