1949.00 280.00
1547.00 208.00
763.00 147.00
1360.00 261.00
657.00 256.00
1139.00 270.00
1600.00 445.00
1257.00 347.00
1486.00 495.00
384.00 345.00
443.00 393.00
337.00 383.00
392.00 413.00
1342.00 561.00
946.00 494.00
244.00 459.00
313.00 494.00
804.00 575.00
967.00 598.00
258.00 531.00
888.00 635.00
666.00 618.00
774.00 633.00
1136.00 656.00
1901.00 722.00
188.00 584.00
1263.00 676.00
965.00 755.00
33.00 699.00
1008.00 776.00
1141.00 840.00
1427.00 904.00
1382.00 915.00
1430.00 950.00
1142.00 882.00
1600.00 983.00
1364.00 971.00
943.00 959.00
878.00 959.00
1477.00 996.00
1322.00 984.00
1598.00 1034.00
1339.00 1086.00
845.00 1087.00
617.00 1082.00
559.00 1081.00
1403.00 1111.00
1286.00 1111.00
1577.00 1161.00
1714.00 1200.00
1880.00 1223.00
205.00 1124.00
682.00 1141.00
1438.00 1166.00
759.00 1152.00
1214.00 1162.00
1763.00 1230.00
1614.00 1232.00
1165.00 1172.00
367.00 1173.00
316.00 1172.00
1370.00 1206.00
1440.00 1207.00
510.00 1198.00
1661.00 1242.00
1519.00 1224.00
1278.00 1224.00
665.00 1182.00
162.00 1211.00
1319.00 1239.00
752.00 1205.00
1789.00 1282.00
829.00 1224.00
1166.00 1233.00
870.00 1239.00
1372.00 1272.00
99.00 1256.00
1525.00 1284.00
38.00 1259.00
142.00 1255.00
962.00 1263.00
190.00 1273.00
262.00 1278.00
1026.00 1279.00
663.00 1261.00
1253.00 1297.00
1106.00 1299.00
569.00 1263.00
1680.00 1344.00
1506.00 1331.00
1462.00 1339.00
874.00 1324.00
1634.00 1353.00
1412.00 1350.00
181.00 1323.00
1312.00 1357.00
646.00 1320.00
919.00 1347.00
1580.00 1411.00
340.00 1350.00
1177.00 1377.00
455.00 1341.00
1036.00 1356.00
1261.00 1396.00
178.00 1373.00
1112.00 1386.00
864.00 1395.00
1446.00 1415.00
1378.00 1426.00
1311.00 1436.00
996.00 1425.00
262.00 1439.00
927.00 1421.00
147.00 1451.00
1178.00 1450.00
850.00 1474.00
452.00 1430.00
732.00 1442.00
1067.00 1462.00
1451.00 1477.00
1330.00 1489.00
91.00 1491.00
9.00 1496.00
142.00 1509.00
1284.00 1503.00
398.00 1515.00
960.00 1495.00
449.00 1520.00
937.00 1539.00
167.00 1553.00
830.00 1548.00
1001.00 1551.00
231.00 1587.00
1286.00 1592.00
1631.00 1603.00
365.00 1606.00
845.00 1616.00
945.00 1624.00
45.00 1647.00
571.00 1657.00
191.00 1679.00
897.00 1668.00
475.00 1660.00
1772.00 1739.00
911.00 1730.00
179.00 1724.00
1340.00 1747.00
1640.00 1749.00
370.00 1730.00
945.00 1786.00
1205.00 1789.00
1041.00 1777.00
1294.00 1805.00
620.00 1821.00
161.00 1862.00
828.00 1816.00
652.00 1885.00
282.00 1917.00
132.00 1994.00
1297.00 1948.00
1700.00 2013.00
1614.00 2040.00
1785.00 2045.00
792.00 2095.00
646.00 2116.00
1692.00 2094.00
1650.00 2096.00
1856.00 2105.00
829.00 2151.00
1932.00 2127.00
868.00 2204.00
367.00 2345.00
1000.00 2341.00
268.00 2366.00
690.00 2343.00
766.00 2355.00
285.00 2424.00
401.00 2655.00
1009.00 2646.00
896.00 2608.00
650.00 2685.00
