373.00 382.00
735.00 455.00
448.00 614.00
600.00 663.00
664.00 743.00
991.00 740.00
478.00 725.00
1188.00 885.00
538.00 800.00
639.00 827.00
610.00 893.00
534.00 923.00
448.00 917.00
727.00 935.00
771.00 938.00
576.00 958.00
1134.00 1024.00
711.00 976.00
949.00 1041.00
710.00 1047.00
136.00 980.00
654.00 1029.00
276.00 1056.00
710.00 1105.00
1072.00 1156.00
1127.00 1178.00
565.00 1148.00
524.00 1155.00
671.00 1177.00
1073.00 1202.00
330.00 1150.00
1206.00 1244.00
507.00 1198.00
711.00 1235.00
639.00 1245.00
572.00 1207.00
988.00 1300.00
707.00 1331.00
634.00 1341.00
577.00 1383.00
866.00 1379.00
431.00 1368.00
117.00 1370.00
639.00 1392.00
408.00 1411.00
516.00 1455.00
1007.00 1469.00
973.00 1517.00
1090.00 1534.00
599.00 1521.00
803.00 1532.00
38.00 1595.00
752.00 1655.00
323.00 1678.00
527.00 1688.00
683.00 1718.00
705.00 1846.00
596.00 1871.00
256.00 1863.00
580.00 1971.00
889.00 1980.00
769.00 2100.00
653.00 2135.00
599.00 2151.00
558.00 2217.00
8.00 2238.00
303.00 2239.00
308.00 2308.00
307.00 2369.00
539.00 2415.00
613.00 2412.00
485.00 2526.00
564.00 2720.00
309.00 2799.00
