1661.00 618.00
1123.00 754.00
1878.00 759.00
1900.00 826.00
1827.00 849.00
1617.00 839.00
1755.00 873.00
1669.00 869.00
1496.00 881.00
1908.00 935.00
1622.00 915.00
1811.00 899.00
2008.00 981.00
1497.00 955.00
2080.00 1003.00
1912.00 1006.00
1237.00 971.00
981.00 1014.00
1279.00 983.00
1384.00 993.00
1766.00 1045.00
1280.00 1027.00
1917.00 1066.00
1099.00 1046.00
1695.00 1063.00
1502.00 1047.00
1630.00 1081.00
1565.00 1098.00
1922.00 1120.00
1386.00 1079.00
1503.00 1115.00
1859.00 1130.00
1247.00 1104.00
1388.00 1146.00
1239.00 1159.00
1281.00 1175.00
1636.00 1199.00
1189.00 1202.00
923.00 1216.00
1506.00 1193.00
1694.00 1261.00
1638.00 1248.00
858.00 1237.00
1027.00 1245.00
1478.00 1264.00
1284.00 1283.00
1189.00 1308.00
1510.00 1313.00
1601.00 1311.00
1519.00 1357.00
1221.00 1383.00
1645.00 1379.00
2129.00 1399.00
961.00 1372.00
1515.00 1409.00
1911.00 1376.00
1914.00 1435.00
1613.00 1439.00
1965.00 1463.00
923.00 1448.00
1856.00 1476.00
1793.00 1485.00
1474.00 1478.00
1650.00 1501.00
1600.00 1507.00
1518.00 1517.00
1440.00 1526.00
1399.00 1531.00
1290.00 1524.00
1799.00 1571.00
1955.00 1561.00
922.00 1562.00
1525.00 1635.00
1661.00 1683.00
1467.00 1693.00
1406.00 1696.00
1715.00 1763.00
1669.00 1789.00
1922.00 1799.00
1299.00 1831.00
2124.00 1878.00
1634.00 1920.00
1521.00 1954.00
1545.00 2028.00
1999.00 1985.00
1647.00 2080.00
1907.00 2128.00
1454.00 2106.00
1651.00 2128.00
1656.00 2172.00
