1484.00 258.00
593.00 377.00
209.00 425.00
275.00 465.00
369.00 447.00
1482.00 387.00
291.00 506.00
421.00 484.00
365.00 520.00
200.00 571.00
64.00 600.00
1454.00 462.00
131.00 632.00
804.00 544.00
460.00 578.00
194.00 667.00
703.00 624.00
147.00 735.00
79.00 723.00
264.00 702.00
223.00 735.00
353.00 745.00
1645.00 617.00
119.00 797.00
1560.00 640.00
1645.00 663.00
162.00 824.00
1001.00 675.00
1601.00 677.00
271.00 828.00
440.00 791.00
112.00 890.00
765.00 802.00
177.00 918.00
95.00 933.00
1755.00 810.00
172.00 988.00
239.00 985.00
340.00 981.00
513.00 982.00
169.00 1030.00
59.00 1073.00
1260.00 946.00
220.00 1084.00
592.00 1026.00
164.00 1108.00
20.00 1136.00
93.00 1157.00
158.00 1178.00
2078.00 1012.00
236.00 1188.00
1978.00 1036.00
1904.00 1040.00
1769.00 1053.00
88.00 1234.00
1690.00 1093.00
1544.00 1133.00
1482.00 1140.00
1975.00 1111.00
152.00 1267.00
84.00 1276.00
408.00 1250.00
1701.00 1148.00
82.00 1320.00
1620.00 1178.00
1128.00 1211.00
1886.00 1178.00
2135.00 1167.00
2083.00 1177.00
322.00 1316.00
387.00 1311.00
634.00 1296.00
1702.00 1203.00
1378.00 1222.00
1979.00 1205.00
1814.00 1217.00
1890.00 1229.00
280.00 1331.00
196.00 1364.00
1624.00 1250.00
455.00 1346.00
2073.00 1255.00
718.00 1342.00
1951.00 1278.00
1641.00 1296.00
1894.00 1286.00
143.00 1411.00
72.00 1435.00
608.00 1386.00
1269.00 1339.00
2134.00 1299.00
235.00 1427.00
287.00 1436.00
1968.00 1341.00
1897.00 1355.00
1558.00 1356.00
1645.00 1356.00
1493.00 1365.00
1389.00 1380.00
1332.00 1387.00
633.00 1480.00
350.00 1487.00
1535.00 1415.00
1900.00 1411.00
184.00 1513.00
1334.00 1478.00
2133.00 1448.00
625.00 1536.00
1563.00 1470.00
1904.00 1457.00
1380.00 1489.00
1946.00 1471.00
1987.00 1460.00
414.00 1588.00
1750.00 1502.00
1336.00 1523.00
1582.00 1518.00
2026.00 1505.00
1960.00 1548.00
2141.00 1515.00
2089.00 1525.00
1800.00 1529.00
506.00 1604.00
246.00 1624.00
1473.00 1577.00
720.00 1612.00
305.00 1624.00
152.00 1629.00
2041.00 1559.00
2150.00 1586.00
1421.00 1596.00
1851.00 1596.00
1951.00 1598.00
592.00 1657.00
1257.00 1637.00
1690.00 1599.00
642.00 1667.00
1570.00 1638.00
243.00 1690.00
2071.00 1666.00
13.00 1708.00
298.00 1744.00
381.00 1769.00
1341.00 1766.00
496.00 1811.00
47.00 1802.00
331.00 1813.00
2035.00 1780.00
1088.00 1830.00
2014.00 1822.00
911.00 1863.00
334.00 1890.00
744.00 1891.00
555.00 1909.00
927.00 1917.00
668.00 1909.00
608.00 1919.00
1098.00 1938.00
34.00 1967.00
143.00 1972.00
283.00 2019.00
138.00 2026.00
629.00 2016.00
572.00 2024.00
628.00 2100.00
547.00 2120.00
1187.00 2128.00
574.00 2166.00
492.00 2191.00
708.00 2215.00
1106.00 2244.00
585.00 2262.00
1267.00 2266.00
1440.00 2281.00
490.00 2282.00
114.00 2316.00
1740.00 2315.00
1782.00 2318.00
1691.00 2325.00
1611.00 2337.00
1867.00 2345.00
991.00 2333.00
936.00 2326.00
1348.00 2355.00
1646.00 2384.00
114.00 2357.00
199.00 2370.00
1091.00 2392.00
920.00 2400.00
636.00 2413.00
1012.00 2431.00
1061.00 2441.00
103.00 2444.00
403.00 2479.00
1296.00 2702.00
