1034.00 243.00
1251.00 248.00
1192.00 292.00
1135.00 313.00
1112.00 363.00
1097.00 438.00
1527.00 523.00
987.00 566.00
1213.00 565.00
1050.00 594.00
1770.00 529.00
1389.00 570.00
1581.00 561.00
1332.00 586.00
1528.00 573.00
1625.00 590.00
1196.00 607.00
1413.00 615.00
1102.00 633.00
850.00 667.00
1353.00 631.00
1532.00 670.00
1107.00 690.00
1666.00 683.00
1245.00 734.00
1782.00 683.00
1551.00 717.00
1639.00 724.00
1027.00 763.00
1874.00 731.00
1290.00 749.00
1433.00 791.00
1354.00 775.00
1091.00 791.00
1247.00 791.00
1490.00 773.00
1594.00 779.00
1553.00 791.00
392.00 818.00
1203.00 822.00
1302.00 817.00
1245.00 834.00
1790.00 808.00
1837.00 790.00
1682.00 819.00
1451.00 837.00
531.00 846.00
1555.00 842.00
1065.00 858.00
1506.00 848.00
1224.00 875.00
1625.00 883.00
1668.00 886.00
1538.00 890.00
1792.00 903.00
1856.00 902.00
1665.00 937.00
1948.00 910.00
1383.00 929.00
1063.00 938.00
1313.00 976.00
1467.00 990.00
1540.00 965.00
1112.00 979.00
1377.00 999.00
1771.00 996.00
1418.00 1029.00
1816.00 1048.00
1357.00 1050.00
422.00 1059.00
482.00 1061.00
287.00 1075.00
1522.00 1106.00
1297.00 1071.00
1206.00 1101.00
1350.00 1115.00
1680.00 1123.00
419.00 1121.00
1585.00 1160.00
1163.00 1116.00
266.00 1170.00
1364.00 1202.00
1253.00 1237.00
510.00 1262.00
389.00 1273.00
1444.00 1331.00
999.00 1373.00
1103.00 1360.00
1245.00 1445.00
1050.00 1445.00
1201.00 1447.00
1124.00 1465.00
1392.00 1484.00
1213.00 1491.00
1141.00 1518.00
1392.00 1534.00
1200.00 1543.00
598.00 1542.00
323.00 1587.00
573.00 1647.00
450.00 1686.00
1248.00 1675.00
1101.00 1684.00
272.00 1788.00
947.00 1832.00
396.00 1821.00
420.00 1862.00
947.00 1885.00
947.00 1929.00
510.00 2104.00
