777.00 63.00
301.00 244.00
162.00 220.00
418.00 242.00
16.00 241.00
855.00 250.00
329.00 319.00
801.00 333.00
276.00 355.00
32.00 349.00
420.00 395.00
1428.00 355.00
532.00 460.00
339.00 489.00
1468.00 457.00
405.00 509.00
1373.00 501.00
263.00 543.00
82.00 556.00
1456.00 532.00
78.00 613.00
483.00 603.00
181.00 604.00
723.00 608.00
1407.00 631.00
1477.00 622.00
565.00 662.00
743.00 669.00
1029.00 652.00
297.00 710.00
377.00 712.00
1453.00 688.00
595.00 735.00
2117.00 665.00
1011.00 764.00
1452.00 774.00
1098.00 824.00
882.00 855.00
702.00 831.00
787.00 794.00
659.00 856.00
588.00 903.00
900.00 905.00
1060.00 913.00
1112.00 919.00
275.00 944.00
780.00 948.00
1048.00 997.00
668.00 1051.00
669.00 985.00
1074.00 1041.00
1313.00 1080.00
1388.00 1079.00
360.00 1125.00
734.00 1110.00
1597.00 1094.00
206.00 1130.00
980.00 1187.00
1092.00 1168.00
1215.00 1198.00
1865.00 1162.00
223.00 1253.00
1467.00 1280.00
1051.00 1274.00
983.00 1295.00
2079.00 1238.00
1286.00 1286.00
1578.00 1275.00
861.00 1323.00
1080.00 1364.00
2031.00 1333.00
2090.00 1363.00
872.00 1403.00
1028.00 1387.00
1536.00 1394.00
949.00 1430.00
654.00 1451.00
1541.00 1500.00
919.00 1484.00
1054.00 1492.00
871.00 1520.00
1069.00 1559.00
1272.00 1718.00
1533.00 1595.00
546.00 1759.00
1405.00 1779.00
1980.00 1767.00
1112.00 1824.00
1994.00 1890.00
899.00 1935.00
1926.00 1987.00
1526.00 2032.00
1164.00 2030.00
1104.00 2030.00
1943.00 2075.00
542.00 2155.00
2062.00 2053.00
828.00 2188.00
671.00 2255.00
