1417.00 272.00
1775.00 320.00
1911.00 325.00
680.00 324.00
1814.00 369.00
1985.00 328.00
2057.00 326.00
1948.00 374.00
1132.00 378.00
2104.00 417.00
1913.00 431.00
1837.00 441.00
989.00 440.00
2057.00 459.00
1329.00 482.00
1432.00 484.00
1378.00 514.00
1536.00 528.00
1352.00 563.00
2105.00 536.00
1468.00 552.00
1702.00 558.00
1418.00 613.00
2027.00 611.00
949.00 599.00
1365.00 637.00
714.00 635.00
1652.00 639.00
1599.00 624.00
1312.00 658.00
1740.00 666.00
540.00 656.00
1933.00 682.00
1457.00 683.00
1288.00 710.00
1860.00 716.00
2041.00 720.00
1709.00 733.00
2144.00 764.00
1778.00 744.00
2101.00 794.00
1696.00 795.00
1173.00 791.00
2146.00 818.00
1030.00 807.00
475.00 803.00
1575.00 811.00
1445.00 818.00
1410.00 859.00
703.00 853.00
1649.00 865.00
2066.00 876.00
1292.00 884.00
1588.00 882.00
562.00 887.00
1859.00 883.00
809.00 900.00
627.00 884.00
2072.00 923.00
515.00 928.00
941.00 918.00
1178.00 929.00
1339.00 923.00
560.00 949.00
1945.00 969.00
426.00 982.00
772.00 946.00
309.00 960.00
1867.00 974.00
900.00 959.00
966.00 969.00
1342.00 964.00
570.00 1039.00
633.00 989.00
1957.00 1023.00
1174.00 1009.00
1801.00 1003.00
1090.00 1025.00
1865.00 1015.00
729.00 1068.00
1346.00 1029.00
1676.00 1031.00
1244.00 1048.00
780.00 1108.00
971.00 1081.00
1348.00 1073.00
1072.00 1099.00
1293.00 1109.00
1826.00 1119.00
1158.00 1136.00
1567.00 1122.00
1225.00 1160.00
729.00 1204.00
1272.00 1158.00
548.00 1205.00
975.00 1165.00
1517.00 1180.00
1731.00 1187.00
1298.00 1205.00
1355.00 1203.00
2009.00 1202.00
1118.00 1209.00
1163.00 1249.00
1349.00 1260.00
1520.00 1230.00
1887.00 1249.00
1299.00 1249.00
1928.00 1274.00
1079.00 1269.00
498.00 1325.00
1749.00 1276.00
1143.00 1295.00
1352.00 1304.00
1617.00 1281.00
1660.00 1305.00
715.00 1359.00
506.00 1366.00
1861.00 1328.00
1510.00 1347.00
1581.00 1380.00
1939.00 1369.00
1459.00 1381.00
595.00 1426.00
1512.00 1403.00
552.00 1419.00
2032.00 1399.00
1084.00 1391.00
1859.00 1400.00
668.00 1438.00
1216.00 1419.00
1371.00 1449.00
1657.00 1425.00
1564.00 1439.00
1462.00 1454.00
668.00 1480.00
1896.00 1456.00
1374.00 1506.00
2002.00 1463.00
1132.00 1508.00
626.00 1501.00
942.00 1510.00
1377.00 1552.00
1936.00 1532.00
1847.00 1543.00
1634.00 1551.00
1592.00 1591.00
2092.00 1570.00
1712.00 1579.00
1201.00 1584.00
1852.00 1586.00
996.00 1601.00
1638.00 1594.00
1977.00 1594.00
706.00 1624.00
1548.00 1612.00
1702.00 1621.00
2098.00 1627.00
796.00 1646.00
1792.00 1611.00
1349.00 1636.00
1300.00 1640.00
1641.00 1639.00
1918.00 1665.00
2056.00 1630.00
1387.00 1692.00
2007.00 1673.00
1325.00 1697.00
476.00 1712.00
1479.00 1706.00
1867.00 1702.00
646.00 1729.00
859.00 1734.00
1705.00 1732.00
1328.00 1767.00
1858.00 1751.00
1662.00 1753.00
1497.00 1760.00
642.00 1778.00
851.00 1777.00
807.00 1777.00
1393.00 1776.00
2073.00 1786.00
1032.00 1826.00
1311.00 1829.00
1829.00 1880.00
1752.00 1884.00
851.00 1892.00
1438.00 1890.00
1328.00 1936.00
1096.00 1923.00
437.00 1923.00
564.00 1952.00
1147.00 1984.00
1045.00 1951.00
482.00 1966.00
2057.00 1971.00
1551.00 2004.00
1595.00 2016.00
519.00 2012.00
1570.00 2070.00
679.00 2071.00
784.00 2091.00
519.00 2093.00
471.00 2088.00
833.00 2119.00
1733.00 2137.00
446.00 2173.00
1075.00 2206.00
1343.00 2215.00
1242.00 2212.00
883.00 2238.00
958.00 2257.00
1148.00 2267.00
1068.00 2281.00
1515.00 2283.00
1007.00 2320.00
1233.00 2293.00
955.00 2301.00
825.00 2307.00
567.00 2310.00
501.00 2326.00
964.00 2537.00
