808.00 505.00
670.00 611.00
671.00 716.00
794.00 914.00
1763.00 975.00
800.00 1005.00
1459.00 1021.00
718.00 1015.00
884.00 1186.00
1367.00 1196.00
1406.00 1245.00
844.00 1278.00
690.00 1372.00
562.00 1402.00
936.00 1404.00
1802.00 1419.00
822.00 1482.00
1482.00 1446.00
1218.00 1502.00
978.00 1497.00
562.00 1541.00
1557.00 1515.00
1856.00 1553.00
1568.00 1559.00
762.00 1602.00
874.00 1603.00
804.00 1610.00
1562.00 1606.00
2079.00 1631.00
1769.00 1641.00
774.00 1672.00
437.00 1693.00
1564.00 1715.00
1497.00 1672.00
1977.00 1704.00
799.00 1721.00
474.00 1767.00
1688.00 1743.00
761.00 1790.00
1503.00 1751.00
467.00 1811.00
803.00 1792.00
1992.00 1767.00
2144.00 1804.00
925.00 1807.00
1411.00 1860.00
821.00 1908.00
1339.00 1916.00
2140.00 1851.00
1600.00 1959.00
2039.00 1923.00
1823.00 1954.00
725.00 2038.00
821.00 2060.00
1790.00 1998.00
1086.00 2040.00
903.00 2089.00
927.00 2145.00
1529.00 2131.00
822.00 2243.00
970.00 2277.00
1015.00 2393.00
1200.00 2371.00
923.00 2434.00
689.00 2610.00
760.00 2619.00
1017.00 2614.00
1121.00 2621.00
1565.00 2609.00
687.00 2794.00
