1718.00 377.00
1964.00 425.00
1742.00 482.00
1947.00 478.00
1995.00 498.00
1772.00 531.00
938.00 735.00
1987.00 594.00
2038.00 599.00
1875.00 608.00
1809.00 675.00
1855.00 660.00
1857.00 704.00
1908.00 702.00
1915.00 796.00
1338.00 793.00
1544.00 804.00
1239.00 920.00
1724.00 797.00
1759.00 841.00
1686.00 940.00
1239.00 999.00
1343.00 935.00
1490.00 944.00
1436.00 963.00
2093.00 949.00
1870.00 988.00
2029.00 973.00
1461.00 1020.00
1892.00 1058.00
1945.00 1073.00
1824.00 1071.00
1879.00 1123.00
2092.00 1084.00
1925.00 1141.00
1521.00 1132.00
1428.00 1152.00
2146.00 1159.00
1562.00 1227.00
1842.00 1185.00
1975.00 1188.00
1880.00 1242.00
1634.00 1248.00
1518.00 1260.00
1948.00 1271.00
1603.00 1292.00
1766.00 1341.00
1526.00 1328.00
1988.00 1331.00
2029.00 1339.00
1725.00 1309.00
1661.00 1364.00
1599.00 1359.00
2117.00 1412.00
1869.00 1381.00
1808.00 1401.00
1851.00 1423.00
2001.00 1447.00
1933.00 1493.00
1998.00 1494.00
1516.00 1624.00
1756.00 1923.00
