1476.00 499.00
573.00 584.00
494.00 709.00
830.00 751.00
1641.00 741.00
966.00 840.00
410.00 838.00
308.00 842.00
484.00 873.00
938.00 961.00
1317.00 955.00
41.00 968.00
82.00 983.00
997.00 1022.00
542.00 1046.00
1677.00 1092.00
32.00 1136.00
949.00 1146.00
1207.00 1168.00
1326.00 1181.00
187.00 1191.00
676.00 1189.00
1210.00 1223.00
109.00 1199.00
1378.00 1242.00
1008.00 1228.00
232.00 1259.00
1472.00 1259.00
298.00 1274.00
22.00 1270.00
717.00 1292.00
590.00 1298.00
1583.00 1306.00
676.00 1311.00
977.00 1324.00
793.00 1355.00
478.00 1370.00
878.00 1364.00
922.00 1399.00
1096.00 1397.00
478.00 1423.00
164.00 1446.00
677.00 1393.00
632.00 1428.00
1022.00 1480.00
851.00 1444.00
218.00 1483.00
930.00 1461.00
46.00 1492.00
1100.00 1492.00
794.00 1502.00
477.00 1475.00
1529.00 1514.00
154.00 1504.00
643.00 1491.00
1287.00 1530.00
1573.00 1539.00
1682.00 1556.00
1723.00 1568.00
1485.00 1578.00
1419.00 1590.00
581.00 1628.00
1726.00 1624.00
572.00 1704.00
781.00 1710.00
907.00 1707.00
1039.00 1741.00
40.00 1752.00
910.00 1755.00
1117.00 1798.00
1234.00 1797.00
543.00 1819.00
74.00 1830.00
1302.00 1881.00
157.00 1898.00
13.00 1903.00
1304.00 1922.00
599.00 1944.00
469.00 1956.00
277.00 1966.00
231.00 1967.00
156.00 1970.00
80.00 1972.00
232.00 2040.00
83.00 2044.00
1041.00 2055.00
1224.00 2063.00
466.00 2098.00
274.00 2114.00
226.00 2115.00
160.00 2117.00
81.00 2121.00
552.00 2109.00
638.00 2134.00
594.00 2144.00
836.00 2156.00
303.00 2173.00
466.00 2169.00
225.00 2190.00
1308.00 2193.00
595.00 2212.00
550.00 2222.00
687.00 2255.00
69.00 2273.00
110.00 2271.00
245.00 2288.00
598.00 2279.00
464.00 2313.00
267.00 2341.00
79.00 2352.00
600.00 2347.00
1158.00 2362.00
641.00 2384.00
461.00 2389.00
883.00 2382.00
266.00 2419.00
141.00 2423.00
215.00 2421.00
65.00 2429.00
461.00 2440.00
14.00 2467.00
265.00 2473.00
67.00 2482.00
213.00 2478.00
938.00 2464.00
462.00 2502.00
263.00 2541.00
132.00 2544.00
581.00 2577.00
594.00 2623.00
951.00 2643.00
331.00 2745.00
