2110.00 792.00
1420.00 840.00
2103.00 920.00
1922.00 929.00
1766.00 979.00
1647.00 983.00
1503.00 1027.00
1244.00 1013.00
1836.00 1062.00
1153.00 1039.00
594.00 1110.00
1375.00 1071.00
1239.00 1071.00
1019.00 1097.00
1409.00 1116.00
393.00 1182.00
1177.00 1156.00
1293.00 1182.00
1382.00 1207.00
1252.00 1207.00
2078.00 1235.00
1047.00 1212.00
1511.00 1236.00
1176.00 1251.00
1390.00 1301.00
1259.00 1304.00
984.00 1310.00
1611.00 1326.00
1823.00 1375.00
1699.00 1367.00
427.00 1390.00
1171.00 1410.00
2066.00 1535.00
1901.00 1539.00
1783.00 1566.00
1019.00 1502.00
2112.00 1586.00
1810.00 1643.00
93.00 1706.00
