2022.00 68.00
1120.00 64.00
1193.00 118.00
1228.00 184.00
1130.00 194.00
1293.00 245.00
1105.00 239.00
1835.00 288.00
1221.00 310.00
1293.00 293.00
1391.00 356.00
1839.00 397.00
1142.00 367.00
1251.00 352.00
683.00 309.00
2104.00 359.00
952.00 362.00
1340.00 430.00
1133.00 421.00
1845.00 479.00
2051.00 408.00
1000.00 388.00
2006.00 406.00
1370.00 481.00
1221.00 455.00
1326.00 477.00
1164.00 487.00
1765.00 514.00
1848.00 526.00
1255.00 546.00
1106.00 539.00
161.00 494.00
1116.00 586.00
1166.00 587.00
234.00 538.00
1296.00 647.00
645.00 565.00
1214.00 635.00
1107.00 637.00
945.00 660.00
1167.00 669.00
1297.00 722.00
276.00 630.00
1164.00 713.00
1256.00 728.00
983.00 708.00
1050.00 718.00
1297.00 770.00
2129.00 766.00
459.00 690.00
1196.00 761.00
1087.00 767.00
780.00 729.00
1216.00 809.00
1298.00 817.00
1107.00 831.00
1237.00 861.00
665.00 829.00
2016.00 874.00
1024.00 847.00
1298.00 893.00
757.00 851.00
1868.00 876.00
1237.00 906.00
1132.00 902.00
809.00 865.00
960.00 869.00
1400.00 936.00
869.00 886.00
1502.00 944.00
1299.00 943.00
1574.00 949.00
1217.00 947.00
1781.00 964.00
664.00 927.00
810.00 913.00
1149.00 951.00
594.00 962.00
664.00 968.00
1107.00 1004.00
1165.00 1003.00
1238.00 1002.00
1024.00 982.00
2121.00 1014.00
2025.00 1040.00
1021.00 1062.00
1133.00 1066.00
1301.00 1091.00
2118.00 1130.00
1342.00 1127.00
665.00 1085.00
1294.00 1168.00
2104.00 1198.00
1944.00 1187.00
1296.00 1221.00
1887.00 1226.00
1897.00 1268.00
2112.00 1283.00
1006.00 1315.00
1296.00 1350.00
2118.00 1354.00
1951.00 1325.00
1468.00 1398.00
1320.00 1445.00
1387.00 1447.00
1477.00 1448.00
1543.00 1449.00
1696.00 1451.00
918.00 1454.00
1963.00 1509.00
1303.00 1545.00
1008.00 1568.00
1711.00 1587.00
1982.00 1610.00
978.00 1632.00
1699.00 1628.00
1308.00 1640.00
1610.00 1711.00
2022.00 1705.00
1305.00 1696.00
1305.00 1738.00
827.00 1775.00
1306.00 1786.00
697.00 1782.00
1306.00 1856.00
1308.00 1900.00
831.00 1932.00
1012.00 1904.00
1678.00 1948.00
902.00 1967.00
710.00 1976.00
665.00 1990.00
1674.00 1991.00
970.00 2002.00
1051.00 2000.00
922.00 2011.00
809.00 2016.00
1315.00 2015.00
1493.00 2024.00
1401.00 2031.00
1146.00 2046.00
1081.00 2053.00
973.00 2063.00
842.00 2057.00
1199.00 2077.00
1463.00 2098.00
1140.00 2121.00
1040.00 2126.00
1186.00 2131.00
1510.00 2139.00
911.00 2145.00
1830.00 2136.00
