1212.00 260.00
1174.00 338.00
1323.00 447.00
1243.00 532.00
1118.00 611.00
1370.00 673.00
1146.00 669.00
1350.00 738.00
1497.00 812.00
1321.00 842.00
884.00 819.00
359.00 744.00
1359.00 919.00
1300.00 905.00
843.00 858.00
1507.00 946.00
27.00 747.00
1239.00 953.00
800.00 975.00
727.00 986.00
636.00 956.00
1426.00 1064.00
173.00 925.00
1517.00 1098.00
691.00 1059.00
978.00 1063.00
439.00 1001.00
543.00 1028.00
480.00 1028.00
1132.00 1135.00
849.00 1118.00
1425.00 1188.00
1055.00 1146.00
942.00 1135.00
1136.00 1189.00
929.00 1187.00
585.00 1166.00
839.00 1229.00
267.00 1144.00
591.00 1207.00
1031.00 1259.00
1116.00 1260.00
738.00 1247.00
931.00 1259.00
972.00 1291.00
845.00 1290.00
580.00 1253.00
925.00 1314.00
236.00 1262.00
320.00 1274.00
138.00 1257.00
1436.00 1365.00
692.00 1340.00
881.00 1360.00
549.00 1336.00
1512.00 1421.00
64.00 1283.00
958.00 1374.00
736.00 1389.00
815.00 1399.00
531.00 1379.00
902.00 1476.00
111.00 1415.00
800.00 1497.00
1022.00 1517.00
747.00 1510.00
306.00 1501.00
366.00 1513.00
1405.00 1572.00
153.00 1520.00
358.00 1579.00
1470.00 1697.00
1384.00 1849.00
311.00 1846.00
245.00 1921.00
189.00 1947.00
