2066.00 440.00
2115.00 456.00
701.00 724.00
1214.00 665.00
1072.00 696.00
2059.00 527.00
2132.00 569.00
696.00 841.00
1829.00 646.00
1258.00 736.00
1111.00 749.00
930.00 822.00
770.00 862.00
1608.00 775.00
1536.00 792.00
821.00 918.00
1594.00 846.00
2054.00 786.00
2037.00 841.00
1621.00 896.00
2095.00 858.00
1864.00 936.00
1119.00 1031.00
1346.00 1034.00
2087.00 937.00
770.00 1075.00
2032.00 945.00
990.00 1059.00
555.00 1115.00
638.00 1128.00
1672.00 1041.00
1852.00 1027.00
358.00 1174.00
729.00 1149.00
2067.00 1036.00
2145.00 1013.00
904.00 1152.00
1385.00 1118.00
1711.00 1104.00
495.00 1212.00
1257.00 1164.00
1155.00 1189.00
1325.00 1181.00
991.00 1220.00
2059.00 1088.00
804.00 1245.00
571.00 1264.00
623.00 1268.00
1975.00 1164.00
1211.00 1260.00
988.00 1290.00
805.00 1309.00
318.00 1344.00
1277.00 1288.00
442.00 1348.00
494.00 1351.00
345.00 1392.00
757.00 1343.00
1526.00 1302.00
1015.00 1349.00
1745.00 1289.00
2058.00 1274.00
740.00 1429.00
317.00 1453.00
1064.00 1397.00
996.00 1405.00
922.00 1412.00
1133.00 1398.00
835.00 1419.00
1206.00 1432.00
2147.00 1317.00
1277.00 1399.00
1740.00 1349.00
677.00 1436.00
1634.00 1358.00
615.00 1441.00
1593.00 1361.00
558.00 1446.00
501.00 1490.00
1419.00 1398.00
1492.00 1409.00
2051.00 1369.00
1861.00 1400.00
1775.00 1396.00
372.00 1506.00
1509.00 1457.00
437.00 1520.00
1066.00 1485.00
932.00 1496.00
1135.00 1485.00
866.00 1501.00
802.00 1507.00
1208.00 1485.00
740.00 1512.00
676.00 1517.00
616.00 1522.00
1280.00 1484.00
555.00 1528.00
499.00 1534.00
1427.00 1538.00
1210.00 1551.00
1138.00 1571.00
933.00 1566.00
738.00 1555.00
1067.00 1562.00
675.00 1609.00
1428.00 1579.00
2049.00 1538.00
933.00 1614.00
1212.00 1616.00
866.00 1630.00
1011.00 1654.00
1297.00 1664.00
1535.00 1663.00
800.00 1716.00
864.00 1711.00
1093.00 1689.00
1140.00 1700.00
1381.00 1666.00
672.00 1723.00
1231.00 1713.00
1668.00 1709.00
1418.00 1745.00
1303.00 1790.00
930.00 1799.00
1366.00 1789.00
1200.00 1839.00
733.00 1864.00
1184.00 1908.00
677.00 1953.00
893.00 1920.00
938.00 1918.00
1282.00 1951.00
1200.00 1976.00
1464.00 1997.00
1202.00 2026.00
865.00 2060.00
1565.00 2100.00
1372.00 2107.00
731.00 2180.00
948.00 2223.00
708.00 2280.00
831.00 2335.00
