1399.00 306.00
804.00 367.00
1180.00 371.00
1491.00 331.00
1424.00 356.00
1264.00 360.00
1034.00 387.00
1259.00 429.00
991.00 436.00
578.00 455.00
1634.00 481.00
1449.00 510.00
1393.00 529.00
37.00 545.00
1566.00 564.00
1451.00 558.00
1493.00 580.00
646.00 533.00
1561.00 617.00
1504.00 623.00
1383.00 630.00
1333.00 636.00
1385.00 674.00
250.00 621.00
703.00 630.00
505.00 654.00
1294.00 759.00
314.00 643.00
1450.00 664.00
1498.00 673.00
758.00 617.00
1288.00 699.00
1528.00 716.00
841.00 661.00
445.00 678.00
403.00 674.00
516.00 704.00
1322.00 836.00
1575.00 814.00
92.00 771.00
783.00 725.00
675.00 750.00
51.00 765.00
761.00 766.00
324.00 773.00
1379.00 864.00
287.00 828.00
336.00 830.00
930.00 842.00
1266.00 926.00
1066.00 835.00
580.00 896.00
1271.00 969.00
1324.00 1014.00
1561.00 1039.00
1462.00 1015.00
1490.00 1066.00
801.00 949.00
741.00 964.00
1322.00 1080.00
1407.00 1090.00
501.00 1062.00
1036.00 1061.00
740.00 1059.00
1568.00 1228.00
1429.00 1240.00
1495.00 1235.00
1184.00 1251.00
84.00 1146.00
1339.00 1258.00
151.00 1167.00
1061.00 1261.00
1537.00 1325.00
153.00 1221.00
1481.00 1329.00
1285.00 1361.00
1433.00 1429.00
1532.00 1549.00
1486.00 1536.00
1281.00 1558.00
