1642.00 247.00
1521.00 293.00
1428.00 332.00
1378.00 359.00
1952.00 360.00
1776.00 421.00
1462.00 384.00
1330.00 431.00
1074.00 458.00
1598.00 479.00
1233.00 494.00
992.00 488.00
1819.00 514.00
1383.00 517.00
2143.00 528.00
1727.00 542.00
1650.00 565.00
1496.00 614.00
866.00 618.00
1802.00 649.00
1335.00 742.00
1183.00 691.00
861.00 756.00
1505.00 808.00
672.00 735.00
1201.00 795.00
886.00 818.00
1576.00 925.00
807.00 897.00
1973.00 952.00
1336.00 923.00
1392.00 975.00
1204.00 961.00
1611.00 1040.00
1338.00 1040.00
1202.00 1078.00
1393.00 1074.00
1263.00 1081.00
1513.00 1063.00
1599.00 1089.00
1201.00 1130.00
2110.00 1140.00
1831.00 1181.00
1340.00 1149.00
1220.00 1188.00
1516.00 1194.00
2132.00 1193.00
1939.00 1201.00
746.00 1179.00
1872.00 1211.00
2010.00 1216.00
1379.00 1212.00
1287.00 1233.00
1568.00 1245.00
1960.00 1245.00
1698.00 1251.00
1850.00 1272.00
813.00 1265.00
1640.00 1271.00
1770.00 1287.00
1990.00 1315.00
1452.00 1317.00
1710.00 1300.00
1763.00 1346.00
1853.00 1355.00
1295.00 1385.00
2032.00 1387.00
1969.00 1400.00
851.00 1418.00
1855.00 1412.00
1313.00 1431.00
2034.00 1470.00
1609.00 1431.00
1973.00 1462.00
1727.00 1445.00
1401.00 1489.00
1249.00 1507.00
1906.00 1501.00
1605.00 1503.00
2030.00 1531.00
1978.00 1531.00
1727.00 1506.00
1461.00 1592.00
1909.00 1553.00
1564.00 1543.00
1614.00 1565.00
1316.00 1564.00
1236.00 1568.00
1983.00 1610.00
1275.00 1648.00
2076.00 1643.00
1668.00 1839.00
1502.00 1905.00
1986.00 2085.00
1668.00 2192.00
1732.00 2226.00
1553.00 2242.00
1367.00 2311.00
1515.00 2309.00
1321.00 2343.00
1537.00 2422.00
1849.00 2441.00
1579.00 2427.00
1487.00 2545.00
1263.00 2516.00
