206.00 235.00
1182.00 313.00
1082.00 365.00
1143.00 440.00
589.00 423.00
1177.00 483.00
639.00 431.00
1791.00 525.00
256.00 568.00
213.00 579.00
1733.00 667.00
402.00 610.00
355.00 606.00
1687.00 679.00
1023.00 642.00
966.00 649.00
304.00 652.00
361.00 647.00
1754.00 712.00
1508.00 711.00
1421.00 793.00
1239.00 826.00
1283.00 832.00
1491.00 879.00
138.00 820.00
449.00 886.00
1431.00 904.00
1792.00 942.00
1745.00 950.00
1384.00 955.00
726.00 998.00
1543.00 1037.00
1149.00 1028.00
1719.00 1028.00
1612.00 1060.00
1226.00 1060.00
1126.00 1069.00
80.00 1075.00
1579.00 1103.00
1185.00 1085.00
205.00 1026.00
892.00 1103.00
1507.00 1124.00
752.00 1144.00
844.00 1163.00
345.00 1179.00
208.00 1175.00
1544.00 1190.00
1634.00 1196.00
919.00 1209.00
878.00 1214.00
568.00 1230.00
208.00 1226.00
1466.00 1235.00
1690.00 1243.00
1090.00 1247.00
257.00 1238.00
1622.00 1247.00
1564.00 1255.00
35.00 1254.00
1363.00 1278.00
205.00 1279.00
1803.00 1289.00
1306.00 1299.00
1131.00 1303.00
252.00 1289.00
480.00 1299.00
115.00 1302.00
541.00 1307.00
692.00 1312.00
348.00 1310.00
1464.00 1313.00
603.00 1324.00
1565.00 1341.00
42.00 1345.00
1168.00 1349.00
809.00 1355.00
740.00 1364.00
1841.00 1359.00
479.00 1360.00
133.00 1359.00
1738.00 1361.00
343.00 1360.00
645.00 1394.00
1689.00 1378.00
843.00 1399.00
1322.00 1400.00
1499.00 1402.00
27.00 1423.00
1124.00 1423.00
1063.00 1432.00
1559.00 1418.00
1803.00 1439.00
1243.00 1430.00
757.00 1425.00
928.00 1439.00
613.00 1457.00
1418.00 1451.00
1467.00 1457.00
806.00 1485.00
875.00 1468.00
1633.00 1480.00
762.00 1498.00
1723.00 1473.00
687.00 1492.00
1136.00 1492.00
924.00 1484.00
1570.00 1491.00
1260.00 1509.00
1524.00 1510.00
1471.00 1508.00
1422.00 1509.00
804.00 1527.00
230.00 1533.00
159.00 1551.00
1731.00 1534.00
861.00 1547.00
1132.00 1566.00
1450.00 1557.00
1532.00 1563.00
1827.00 1564.00
1574.00 1565.00
913.00 1586.00
1659.00 1575.00
1463.00 1603.00
1617.00 1594.00
1462.00 1661.00
1537.00 1630.00
1623.00 1641.00
1578.00 1653.00
194.00 1677.00
607.00 1674.00
343.00 1682.00
879.00 1693.00
1419.00 1667.00
1099.00 1699.00
253.00 1744.00
1287.00 1731.00
1187.00 1749.00
415.00 1793.00
1050.00 1769.00
849.00 1792.00
950.00 1802.00
549.00 1845.00
1625.00 1777.00
698.00 1839.00
866.00 1833.00
1135.00 1853.00
1279.00 1882.00
1661.00 1867.00
1219.00 1889.00
1472.00 1862.00
609.00 1918.00
697.00 1939.00
656.00 1958.00
966.00 1948.00
1229.00 1934.00
1036.00 1952.00
1082.00 1948.00
1535.00 1931.00
1770.00 1926.00
1821.00 1947.00
1292.00 1986.00
1473.00 1965.00
685.00 2023.00
1240.00 1979.00
954.00 2008.00
1580.00 1971.00
1071.00 1997.00
1147.00 1999.00
762.00 2022.00
843.00 2041.00
459.00 2078.00
337.00 2092.00
1164.00 2053.00
1799.00 2022.00
1671.00 2032.00
892.00 2096.00
550.00 2139.00
410.00 2169.00
1590.00 2078.00
950.00 2140.00
1000.00 2125.00
1371.00 2120.00
347.00 2202.00
277.00 2159.00
1239.00 2117.00
185.00 2231.00
1478.00 2153.00
1238.00 2161.00
634.00 2189.00
574.00 2234.00
1420.00 2153.00
1151.00 2184.00
1080.00 2201.00
1019.00 2217.00
217.00 2305.00
1725.00 2161.00
9.00 2311.00
303.00 2255.00
475.00 2278.00
639.00 2263.00
1239.00 2227.00
50.00 2331.00
871.00 2290.00
1062.00 2281.00
146.00 2377.00
251.00 2377.00
45.00 2393.00
870.00 2340.00
1159.00 2329.00
1267.00 2321.00
1091.00 2341.00
1557.00 2332.00
209.00 2437.00
1212.00 2346.00
896.00 2389.00
1304.00 2368.00
21.00 2513.00
266.00 2494.00
605.00 2485.00
654.00 2496.00
970.00 2472.00
1554.00 2428.00
1600.00 2424.00
1371.00 2446.00
261.00 2596.00
1258.00 2526.00
1557.00 2469.00
1392.00 2519.00
1117.00 2497.00
792.00 2580.00
215.00 2640.00
1490.00 2529.00
1116.00 2611.00
1800.00 2566.00
1471.00 2606.00
419.00 2672.00
980.00 2618.00
1420.00 2598.00
1756.00 2643.00
877.00 2741.00
1355.00 2657.00
795.00 2795.00
