484.00 91.00
480.00 145.00
971.00 314.00
539.00 194.00
333.00 194.00
167.00 202.00
111.00 245.00
144.00 293.00
536.00 412.00
1142.00 560.00
1310.00 624.00
670.00 492.00
74.00 449.00
259.00 451.00
1084.00 626.00
317.00 514.00
1565.00 736.00
1117.00 694.00
1313.00 718.00
1451.00 785.00
1024.00 713.00
318.00 568.00
954.00 668.00
887.00 713.00
1172.00 787.00
955.00 751.00
740.00 710.00
318.00 679.00
66.00 645.00
1271.00 866.00
1005.00 806.00
506.00 726.00
721.00 775.00
200.00 765.00
638.00 789.00
1074.00 893.00
61.00 757.00
948.00 859.00
527.00 831.00
127.00 778.00
890.00 912.00
646.00 898.00
723.00 998.00
827.00 978.00
126.00 850.00
1131.00 1030.00
1271.00 1057.00
353.00 925.00
1024.00 1036.00
873.00 1020.00
583.00 1056.00
432.00 1032.00
1042.00 1105.00
1133.00 1112.00
121.00 1023.00
1200.00 1211.00
772.00 1152.00
142.00 1118.00
1303.00 1226.00
667.00 1190.00
519.00 1210.00
1053.00 1214.00
773.00 1221.00
878.00 1238.00
1255.00 1309.00
1408.00 1316.00
820.00 1291.00
773.00 1274.00
1476.00 1355.00
40.00 1265.00
1055.00 1356.00
1141.00 1385.00
1409.00 1370.00
1453.00 1412.00
1068.00 1398.00
872.00 1405.00
1197.00 1425.00
645.00 1408.00
994.00 1391.00
1090.00 1443.00
163.00 1403.00
555.00 1401.00
1410.00 1474.00
293.00 1413.00
740.00 1402.00
745.00 1455.00
29.00 1440.00
744.00 1497.00
1563.00 1543.00
668.00 1509.00
1412.00 1562.00
625.00 1530.00
1029.00 1509.00
1189.00 1542.00
905.00 1555.00
665.00 1574.00
1414.00 1616.00
1225.00 1594.00
1016.00 1599.00
623.00 1607.00
220.00 1598.00
686.00 1627.00
42.00 1638.00
890.00 1648.00
1081.00 1665.00
326.00 1658.00
846.00 1718.00
749.00 1717.00
1133.00 1745.00
673.00 1754.00
1318.00 1766.00
746.00 1765.00
441.00 1767.00
1088.00 1809.00
226.00 1824.00
725.00 1823.00
1363.00 1860.00
876.00 1877.00
734.00 1881.00
202.00 1900.00
91.00 1903.00
432.00 1932.00
561.00 1930.00
866.00 1947.00
209.00 1985.00
493.00 1979.00
535.00 2015.00
174.00 2128.00
318.00 2213.00
174.00 2226.00
79.00 2231.00
13.00 2231.00
753.00 2207.00
953.00 2218.00
523.00 2250.00
451.00 2254.00
292.00 2278.00
70.00 2293.00
798.00 2259.00
1431.00 2281.00
216.00 2378.00
748.00 2356.00
685.00 2372.00
516.00 2417.00
316.00 2442.00
426.00 2496.00
15.00 2532.00
169.00 2516.00
894.00 2471.00
172.00 2573.00
734.00 2532.00
1043.00 2601.00
871.00 2657.00
717.00 2805.00
