259.00 70.00
1946.00 67.00
319.00 108.00
1513.00 84.00
639.00 110.00
317.00 162.00
253.00 224.00
1475.00 182.00
1695.00 172.00
1526.00 205.00
518.00 263.00
1590.00 245.00
1455.00 258.00
887.00 288.00
1996.00 273.00
191.00 324.00
1708.00 331.00
481.00 388.00
169.00 407.00
323.00 378.00
2124.00 354.00
217.00 381.00
2071.00 392.00
522.00 376.00
571.00 434.00
1982.00 411.00
755.00 432.00
221.00 440.00
520.00 457.00
1989.00 456.00
563.00 480.00
1050.00 504.00
2139.00 499.00
517.00 514.00
1655.00 531.00
980.00 572.00
1375.00 557.00
1427.00 560.00
1099.00 565.00
2000.00 567.00
263.00 568.00
1842.00 574.00
516.00 574.00
666.00 559.00
2134.00 568.00
137.00 600.00
1429.00 603.00
1052.00 613.00
1101.00 642.00
239.00 614.00
515.00 636.00
904.00 635.00
742.00 654.00
1289.00 624.00
1432.00 647.00
929.00 678.00
513.00 694.00
234.00 676.00
1212.00 693.00
910.00 745.00
1899.00 704.00
1054.00 719.00
2037.00 738.00
250.00 733.00
308.00 755.00
1902.00 745.00
1388.00 751.00
1952.00 748.00
515.00 774.00
731.00 757.00
411.00 795.00
912.00 810.00
998.00 807.00
1442.00 811.00
1393.00 805.00
742.00 826.00
859.00 844.00
1800.00 809.00
1594.00 832.00
221.00 847.00
1536.00 854.00
427.00 848.00
302.00 875.00
1725.00 872.00
913.00 864.00
728.00 877.00
1198.00 897.00
588.00 893.00
379.00 901.00
206.00 894.00
1956.00 888.00
1634.00 894.00
1514.00 899.00
1346.00 897.00
1062.00 907.00
1396.00 908.00
915.00 918.00
1693.00 933.00
1895.00 932.00
102.00 908.00
1774.00 965.00
579.00 956.00
279.00 960.00
1479.00 965.00
847.00 973.00
1815.00 971.00
1111.00 988.00
411.00 983.00
198.00 990.00
301.00 1007.00
1680.00 1003.00
408.00 1026.00
1621.00 1038.00
909.00 1047.00
1948.00 1027.00
823.00 1056.00
591.00 1052.00
452.00 1019.00
1773.00 1058.00
538.00 1035.00
668.00 1064.00
405.00 1067.00
1719.00 1072.00
274.00 1091.00
1005.00 1084.00
940.00 1097.00
717.00 1100.00
853.00 1104.00
485.00 1104.00
672.00 1110.00
406.00 1113.00
1798.00 1115.00
1049.00 1134.00
1982.00 1141.00
2114.00 1142.00
770.00 1156.00
352.00 1126.00
464.00 1155.00
1204.00 1155.00
271.00 1167.00
1021.00 1178.00
1153.00 1169.00
141.00 1182.00
680.00 1168.00
831.00 1170.00
1767.00 1162.00
1705.00 1181.00
593.00 1182.00
787.00 1204.00
2076.00 1202.00
487.00 1216.00
1023.00 1219.00
838.00 1231.00
544.00 1233.00
1177.00 1257.00
1928.00 1249.00
1115.00 1253.00
1711.00 1282.00
2105.00 1266.00
1780.00 1270.00
1054.00 1271.00
427.00 1304.00
940.00 1300.00
2148.00 1291.00
54.00 1311.00
1775.00 1311.00
706.00 1317.00
497.00 1325.00
310.00 1338.00
756.00 1328.00
570.00 1337.00
1679.00 1352.00
1972.00 1368.00
1305.00 1377.00
484.00 1385.00
1779.00 1381.00
1183.00 1379.00
1842.00 1397.00
621.00 1407.00
1548.00 1407.00
904.00 1411.00
1464.00 1426.00
398.00 1469.00
1608.00 1458.00
1982.00 1468.00
1564.00 1499.00
2095.00 1510.00
1670.00 1511.00
1926.00 1528.00
1614.00 1539.00
1741.00 1527.00
887.00 1590.00
1711.00 1591.00
2013.00 1607.00
1625.00 1616.00
2072.00 1625.00
1022.00 1648.00
1751.00 1643.00
1710.00 1655.00
168.00 1652.00
219.00 1654.00
637.00 1665.00
290.00 1669.00
553.00 1681.00
594.00 1682.00
226.00 1697.00
161.00 1705.00
316.00 1711.00
638.00 1718.00
1654.00 1751.00
1726.00 1791.00
2055.00 1807.00
645.00 1837.00
1040.00 1865.00
876.00 1869.00
1881.00 1904.00
803.00 1945.00
844.00 1944.00
1046.00 2130.00
1647.00 2131.00
1854.00 2159.00
1564.00 2170.00
1420.00 2202.00
1095.00 2231.00
666.00 2203.00
366.00 2253.00
1232.00 2312.00
1219.00 2396.00
816.00 2428.00
1161.00 2472.00
910.00 2473.00
845.00 2517.00
588.00 2493.00
1096.00 2551.00
359.00 2560.00
412.00 2547.00
