1719.00 142.00
954.00 244.00
853.00 288.00
1556.00 377.00
1215.00 372.00
859.00 382.00
912.00 396.00
1129.00 413.00
1206.00 495.00
1511.00 532.00
1090.00 549.00
821.00 546.00
915.00 554.00
1245.00 576.00
1495.00 593.00
1640.00 572.00
1481.00 639.00
1551.00 645.00
1648.00 629.00
545.00 654.00
1480.00 716.00
647.00 745.00
1521.00 759.00
823.00 780.00
1135.00 797.00
1431.00 813.00
1779.00 864.00
859.00 868.00
1147.00 881.00
1412.00 881.00
1492.00 920.00
1188.00 925.00
1694.00 927.00
1530.00 995.00
727.00 988.00
1397.00 1033.00
1353.00 1085.00
821.00 1129.00
1400.00 1132.00
1497.00 1184.00
1217.00 1195.00
1048.00 1210.00
837.00 1235.00
1123.00 1224.00
1352.00 1277.00
1435.00 1302.00
1216.00 1336.00
1657.00 1345.00
331.00 1401.00
1191.00 1412.00
1713.00 1398.00
1313.00 1456.00
1173.00 1487.00
1375.00 1531.00
257.00 1523.00
1090.00 1529.00
1438.00 1513.00
1159.00 1540.00
1226.00 1547.00
1431.00 1570.00
1334.00 1504.00
1648.00 1561.00
1575.00 1657.00
1546.00 1741.00
777.00 1827.00
1401.00 1807.00
1637.00 1896.00
798.00 2012.00
1120.00 2021.00
1286.00 1971.00
1331.00 2082.00
1060.00 2149.00
663.00 2208.00
1004.00 2168.00
1259.00 2177.00
705.00 2227.00
572.00 2277.00
716.00 2271.00
650.00 2280.00
492.00 2276.00
1165.00 2278.00
924.00 2299.00
1231.00 2287.00
1548.00 2291.00
1114.00 2393.00
863.00 2370.00
1034.00 2382.00
980.00 2372.00
604.00 2435.00
