849.00 452.00
1017.00 396.00
243.00 390.00
714.00 450.00
849.00 505.00
1379.00 661.00
352.00 510.00
55.00 463.00
307.00 524.00
1130.00 694.00
256.00 537.00
45.00 599.00
160.00 608.00
233.00 649.00
950.00 783.00
621.00 737.00
869.00 788.00
1148.00 837.00
624.00 821.00
583.00 814.00
925.00 861.00
106.00 773.00
575.00 878.00
1080.00 907.00
1146.00 947.00
990.00 975.00
1103.00 1010.00
682.00 970.00
785.00 982.00
829.00 994.00
1286.00 1046.00
988.00 1027.00
930.00 1091.00
450.00 1035.00
571.00 1056.00
23.00 1009.00
1235.00 1156.00
840.00 1091.00
1194.00 1170.00
394.00 1109.00
481.00 1138.00
883.00 1201.00
156.00 1161.00
1094.00 1256.00
1318.00 1274.00
883.00 1254.00
1265.00 1296.00
1346.00 1367.00
121.00 1245.00
790.00 1279.00
729.00 1280.00
479.00 1272.00
1475.00 1414.00
137.00 1289.00
1528.00 1428.00
161.00 1377.00
1526.00 1506.00
1390.00 1515.00
1557.00 1694.00
100.00 1632.00
752.00 1671.00
499.00 1818.00
