1069.00 27.00
682.00 74.00
1567.00 229.00
617.00 198.00
989.00 201.00
87.00 268.00
1083.00 245.00
1249.00 183.00
848.00 289.00
889.00 282.00
365.00 327.00
472.00 353.00
969.00 382.00
1159.00 375.00
756.00 413.00
797.00 419.00
21.00 443.00
107.00 465.00
1103.00 498.00
9.00 533.00
444.00 545.00
1604.00 534.00
1364.00 554.00
213.00 597.00
736.00 576.00
120.00 606.00
270.00 606.00
794.00 611.00
1305.00 621.00
72.00 611.00
881.00 628.00
419.00 697.00
337.00 684.00
460.00 703.00
216.00 719.00
1315.00 738.00
757.00 749.00
1200.00 742.00
71.00 762.00
247.00 801.00
1158.00 793.00
141.00 817.00
439.00 820.00
481.00 830.00
534.00 836.00
1483.00 823.00
1117.00 839.00
800.00 885.00
1442.00 836.00
899.00 887.00
1512.00 871.00
379.00 906.00
1933.00 896.00
1287.00 923.00
1616.00 919.00
964.00 929.00
377.00 964.00
1809.00 947.00
781.00 966.00
1410.00 953.00
201.00 987.00
1265.00 991.00
1531.00 976.00
988.00 992.00
413.00 1027.00
71.00 1042.00
118.00 1044.00
759.00 1045.00
1482.00 1011.00
938.00 1053.00
1163.00 1047.00
638.00 1098.00
1233.00 1091.00
882.00 1117.00
1120.00 1115.00
275.00 1128.00
560.00 1130.00
759.00 1149.00
1163.00 1152.00
1285.00 1184.00
1150.00 1199.00
795.00 1208.00
385.00 1278.00
725.00 1290.00
369.00 1322.00
681.00 1341.00
1195.00 1319.00
1154.00 1357.00
1043.00 1340.00
540.00 1397.00
348.00 1364.00
453.00 1378.00
984.00 1378.00
1196.00 1362.00
1064.00 1393.00
560.00 1348.00
1155.00 1408.00
224.00 1430.00
387.00 1439.00
456.00 1443.00
656.00 1436.00
724.00 1439.00
1058.00 1445.00
1103.00 1444.00
1183.00 1449.00
566.00 1472.00
710.00 1492.00
669.00 1514.00
471.00 1563.00
528.00 1564.00
578.00 1565.00
691.00 1567.00
737.00 1568.00
598.00 1609.00
690.00 1644.00
751.00 1665.00
581.00 1731.00
644.00 1738.00
674.00 1786.00
583.00 1930.00
88.00 2266.00
112.00 2345.00
227.00 2495.00
159.00 2498.00
