613.00 118.00
595.00 165.00
1308.00 518.00
878.00 365.00
1484.00 680.00
1617.00 741.00
1366.00 723.00
1088.00 722.00
1753.00 852.00
1248.00 785.00
1358.00 814.00
1198.00 801.00
1452.00 872.00
1693.00 907.00
1527.00 914.00
1481.00 919.00
1199.00 864.00
1421.00 940.00
1760.00 978.00
1200.00 930.00
1354.00 951.00
1415.00 984.00
1472.00 995.00
1769.00 1115.00
1242.00 1053.00
1298.00 1055.00
1537.00 1113.00
1368.00 1111.00
1201.00 1087.00
1396.00 1152.00
1467.00 1208.00
1374.00 1195.00
1019.00 1144.00
161.00 1044.00
1332.00 1173.00
1296.00 1217.00
1115.00 1189.00
1366.00 1247.00
612.00 1126.00
1585.00 1272.00
213.00 1116.00
1299.00 1266.00
34.00 1128.00
1603.00 1317.00
1532.00 1323.00
1420.00 1306.00
1379.00 1314.00
1259.00 1312.00
864.00 1256.00
820.00 1258.00
1453.00 1361.00
60.00 1204.00
103.00 1213.00
1349.00 1355.00
486.00 1269.00
252.00 1232.00
1272.00 1364.00
881.00 1356.00
1452.00 1408.00
137.00 1267.00
271.00 1316.00
1599.00 1478.00
1420.00 1466.00
1333.00 1460.00
1482.00 1484.00
363.00 1388.00
1743.00 1541.00
684.00 1478.00
1268.00 1526.00
477.00 1479.00
25.00 1453.00
1552.00 1559.00
780.00 1529.00
1003.00 1511.00
1554.00 1624.00
1306.00 1612.00
745.00 1606.00
736.00 1657.00
1251.00 1679.00
1207.00 1674.00
1498.00 1712.00
590.00 1693.00
1669.00 1762.00
1552.00 1753.00
1721.00 1764.00
819.00 1831.00
1381.00 1910.00
1182.00 1883.00
1223.00 1892.00
686.00 1886.00
796.00 1892.00
1105.00 1909.00
1152.00 1924.00
1534.00 1935.00
929.00 1931.00
675.00 1951.00
1523.00 1983.00
1571.00 1984.00
1427.00 2017.00
1168.00 2026.00
1553.00 2061.00
1433.00 2122.00
1137.00 2217.00
864.00 2229.00
1439.00 2256.00
975.00 2297.00
1225.00 2299.00
729.00 2340.00
960.00 2359.00
461.00 2383.00
1018.00 2372.00
456.00 2452.00
