1000.00 394.00
1360.00 266.00
803.00 481.00
1251.00 327.00
1090.00 415.00
1205.00 388.00
1423.00 312.00
1059.00 472.00
1167.00 436.00
1144.00 492.00
1063.00 542.00
725.00 633.00
734.00 713.00
1335.00 542.00
1275.00 593.00
1410.00 563.00
873.00 738.00
1126.00 696.00
831.00 803.00
893.00 783.00
1065.00 762.00
1205.00 790.00
980.00 859.00
732.00 922.00
406.00 1017.00
1283.00 888.00
1366.00 828.00
703.00 1069.00
1779.00 715.00
1068.00 917.00
494.00 1060.00
1126.00 921.00
1024.00 951.00
895.00 1054.00
1195.00 951.00
1070.00 993.00
1189.00 1011.00
990.00 1064.00
1070.00 1064.00
1286.00 1026.00
937.00 1112.00
1434.00 1047.00
1117.00 1211.00
1390.00 1153.00
1048.00 1207.00
1018.00 1317.00
1293.00 1253.00
1076.00 1301.00
1394.00 1264.00
898.00 1343.00
966.00 1405.00
1016.00 1420.00
1298.00 1409.00
976.00 1461.00
1402.00 1452.00
1078.00 1472.00
743.00 1550.00
1495.00 1529.00
1161.00 1601.00
1027.00 1611.00
2130.00 1590.00
1438.00 1642.00
1589.00 1897.00
1381.00 2003.00
1495.00 2044.00
965.00 2001.00
1066.00 2015.00
759.00 1987.00
1611.00 2106.00
915.00 2016.00
1706.00 2104.00
1388.00 2091.00
1440.00 2101.00
1979.00 2198.00
1342.00 2112.00
1669.00 2168.00
1474.00 2168.00
1819.00 2224.00
2122.00 2354.00
895.00 2124.00
1207.00 2175.00
1128.00 2178.00
943.00 2173.00
1889.00 2353.00
1668.00 2315.00
1176.00 2238.00
1621.00 2370.00
1904.00 2441.00
1541.00 2420.00
1699.00 2468.00
915.00 2314.00
1088.00 2382.00
950.00 2367.00
1223.00 2433.00
1272.00 2509.00
1091.00 2497.00
1623.00 2656.00
886.00 2432.00
805.00 2394.00
1566.00 2721.00
1149.00 2558.00
1298.00 2604.00
1159.00 2648.00
1519.00 2801.00
1140.00 2721.00
1210.00 2733.00
1364.00 2803.00
