1077.00 249.00
1488.00 407.00
1829.00 504.00
1076.00 602.00
1170.00 660.00
168.00 574.00
1656.00 717.00
1231.00 707.00
172.00 616.00
1732.00 746.00
383.00 647.00
297.00 660.00
1578.00 808.00
1747.00 877.00
528.00 797.00
390.00 787.00
716.00 840.00
1496.00 930.00
903.00 882.00
2048.00 973.00
1217.00 944.00
340.00 877.00
1480.00 995.00
1084.00 991.00
2043.00 1040.00
964.00 955.00
1163.00 993.00
1206.00 994.00
1943.00 1101.00
925.00 1025.00
707.00 1020.00
1488.00 1127.00
1812.00 1183.00
1968.00 1167.00
1349.00 1156.00
1286.00 1162.00
2056.00 1218.00
283.00 1116.00
881.00 1159.00
560.00 1232.00
1572.00 1329.00
1144.00 1293.00
1082.00 1309.00
371.00 1325.00
909.00 1335.00
1425.00 1382.00
721.00 1355.00
265.00 1350.00
424.00 1345.00
1934.00 1487.00
1058.00 1412.00
1139.00 1450.00
366.00 1413.00
1355.00 1483.00
583.00 1441.00
1958.00 1528.00
1470.00 1515.00
263.00 1457.00
1856.00 1543.00
1364.00 1526.00
1998.00 1593.00
503.00 1554.00
824.00 1605.00
1863.00 1666.00
1911.00 1701.00
1244.00 1775.00
2022.00 1865.00
1841.00 1864.00
1443.00 1995.00
499.00 2041.00
1117.00 2205.00
1277.00 2216.00
