1511.00 986.00
690.00 1198.00
743.00 1233.00
634.00 1282.00
692.00 1278.00
194.00 1341.00
398.00 1268.00
476.00 1261.00
775.00 1319.00
634.00 1369.00
777.00 1399.00
726.00 1400.00
246.00 1380.00
955.00 1425.00
243.00 1435.00
294.00 1432.00
1540.00 1366.00
854.00 1490.00
977.00 1495.00
782.00 1535.00
332.00 1554.00
1537.00 1473.00
990.00 1558.00
203.00 1568.00
1553.00 1555.00
1017.00 1599.00
781.00 1654.00
593.00 1645.00
740.00 1653.00
349.00 1640.00
634.00 1665.00
8.00 1630.00
736.00 1703.00
780.00 1704.00
1261.00 1701.00
1051.00 1702.00
692.00 1733.00
552.00 1724.00
1355.00 1728.00
1352.00 1769.00
781.00 1835.00
982.00 1799.00
1195.00 1793.00
1049.00 1802.00
837.00 1829.00
719.00 1836.00
346.00 1855.00
1375.00 1853.00
1141.00 1856.00
1311.00 1864.00
1083.00 1950.00
1402.00 2003.00
344.00 1965.00
1088.00 1993.00
1331.00 2001.00
1047.00 2024.00
1368.00 2056.00
1284.00 2113.00
1032.00 2114.00
1161.00 2136.00
1417.00 2143.00
1032.00 2159.00
967.00 2201.00
840.00 2199.00
780.00 2200.00
923.00 2232.00
794.00 2262.00
484.00 2363.00
651.00 2394.00
284.00 2385.00
