1122.00 333.00
1244.00 359.00
1358.00 385.00
1270.00 403.00
1231.00 643.00
989.00 635.00
309.00 558.00
577.00 648.00
1371.00 780.00
964.00 786.00
1207.00 792.00
53.00 673.00
1523.00 810.00
1400.00 832.00
55.00 717.00
1440.00 899.00
297.00 771.00
1526.00 885.00
206.00 759.00
1227.00 929.00
1464.00 940.00
1528.00 947.00
133.00 846.00
1254.00 986.00
189.00 927.00
290.00 924.00
1625.00 1047.00
1692.00 1058.00
1651.00 1095.00
1111.00 1057.00
863.00 1049.00
154.00 988.00
1445.00 1120.00
637.00 1043.00
878.00 1120.00
961.00 1139.00
1367.00 1176.00
475.00 1108.00
1598.00 1196.00
1268.00 1191.00
1530.00 1234.00
962.00 1184.00
1201.00 1245.00
1528.00 1287.00
1682.00 1295.00
1289.00 1285.00
1592.00 1316.00
961.00 1274.00
163.00 1246.00
1295.00 1328.00
1507.00 1347.00
160.00 1290.00
354.00 1279.00
1314.00 1378.00
553.00 1334.00
957.00 1368.00
905.00 1385.00
1505.00 1407.00
1010.00 1379.00
1680.00 1430.00
1201.00 1410.00
957.00 1410.00
155.00 1361.00
230.00 1370.00
548.00 1391.00
1134.00 1455.00
1532.00 1509.00
1192.00 1479.00
437.00 1442.00
21.00 1425.00
1174.00 1521.00
980.00 1492.00
1589.00 1558.00
611.00 1510.00
434.00 1505.00
556.00 1513.00
1359.00 1560.00
894.00 1545.00
1622.00 1626.00
1506.00 1617.00
645.00 1599.00
1664.00 1650.00
1347.00 1668.00
1578.00 1686.00
659.00 1657.00
1405.00 1713.00
1347.00 1714.00
1162.00 1719.00
1120.00 1722.00
1255.00 1756.00
1485.00 1745.00
1297.00 1756.00
638.00 1737.00
595.00 1740.00
1072.00 1756.00
1125.00 1768.00
1528.00 1762.00
1581.00 1802.00
1471.00 1826.00
791.00 1825.00
968.00 1815.00
1303.00 1853.00
706.00 1820.00
608.00 1836.00
889.00 1840.00
511.00 1839.00
1466.00 1877.00
633.00 1880.00
491.00 1880.00
1356.00 1926.00
1362.00 1977.00
1731.00 1998.00
1461.00 1990.00
976.00 1993.00
1504.00 2006.00
1272.00 2021.00
642.00 2005.00
723.00 2035.00
974.00 2041.00
605.00 2071.00
1508.00 2090.00
1325.00 2120.00
971.00 2133.00
1079.00 2138.00
820.00 2149.00
614.00 2152.00
713.00 2168.00
1535.00 2168.00
1641.00 2189.00
1008.00 2185.00
1226.00 2196.00
1512.00 2210.00
1793.00 2202.00
1136.00 2250.00
1230.00 2243.00
885.00 2247.00
1351.00 2248.00
1513.00 2257.00
509.00 2270.00
1053.00 2279.00
1468.00 2281.00
1229.00 2289.00
708.00 2314.00
1152.00 2309.00
1518.00 2308.00
531.00 2322.00
1468.00 2340.00
1165.00 2365.00
1253.00 2371.00
1069.00 2381.00
606.00 2386.00
1669.00 2358.00
1545.00 2421.00
1538.00 2467.00
1299.00 2478.00
1149.00 2523.00
1548.00 2522.00
1844.00 2540.00
1490.00 2590.00
720.00 2655.00
1295.00 2651.00
1844.00 2652.00
1023.00 2703.00
