675.00 119.00
742.00 202.00
823.00 210.00
226.00 287.00
1521.00 174.00
1782.00 185.00
1526.00 224.00
225.00 382.00
1647.00 255.00
1716.00 270.00
372.00 454.00
1324.00 326.00
915.00 422.00
1470.00 351.00
818.00 417.00
1724.00 358.00
1155.00 418.00
1655.00 383.00
96.00 531.00
868.00 478.00
1260.00 466.00
1131.00 463.00
2082.00 416.00
1480.00 484.00
167.00 615.00
256.00 631.00
1160.00 591.00
514.00 661.00
357.00 681.00
2037.00 527.00
842.00 707.00
1135.00 643.00
1370.00 635.00
1037.00 670.00
558.00 726.00
969.00 691.00
894.00 690.00
358.00 857.00
1338.00 715.00
872.00 772.00
1494.00 739.00
1288.00 780.00
1040.00 806.00
530.00 847.00
2122.00 705.00
1966.00 704.00
1847.00 760.00
869.00 862.00
951.00 853.00
820.00 871.00
1344.00 855.00
1412.00 854.00
1183.00 894.00
1520.00 866.00
1667.00 874.00
586.00 954.00
1947.00 852.00
741.00 969.00
1292.00 946.00
1740.00 874.00
1858.00 930.00
626.00 1037.00
1101.00 1008.00
1187.00 1009.00
369.00 1024.00
818.00 1032.00
920.00 1032.00
1770.00 979.00
584.00 1072.00
1353.00 1014.00
737.00 1107.00
1697.00 1030.00
361.00 1127.00
874.00 1086.00
424.00 1126.00
1617.00 1099.00
2014.00 1072.00
1544.00 1109.00
597.00 1233.00
716.00 1188.00
845.00 1230.00
1223.00 1188.00
1537.00 1179.00
1461.00 1192.00
1311.00 1219.00
546.00 1293.00
675.00 1285.00
975.00 1280.00
762.00 1319.00
1675.00 1249.00
1334.00 1286.00
1256.00 1338.00
1158.00 1355.00
1036.00 1347.00
1384.00 1346.00
2143.00 1295.00
1988.00 1336.00
1242.00 1404.00
1528.00 1349.00
559.00 1447.00
1623.00 1362.00
864.00 1460.00
1781.00 1394.00
600.00 1502.00
1973.00 1397.00
1439.00 1429.00
1668.00 1421.00
2025.00 1406.00
1318.00 1464.00
1879.00 1477.00
976.00 1531.00
1536.00 1465.00
2100.00 1451.00
777.00 1521.00
2029.00 1478.00
1663.00 1507.00
668.00 1618.00
1976.00 1539.00
1461.00 1581.00
1635.00 1606.00
2035.00 1706.00
1823.00 1704.00
1743.00 1746.00
2090.00 1854.00
807.00 1966.00
1949.00 2001.00
