508.00 339.00
553.00 326.00
1018.00 314.00
853.00 390.00
832.00 452.00
307.00 517.00
511.00 540.00
1010.00 499.00
1384.00 461.00
1180.00 498.00
127.00 597.00
612.00 556.00
1559.00 459.00
783.00 594.00
298.00 655.00
507.00 634.00
1237.00 567.00
883.00 615.00
1987.00 511.00
2124.00 493.00
1386.00 582.00
281.00 698.00
807.00 647.00
1182.00 642.00
228.00 731.00
615.00 727.00
742.00 714.00
1480.00 657.00
438.00 761.00
1009.00 739.00
1092.00 769.00
784.00 765.00
608.00 769.00
719.00 778.00
1338.00 742.00
507.00 813.00
933.00 821.00
672.00 848.00
1093.00 811.00
1722.00 785.00
1246.00 821.00
1301.00 822.00
532.00 882.00
423.00 884.00
978.00 880.00
1559.00 826.00
1959.00 809.00
756.00 886.00
669.00 900.00
1703.00 844.00
1656.00 859.00
353.00 938.00
616.00 926.00
1046.00 909.00
1828.00 875.00
1149.00 926.00
539.00 984.00
918.00 953.00
443.00 994.00
856.00 969.00
1632.00 961.00
702.00 1001.00
1301.00 973.00
498.00 1015.00
915.00 1012.00
1197.00 1014.00
428.00 1041.00
259.00 1072.00
1127.00 1045.00
871.00 1060.00
674.00 1056.00
1006.00 1064.00
317.00 1083.00
1081.00 1089.00
437.00 1087.00
369.00 1102.00
1197.00 1068.00
1336.00 1067.00
1275.00 1073.00
1412.00 1081.00
745.00 1116.00
870.00 1118.00
626.00 1113.00
704.00 1126.00
1127.00 1136.00
1007.00 1106.00
1190.00 1140.00
1450.00 1129.00
1234.00 1123.00
599.00 1172.00
1100.00 1189.00
874.00 1190.00
457.00 1224.00
1195.00 1217.00
976.00 1228.00
2151.00 1250.00
267.00 1291.00
328.00 1327.00
1223.00 1334.00
972.00 1287.00
1100.00 1313.00
473.00 1363.00
769.00 1365.00
2132.00 1435.00
1180.00 1461.00
1243.00 1474.00
1293.00 1474.00
637.00 1475.00
2151.00 1549.00
721.00 1498.00
1598.00 1584.00
935.00 1541.00
718.00 1585.00
426.00 1592.00
1012.00 1559.00
557.00 1606.00
1367.00 1650.00
654.00 1637.00
931.00 1628.00
196.00 1680.00
321.00 1697.00
616.00 1696.00
1275.00 1738.00
779.00 1709.00
1548.00 1791.00
1117.00 1762.00
113.00 1743.00
563.00 1741.00
679.00 1689.00
632.00 1764.00
882.00 1768.00
1653.00 1844.00
1202.00 1828.00
1278.00 1834.00
923.00 1797.00
767.00 1786.00
655.00 1834.00
1358.00 1893.00
1520.00 1909.00
1408.00 1908.00
579.00 1873.00
1040.00 1879.00
779.00 1895.00
172.00 1880.00
727.00 1904.00
496.00 1908.00
1114.00 1931.00
1717.00 1990.00
101.00 1943.00
827.00 1959.00
706.00 1955.00
156.00 1986.00
1105.00 2049.00
507.00 2043.00
1015.00 2063.00
184.00 2063.00
1209.00 2096.00
1603.00 2143.00
106.00 2070.00
325.00 2088.00
1280.00 2130.00
1519.00 2148.00
515.00 2146.00
944.00 2112.00
