1017.00 578.00
485.00 728.00
558.00 737.00
1773.00 441.00
615.00 816.00
1613.00 705.00
861.00 859.00
1134.00 849.00
913.00 924.00
1668.00 910.00
1568.00 927.00
622.00 1136.00
1087.00 1059.00
1157.00 1054.00
1606.00 1009.00
1882.00 1030.00
1667.00 1097.00
1189.00 1170.00
961.00 1244.00
1615.00 1159.00
1828.00 1139.00
2136.00 1103.00
1005.00 1270.00
1098.00 1263.00
1492.00 1240.00
1854.00 1193.00
1621.00 1233.00
1414.00 1241.00
469.00 1380.00
1695.00 1276.00
1627.00 1308.00
1762.00 1301.00
1705.00 1360.00
1874.00 1345.00
1935.00 1346.00
1111.00 1412.00
1610.00 1416.00
1754.00 1428.00
1841.00 1440.00
1348.00 1483.00
1289.00 1506.00
2035.00 1453.00
1421.00 1517.00
1391.00 1577.00
1839.00 1577.00
1582.00 1603.00
1506.00 1602.00
1231.00 1631.00
1389.00 1653.00
1847.00 1660.00
1899.00 1692.00
1879.00 1822.00
912.00 2156.00
1222.00 2338.00
