947.00 320.00
1880.00 255.00
1866.00 318.00
1205.00 453.00
1858.00 407.00
1808.00 416.00
1275.00 498.00
2077.00 423.00
1202.00 533.00
2001.00 476.00
1395.00 542.00
1832.00 511.00
1203.00 596.00
1124.00 616.00
1122.00 676.00
2079.00 610.00
1394.00 695.00
683.00 768.00
1201.00 726.00
1801.00 697.00
477.00 832.00
1397.00 764.00
1158.00 791.00
1674.00 733.00
2148.00 733.00
1201.00 828.00
1296.00 822.00
1120.00 856.00
471.00 921.00
1610.00 817.00
1397.00 823.00
1705.00 837.00
940.00 921.00
579.00 964.00
1615.00 882.00
946.00 967.00
1716.00 915.00
865.00 987.00
1244.00 969.00
1620.00 940.00
582.00 1049.00
667.00 1062.00
1623.00 992.00
477.00 1084.00
1321.00 1056.00
1719.00 1020.00
1800.00 1037.00
1281.00 1106.00
946.00 1138.00
1861.00 1086.00
1690.00 1091.00
886.00 1175.00
1308.00 1176.00
1531.00 1153.00
974.00 1188.00
1160.00 1187.00
664.00 1215.00
1477.00 1219.00
922.00 1242.00
1984.00 1194.00
721.00 1263.00
1310.00 1230.00
825.00 1267.00
1711.00 1257.00
1929.00 1237.00
907.00 1287.00
1099.00 1308.00
1407.00 1297.00
1646.00 1288.00
1984.00 1276.00
674.00 1337.00
776.00 1354.00
1151.00 1344.00
1371.00 1344.00
1836.00 1329.00
1494.00 1337.00
1292.00 1359.00
1414.00 1358.00
728.00 1405.00
843.00 1393.00
1931.00 1383.00
795.00 1409.00
658.00 1434.00
1308.00 1426.00
1550.00 1416.00
540.00 1439.00
2042.00 1407.00
605.00 1444.00
1031.00 1439.00
1415.00 1433.00
1923.00 1444.00
1252.00 1466.00
1743.00 1468.00
1627.00 1468.00
1847.00 1482.00
802.00 1495.00
930.00 1510.00
1242.00 1514.00
2119.00 1510.00
1078.00 1522.00
710.00 1551.00
1747.00 1519.00
1874.00 1543.00
836.00 1551.00
942.00 1552.00
539.00 1570.00
588.00 1577.00
1124.00 1578.00
899.00 1583.00
994.00 1599.00
858.00 1608.00
1051.00 1607.00
1613.00 1609.00
489.00 1607.00
738.00 1621.00
815.00 1639.00
1379.00 1622.00
1565.00 1654.00
910.00 1675.00
1000.00 1662.00
1161.00 1680.00
712.00 1695.00
1393.00 1710.00
1088.00 1709.00
1027.00 1714.00
957.00 1701.00
774.00 1737.00
826.00 1729.00
1870.00 1781.00
1250.00 1773.00
901.00 1767.00
1394.00 1797.00
774.00 1799.00
1920.00 1826.00
669.00 1831.00
1886.00 1894.00
1114.00 1877.00
906.00 1924.00
1137.00 1946.00
1712.00 2019.00
774.00 2017.00
732.00 2037.00
464.00 2029.00
1780.00 2146.00
627.00 2098.00
1095.00 2128.00
923.00 2129.00
737.00 2132.00
1500.00 2188.00
616.00 2148.00
1786.00 2216.00
1038.00 2174.00
913.00 2192.00
660.00 2197.00
1590.00 2283.00
1654.00 2293.00
1076.00 2266.00
1788.00 2325.00
850.00 2253.00
1083.00 2310.00
1225.00 2341.00
1587.00 2404.00
1449.00 2438.00
1012.00 2409.00
493.00 2459.00
1005.00 2504.00
725.00 2468.00
1751.00 2600.00
1187.00 2567.00
1682.00 2585.00
1355.00 2606.00
1471.00 2617.00
753.00 2522.00
1228.00 2599.00
1585.00 2635.00
1133.00 2589.00
831.00 2573.00
504.00 2546.00
953.00 2603.00
655.00 2591.00
701.00 2603.00
561.00 2650.00
1249.00 2739.00
798.00 2729.00
751.00 2748.00
680.00 2777.00
