1470.00 274.00
1468.00 315.00
1330.00 330.00
442.00 51.00
950.00 343.00
915.00 398.00
1313.00 537.00
464.00 277.00
1333.00 578.00
911.00 500.00
1119.00 607.00
587.00 444.00
759.00 545.00
907.00 648.00
226.00 546.00
1159.00 757.00
639.00 620.00
1270.00 770.00
1069.00 766.00
905.00 710.00
1458.00 852.00
1159.00 815.00
828.00 705.00
1332.00 874.00
794.00 749.00
366.00 738.00
303.00 725.00
219.00 713.00
852.00 781.00
911.00 860.00
863.00 866.00
608.00 842.00
172.00 774.00
1310.00 980.00
533.00 860.00
606.00 888.00
593.00 946.00
1412.00 1071.00
8.00 852.00
717.00 972.00
336.00 915.00
135.00 855.00
1041.00 1012.00
1314.00 1086.00
482.00 956.00
1065.00 1063.00
602.00 993.00
1409.00 1128.00
857.00 1051.00
554.00 1002.00
67.00 943.00
911.00 1069.00
17.00 954.00
1313.00 1132.00
1181.00 1125.00
488.00 1007.00
198.00 969.00
312.00 1019.00
870.00 1098.00
877.00 1143.00
59.00 1018.00
1237.00 1181.00
598.00 1071.00
1412.00 1208.00
1368.00 1210.00
1155.00 1184.00
153.00 1026.00
479.00 1109.00
1296.00 1256.00
1356.00 1266.00
190.00 1106.00
847.00 1218.00
272.00 1140.00
57.00 1094.00
561.00 1232.00
1025.00 1248.00
1341.00 1307.00
183.00 1180.00
656.00 1241.00
53.00 1175.00
304.00 1207.00
1008.00 1300.00
445.00 1255.00
182.00 1225.00
607.00 1284.00
842.00 1315.00
1353.00 1392.00
482.00 1317.00
132.00 1316.00
557.00 1339.00
1349.00 1455.00
253.00 1297.00
36.00 1304.00
317.00 1374.00
206.00 1385.00
33.00 1373.00
563.00 1406.00
665.00 1461.00
1276.00 1512.00
162.00 1444.00
1333.00 1537.00
238.00 1433.00
489.00 1471.00
579.00 1502.00
781.00 1519.00
369.00 1474.00
301.00 1500.00
186.00 1521.00
634.00 1542.00
1304.00 1591.00
122.00 1508.00
249.00 1531.00
24.00 1525.00
744.00 1584.00
1259.00 1629.00
634.00 1585.00
121.00 1558.00
523.00 1584.00
821.00 1625.00
917.00 1615.00
189.00 1568.00
237.00 1574.00
504.00 1684.00
10.00 1645.00
373.00 1681.00
421.00 1700.00
271.00 1745.00
451.00 1748.00
961.00 1757.00
197.00 1739.00
1066.00 1782.00
360.00 1753.00
422.00 1789.00
149.00 1790.00
366.00 1831.00
792.00 1870.00
299.00 1857.00
623.00 1872.00
751.00 1876.00
427.00 1874.00
180.00 1883.00
131.00 1884.00
261.00 1904.00
686.00 1912.00
717.00 1971.00
1222.00 1979.00
1149.00 1997.00
348.00 1992.00
81.00 2013.00
722.00 2013.00
193.00 2010.00
410.00 2112.00
251.00 2145.00
1022.00 2167.00
774.00 2210.00
1241.00 2178.00
225.00 2186.00
922.00 2234.00
345.00 2235.00
198.00 2281.00
520.00 2261.00
104.00 2268.00
282.00 2280.00
768.00 2294.00
1128.00 2285.00
99.00 2337.00
601.00 2328.00
759.00 2338.00
309.00 2356.00
1106.00 2334.00
405.00 2364.00
993.00 2357.00
1244.00 2351.00
91.00 2424.00
511.00 2419.00
881.00 2406.00
440.00 2432.00
958.00 2415.00
252.00 2447.00
1418.00 2403.00
710.00 2493.00
807.00 2503.00
1364.00 2461.00
902.00 2538.00
1290.00 2539.00
634.00 2579.00
1362.00 2535.00
462.00 2617.00
863.00 2619.00
