1244.00 182.00
1293.00 220.00
1941.00 169.00
1754.00 201.00
1658.00 224.00
1239.00 257.00
1119.00 276.00
1160.00 318.00
1270.00 342.00
1890.00 351.00
1664.00 391.00
2055.00 438.00
1917.00 473.00
850.00 546.00
719.00 560.00
801.00 593.00
1341.00 515.00
757.00 616.00
607.00 661.00
1566.00 612.00
850.00 708.00
1531.00 695.00
2063.00 729.00
1712.00 718.00
1100.00 753.00
1059.00 769.00
1987.00 801.00
1226.00 805.00
2128.00 845.00
1856.00 871.00
2059.00 889.00
969.00 898.00
723.00 942.00
2145.00 892.00
916.00 906.00
1994.00 904.00
2087.00 943.00
962.00 953.00
1641.00 943.00
2142.00 933.00
2002.00 996.00
1227.00 985.00
1171.00 1017.00
1115.00 1037.00
1697.00 1055.00
2069.00 1014.00
1228.00 1066.00
1010.00 1079.00
1168.00 1090.00
1111.00 1112.00
2009.00 1099.00
613.00 1114.00
1700.00 1141.00
1975.00 1140.00
961.00 1168.00
1875.00 1178.00
1114.00 1187.00
631.00 1187.00
2095.00 1195.00
1007.00 1223.00
1953.00 1225.00
1877.00 1221.00
959.00 1239.00
1589.00 1249.00
1114.00 1268.00
2046.00 1269.00
1060.00 1285.00
777.00 1291.00
1904.00 1305.00
634.00 1348.00
957.00 1310.00
1231.00 1314.00
1547.00 1339.00
843.00 1353.00
575.00 1359.00
863.00 1405.00
1162.00 1413.00
606.00 1412.00
1715.00 1442.00
2128.00 1467.00
910.00 1467.00
1619.00 1533.00
1973.00 1547.00
1399.00 1617.00
1098.00 1653.00
1727.00 1766.00
1482.00 1732.00
1425.00 1754.00
1412.00 1807.00
1774.00 1825.00
1997.00 1852.00
1240.00 1818.00
1299.00 1822.00
1999.00 1916.00
1635.00 1913.00
1786.00 1949.00
1394.00 1933.00
1475.00 1944.00
1738.00 1960.00
1225.00 1941.00
1639.00 1988.00
1384.00 1996.00
1447.00 2003.00
1271.00 2008.00
1386.00 2129.00
1231.00 2144.00
1747.00 2160.00
1251.00 2221.00
1752.00 2287.00
1702.00 2298.00
1831.00 2329.00
1327.00 2310.00
1418.00 2318.00
1262.00 2345.00
1652.00 2386.00
1397.00 2396.00
1449.00 2410.00
1251.00 2427.00
1998.00 2505.00
1360.00 2471.00
1447.00 2483.00
1408.00 2677.00
1365.00 2714.00
1437.00 2722.00
