1109.00 308.00
1321.00 258.00
1601.00 211.00
1110.00 374.00
1607.00 311.00
1183.00 437.00
1112.00 490.00
1113.00 561.00
1122.00 611.00
1640.00 511.00
1231.00 666.00
2127.00 500.00
1639.00 629.00
1598.00 632.00
1516.00 665.00
1379.00 739.00
1448.00 740.00
1189.00 803.00
1568.00 732.00
1703.00 728.00
2064.00 709.00
1747.00 778.00
1344.00 855.00
1264.00 884.00
1587.00 821.00
2103.00 766.00
1472.00 906.00
1751.00 841.00
1730.00 887.00
1378.00 965.00
1472.00 948.00
1430.00 958.00
1330.00 977.00
1894.00 912.00
1753.00 934.00
2077.00 877.00
1133.00 992.00
1495.00 990.00
1586.00 988.00
1286.00 1041.00
1630.00 996.00
1223.00 1054.00
1897.00 979.00
1672.00 1004.00
1806.00 1015.00
2095.00 1016.00
1984.00 1041.00
1813.00 1057.00
1649.00 1101.00
1832.00 1121.00
1289.00 1171.00
1743.00 1098.00
1337.00 1176.00
1651.00 1144.00
1390.00 1190.00
1487.00 1192.00
1721.00 1176.00
1815.00 1229.00
1545.00 1248.00
1298.00 1253.00
1486.00 1371.00
1776.00 1401.00
1083.00 1499.00
1818.00 1603.00
1667.00 1605.00
1321.00 1621.00
1519.00 1626.00
1477.00 1696.00
1856.00 1702.00
1776.00 1708.00
1577.00 1725.00
1365.00 1719.00
1429.00 1725.00
1930.00 1798.00
1480.00 1787.00
1580.00 1801.00
1322.00 1785.00
1420.00 1800.00
1702.00 1888.00
2045.00 1904.00
1121.00 1831.00
2127.00 1971.00
1244.00 1874.00
1673.00 1952.00
1854.00 1963.00
1583.00 2024.00
1802.00 2024.00
1250.00 1988.00
1520.00 2022.00
1210.00 2042.00
1327.00 2052.00
