1371.00 79.00
2117.00 224.00
1722.00 285.00
1806.00 341.00
649.00 563.00
2004.00 479.00
2066.00 473.00
970.00 607.00
2120.00 501.00
1484.00 617.00
730.00 704.00
1058.00 669.00
1104.00 683.00
1400.00 652.00
1184.00 739.00
818.00 735.00
1270.00 743.00
946.00 785.00
1552.00 786.00
1009.00 799.00
1104.00 823.00
1213.00 826.00
1152.00 862.00
642.00 892.00
1016.00 875.00
1103.00 889.00
1152.00 921.00
574.00 976.00
2103.00 818.00
467.00 948.00
809.00 943.00
1923.00 853.00
1703.00 869.00
1026.00 948.00
1375.00 905.00
1080.00 976.00
864.00 985.00
1653.00 919.00
1201.00 958.00
931.00 1002.00
1576.00 945.00
1784.00 913.00
1143.00 996.00
1931.00 923.00
1325.00 985.00
1378.00 993.00
1134.00 1060.00
1213.00 1034.00
1480.00 1020.00
1022.00 1087.00
668.00 1119.00
1557.00 1029.00
1627.00 1046.00
1997.00 1031.00
1047.00 1137.00
1098.00 1141.00
1525.00 1086.00
1321.00 1108.00
1179.00 1137.00
1656.00 1109.00
1569.00 1148.00
1750.00 1122.00
390.00 1198.00
1245.00 1165.00
1005.00 1218.00
824.00 1237.00
1406.00 1180.00
1577.00 1207.00
950.00 1272.00
1008.00 1275.00
1103.00 1307.00
1039.00 1324.00
473.00 1326.00
935.00 1359.00
1134.00 1348.00
1525.00 1303.00
526.00 1362.00
1634.00 1591.00
1226.00 1611.00
1275.00 1619.00
1330.00 1675.00
1470.00 1674.00
1422.00 1723.00
1745.00 1743.00
2108.00 1869.00
1200.00 1893.00
1318.00 1920.00
