798.00 489.00
1319.00 735.00
1127.00 720.00
1532.00 882.00
1354.00 894.00
476.00 731.00
484.00 786.00
693.00 840.00
759.00 908.00
631.00 874.00
1382.00 1128.00
672.00 995.00
1100.00 1114.00
443.00 1070.00
523.00 1089.00
756.00 1161.00
682.00 1193.00
523.00 1228.00
742.00 1257.00
1114.00 1316.00
1232.00 1516.00
865.00 1478.00
1382.00 1495.00
771.00 1804.00
729.00 1911.00
1055.00 2005.00
864.00 2080.00
1363.00 2051.00
661.00 2308.00
524.00 2449.00
274.00 2506.00
756.00 2440.00
933.00 2479.00
279.00 2568.00
1031.00 2553.00
