562.00 285.00
1039.00 359.00
851.00 400.00
1550.00 492.00
1018.00 557.00
1092.00 571.00
1348.00 593.00
274.00 509.00
746.00 563.00
1255.00 673.00
189.00 535.00
1489.00 679.00
820.00 637.00
1083.00 650.00
1367.00 697.00
871.00 663.00
600.00 659.00
229.00 651.00
1402.00 760.00
416.00 679.00
586.00 718.00
1183.00 765.00
300.00 715.00
442.00 783.00
1738.00 934.00
672.00 904.00
1216.00 938.00
1219.00 983.00
1019.00 930.00
493.00 926.00
1266.00 963.00
1518.00 997.00
1178.00 983.00
1266.00 1062.00
1211.00 1033.00
156.00 991.00
1472.00 1085.00
1008.00 1085.00
1376.00 1099.00
1527.00 1103.00
287.00 1067.00
1238.00 1113.00
607.00 1100.00
1167.00 1140.00
229.00 1109.00
1442.00 1155.00
709.00 1139.00
1711.00 1191.00
1294.00 1155.00
1230.00 1180.00
90.00 1140.00
1290.00 1221.00
1102.00 1240.00
583.00 1209.00
1881.00 1299.00
1728.00 1302.00
1247.00 1288.00
1626.00 1316.00
1679.00 1316.00
1347.00 1322.00
679.00 1317.00
1737.00 1371.00
1270.00 1353.00
1654.00 1388.00
415.00 1341.00
1063.00 1391.00
699.00 1412.00
1477.00 1453.00
1586.00 1480.00
1518.00 1489.00
971.00 1456.00
1684.00 1497.00
1180.00 1483.00
1420.00 1579.00
1569.00 1539.00
1719.00 1567.00
1613.00 1550.00
1290.00 2444.00
