1510.00 360.00
1000.00 347.00
1554.00 447.00
1476.00 456.00
1411.00 491.00
1484.00 552.00
895.00 640.00
1047.00 613.00
1259.00 702.00
1951.00 677.00
1413.00 753.00
485.00 827.00
1274.00 768.00
1951.00 788.00
1019.00 777.00
586.00 776.00
1965.00 829.00
252.00 952.00
1976.00 873.00
1476.00 888.00
2142.00 914.00
1404.00 890.00
1101.00 910.00
414.00 1002.00
1261.00 924.00
580.00 970.00
281.00 1020.00
1801.00 933.00
224.00 1028.00
1973.00 1014.00
987.00 1004.00
1073.00 1006.00
1743.00 1002.00
1807.00 980.00
650.00 1037.00
51.00 1116.00
244.00 1084.00
1648.00 1018.00
1400.00 1028.00
470.00 1056.00
782.00 1035.00
379.00 1105.00
1977.00 1061.00
163.00 1141.00
1716.00 1048.00
1783.00 1046.00
1092.00 1050.00
934.00 1078.00
112.00 1174.00
834.00 1082.00
1384.00 1081.00
1134.00 1094.00
575.00 1156.00
459.00 1169.00
2037.00 1140.00
1261.00 1121.00
979.00 1128.00
131.00 1237.00
727.00 1173.00
1686.00 1128.00
1106.00 1151.00
616.00 1195.00
163.00 1281.00
457.00 1238.00
1642.00 1219.00
714.00 1219.00
980.00 1202.00
1587.00 1231.00
1261.00 1227.00
851.00 1262.00
1062.00 1249.00
980.00 1243.00
652.00 1315.00
1593.00 1284.00
927.00 1298.00
1846.00 1280.00
1267.00 1303.00
1331.00 1301.00
1444.00 1307.00
1197.00 1316.00
1650.00 1327.00
938.00 1347.00
1147.00 1327.00
761.00 1352.00
1022.00 1331.00
1409.00 1362.00
1553.00 1352.00
1596.00 1360.00
1355.00 1378.00
1910.00 1379.00
887.00 1378.00
1168.00 1409.00
1261.00 1382.00
1654.00 1394.00
1761.00 1410.00
994.00 1390.00
1520.00 1409.00
1333.00 1439.00
1263.00 1459.00
1102.00 1432.00
1756.00 1456.00
940.00 1484.00
846.00 1488.00
732.00 1491.00
1493.00 1454.00
1972.00 1481.00
671.00 1513.00
1037.00 1513.00
1605.00 1512.00
2062.00 1543.00
1264.00 1549.00
1842.00 1574.00
654.00 1609.00
675.00 1560.00
2007.00 1544.00
1936.00 1572.00
1638.00 1578.00
1538.00 1608.00
779.00 1615.00
1222.00 1587.00
1856.00 1620.00
2063.00 1617.00
1783.00 1623.00
1301.00 1641.00
1927.00 1637.00
1492.00 1639.00
1388.00 1625.00
1725.00 1648.00
1671.00 1659.00
743.00 1682.00
1617.00 1671.00
1238.00 1649.00
1384.00 1714.00
1703.00 1710.00
1979.00 1725.00
899.00 1738.00
697.00 1790.00
800.00 1778.00
1737.00 1795.00
903.00 1827.00
1840.00 1847.00
769.00 1851.00
1990.00 1845.00
1685.00 1839.00
2110.00 1884.00
1452.00 1862.00
1790.00 1880.00
1376.00 1879.00
1297.00 1907.00
939.00 1924.00
1070.00 1923.00
1589.00 1914.00
862.00 1937.00
1454.00 1915.00
1845.00 1923.00
1995.00 1951.00
910.00 1998.00
749.00 2009.00
676.00 2014.00
1647.00 2002.00
823.00 2028.00
757.00 2056.00
1004.00 2034.00
1959.00 2041.00
1771.00 2039.00
826.00 2077.00
2065.00 2064.00
1284.00 2071.00
1331.00 2071.00
1442.00 2039.00
1120.00 2108.00
1981.00 2098.00
2051.00 2114.00
1225.00 2171.00
825.00 2139.00
2146.00 2147.00
1358.00 2131.00
1913.00 2157.00
726.00 2202.00
1048.00 2232.00
1408.00 2220.00
1216.00 2239.00
1563.00 2230.00
1407.00 2292.00
1196.00 2374.00
1650.00 2344.00
754.00 2365.00
1186.00 2451.00
1471.00 2496.00
862.00 2548.00
