1365.00 640.00
1598.00 682.00
1396.00 688.00
745.00 723.00
1803.00 653.00
2007.00 653.00
1431.00 743.00
1302.00 766.00
1882.00 681.00
845.00 804.00
1385.00 818.00
1729.00 766.00
2072.00 794.00
1575.00 847.00
1417.00 859.00
1527.00 889.00
1464.00 899.00
1607.00 901.00
1147.00 907.00
1558.00 936.00
1495.00 960.00
356.00 961.00
2129.00 975.00
238.00 1050.00
2074.00 983.00
1082.00 1002.00
2028.00 991.00
1753.00 1011.00
1911.00 1011.00
1525.00 1031.00
706.00 1078.00
578.00 1069.00
2120.00 1027.00
1214.00 1054.00
1151.00 1055.00
1638.00 1057.00
796.00 1129.00
1787.00 1070.00
683.00 1119.00
2104.00 1083.00
431.00 1113.00
1413.00 1184.00
2008.00 1094.00
1268.00 1146.00
1568.00 1201.00
700.00 1192.00
880.00 1173.00
923.00 1196.00
2090.00 1168.00
702.00 1259.00
1029.00 1252.00
2023.00 1215.00
1925.00 1232.00
1688.00 1239.00
778.00 1318.00
1101.00 1290.00
8.00 1335.00
1767.00 1252.00
1207.00 1291.00
778.00 1370.00
895.00 1314.00
1496.00 1285.00
1872.00 1301.00
1444.00 1382.00
1757.00 1314.00
1197.00 1341.00
799.00 1429.00
1086.00 1384.00
1831.00 1358.00
664.00 1399.00
897.00 1443.00
1872.00 1390.00
963.00 1464.00
2117.00 1408.00
1007.00 1477.00
1923.00 1448.00
2025.00 1438.00
1444.00 1453.00
1690.00 1455.00
1801.00 1487.00
665.00 1533.00
1874.00 1498.00
2129.00 1485.00
1928.00 1507.00
2031.00 1494.00
964.00 1560.00
918.00 1570.00
1365.00 1516.00
1283.00 1587.00
1782.00 1534.00
876.00 1612.00
2136.00 1569.00
1327.00 1600.00
115.00 1629.00
567.00 1669.00
1710.00 1604.00
1185.00 1640.00
866.00 1667.00
917.00 1683.00
556.00 1719.00
598.00 1721.00
1114.00 1681.00
648.00 1729.00
1973.00 1663.00
1735.00 1711.00
801.00 1760.00
566.00 1799.00
857.00 1778.00
510.00 1808.00
645.00 1799.00
932.00 1780.00
1296.00 1787.00
1360.00 1790.00
973.00 1809.00
1160.00 1802.00
593.00 1846.00
859.00 1865.00
1327.00 1858.00
1094.00 1860.00
912.00 1878.00
1559.00 1861.00
1017.00 1955.00
1279.00 1929.00
1996.00 1985.00
1162.00 2082.00
1513.00 2056.00
1709.00 2071.00
1369.00 2082.00
1988.00 2105.00
1839.00 2130.00
2112.00 2158.00
1525.00 2177.00
1959.00 2289.00
1668.00 2207.00
