429.00 529.00
627.00 617.00
495.00 617.00
405.00 648.00
1039.00 849.00
400.00 782.00
114.00 775.00
120.00 822.00
376.00 855.00
120.00 865.00
357.00 913.00
187.00 900.00
87.00 913.00
179.00 992.00
643.00 1060.00
837.00 1116.00
166.00 1078.00
207.00 1113.00
162.00 1157.00
218.00 1175.00
50.00 1163.00
646.00 1215.00
202.00 1259.00
23.00 1323.00
75.00 1411.00
21.00 1408.00
15.00 1477.00
65.00 1462.00
141.00 1496.00
193.00 1777.00
188.00 1847.00
200.00 1906.00
212.00 1957.00
612.00 1970.00
798.00 1961.00
735.00 2053.00
