717.00 138.00
1402.00 76.00
1097.00 207.00
834.00 255.00
851.00 400.00
705.00 592.00
994.00 612.00
819.00 744.00
1038.00 857.00
1103.00 871.00
1796.00 822.00
2095.00 906.00
1721.00 1023.00
783.00 1126.00
653.00 1150.00
838.00 1143.00
1011.00 1158.00
1497.00 1146.00
737.00 1211.00
864.00 1209.00
823.00 1231.00
757.00 1255.00
2142.00 1183.00
659.00 1261.00
938.00 1263.00
1780.00 1196.00
2018.00 1219.00
810.00 1277.00
1230.00 1269.00
989.00 1283.00
672.00 1325.00
722.00 1342.00
989.00 1330.00
1165.00 1327.00
833.00 1343.00
785.00 1351.00
437.00 1380.00
657.00 1370.00
568.00 1382.00
1682.00 1341.00
833.00 1396.00
1014.00 1409.00
597.00 1434.00
749.00 1418.00
1296.00 1422.00
683.00 1444.00
1103.00 1443.00
1156.00 1450.00
893.00 1467.00
851.00 1456.00
1486.00 1462.00
1209.00 1477.00
697.00 1491.00
1442.00 1473.00
535.00 1511.00
990.00 1492.00
786.00 1516.00
1103.00 1525.00
678.00 1535.00
601.00 1558.00
1502.00 1542.00
487.00 1572.00
1841.00 1542.00
850.00 1574.00
664.00 1593.00
434.00 1608.00
1887.00 1588.00
759.00 1637.00
429.00 1655.00
663.00 1662.00
902.00 1649.00
787.00 1698.00
935.00 1704.00
854.00 1710.00
546.00 1724.00
804.00 1760.00
765.00 1808.00
452.00 1836.00
811.00 1815.00
660.00 1826.00
764.00 1897.00
1708.00 1890.00
623.00 1907.00
673.00 1907.00
529.00 1931.00
762.00 1938.00
991.00 1938.00
532.00 1999.00
807.00 1973.00
824.00 2016.00
779.00 2075.00
954.00 2347.00
1569.00 2338.00
953.00 2500.00
820.00 2509.00
