732.00 32.00
670.00 33.00
1041.00 60.00
458.00 65.00
825.00 101.00
898.00 134.00
970.00 163.00
1228.00 338.00
827.00 361.00
1272.00 357.00
749.00 360.00
214.00 399.00
170.00 396.00
868.00 414.00
1242.00 411.00
826.00 429.00
827.00 470.00
580.00 477.00
1030.00 487.00
218.00 526.00
826.00 526.00
604.00 528.00
1192.00 543.00
305.00 549.00
677.00 572.00
731.00 588.00
531.00 584.00
1828.00 588.00
1225.00 593.00
1184.00 598.00
337.00 612.00
1337.00 643.00
624.00 649.00
1383.00 658.00
155.00 681.00
1339.00 691.00
455.00 645.00
825.00 691.00
1386.00 703.00
1341.00 736.00
1387.00 748.00
803.00 774.00
1019.00 799.00
1241.00 784.00
890.00 809.00
164.00 801.00
1728.00 825.00
825.00 817.00
953.00 846.00
1066.00 855.00
597.00 843.00
1505.00 857.00
1346.00 887.00
2007.00 875.00
1671.00 884.00
1576.00 877.00
826.00 870.00
1395.00 922.00
1348.00 943.00
696.00 917.00
1626.00 933.00
481.00 925.00
1861.00 961.00
1217.00 937.00
239.00 975.00
1456.00 970.00
1707.00 942.00
1410.00 970.00
399.00 959.00
1575.00 983.00
633.00 984.00
1351.00 1002.00
1522.00 985.00
1122.00 999.00
1962.00 1000.00
347.00 995.00
1616.00 1007.00
1219.00 1020.00
1688.00 996.00
1852.00 1006.00
1352.00 1050.00
1764.00 1042.00
767.00 1051.00
607.00 1030.00
146.00 1058.00
957.00 1047.00
1399.00 1048.00
227.00 1077.00
1476.00 1074.00
1693.00 1072.00
1355.00 1092.00
1095.00 1074.00
345.00 1064.00
2080.00 1085.00
1156.00 1087.00
700.00 1106.00
1402.00 1128.00
1846.00 1140.00
598.00 1138.00
992.00 1135.00
1720.00 1142.00
489.00 1181.00
684.00 1168.00
1357.00 1198.00
1564.00 1188.00
1700.00 1190.00
537.00 1205.00
1804.00 1215.00
416.00 1247.00
1180.00 1245.00
1360.00 1267.00
1906.00 1234.00
1221.00 1242.00
1567.00 1239.00
544.00 1256.00
760.00 1272.00
991.00 1287.00
473.00 1287.00
1180.00 1288.00
1735.00 1268.00
1879.00 1276.00
305.00 1309.00
1407.00 1273.00
1810.00 1297.00
1282.00 1308.00
1561.00 1335.00
780.00 1316.00
509.00 1351.00
1182.00 1335.00
1228.00 1339.00
447.00 1353.00
390.00 1333.00
1880.00 1332.00
1026.00 1352.00
2016.00 1350.00
1090.00 1360.00
1182.00 1384.00
1131.00 1393.00
1018.00 1398.00
1086.00 1402.00
1996.00 1402.00
613.00 1406.00
377.00 1413.00
1798.00 1408.00
520.00 1427.00
936.00 1455.00
2090.00 1406.00
567.00 1431.00
1899.00 1433.00
239.00 1432.00
753.00 1436.00
2094.00 1453.00
848.00 1450.00
1169.00 1455.00
891.00 1471.00
1511.00 1465.00
747.00 1479.00
1002.00 1476.00
1872.00 1478.00
1917.00 1479.00
251.00 1482.00
1821.00 1484.00
1445.00 1512.00
2099.00 1506.00
1052.00 1525.00
173.00 1514.00
1104.00 1517.00
953.00 1523.00
519.00 1527.00
1923.00 1547.00
763.00 1535.00
1858.00 1579.00
1431.00 1553.00
164.00 1577.00
438.00 1607.00
1475.00 1590.00
537.00 1594.00
928.00 1622.00
672.00 1623.00
993.00 1610.00
234.00 1620.00
334.00 1641.00
533.00 1635.00
179.00 1638.00
725.00 1639.00
840.00 1648.00
1483.00 1631.00
288.00 1668.00
464.00 1665.00
241.00 1690.00
194.00 1684.00
939.00 1720.00
522.00 1688.00
369.00 1683.00
1443.00 1695.00
898.00 1701.00
1630.00 1702.00
137.00 1706.00
1015.00 1702.00
1935.00 1710.00
1588.00 1714.00
326.00 1709.00
1292.00 1716.00
800.00 1719.00
849.00 1735.00
670.00 1727.00
1840.00 1748.00
284.00 1757.00
735.00 1758.00
576.00 1761.00
221.00 1779.00
777.00 1765.00
821.00 1776.00
667.00 1782.00
875.00 1776.00
617.00 1787.00
506.00 1804.00
410.00 1805.00
576.00 1811.00
173.00 1819.00
1054.00 1828.00
881.00 1861.00
225.00 1870.00
1110.00 1877.00
1066.00 1885.00
1286.00 1888.00
609.00 1898.00
539.00 1906.00
170.00 1909.00
2077.00 1932.00
610.00 1949.00
992.00 1979.00
1365.00 1981.00
2031.00 2019.00
169.00 2045.00
621.00 2075.00
2036.00 2120.00
2090.00 2126.00
974.00 2122.00
532.00 2118.00
703.00 2126.00
438.00 2145.00
637.00 2167.00
536.00 2212.00
207.00 2243.00
528.00 2256.00
320.00 2288.00
582.00 2300.00
536.00 2305.00
165.00 2336.00
600.00 2365.00
840.00 2386.00
164.00 2389.00
384.00 2396.00
565.00 2428.00
439.00 2445.00
725.00 2467.00
872.00 2518.00
308.00 2538.00
603.00 2570.00
374.00 2613.00
716.00 2654.00
630.00 2671.00
994.00 2699.00
697.00 2728.00
1015.00 2746.00
768.00 2790.00
1056.00 2773.00
977.00 2798.00
