171.00 430.00
785.00 290.00
526.00 358.00
61.00 464.00
127.00 459.00
617.00 393.00
783.00 353.00
523.00 435.00
782.00 412.00
907.00 401.00
382.00 538.00
1244.00 340.00
1086.00 413.00
711.00 501.00
1798.00 270.00
1185.00 394.00
988.00 488.00
352.00 611.00
991.00 536.00
1058.00 509.00
449.00 669.00
907.00 568.00
698.00 620.00
781.00 600.00
516.00 673.00
605.00 699.00
468.00 715.00
908.00 650.00
780.00 686.00
2130.00 419.00
344.00 870.00
393.00 813.00
1207.00 706.00
1664.00 689.00
1328.00 762.00
667.00 875.00
1444.00 765.00
509.00 920.00
1670.00 747.00
338.00 977.00
666.00 956.00
718.00 943.00
1569.00 856.00
442.00 1065.00
1274.00 913.00
400.00 1046.00
1467.00 917.00
744.00 1018.00
334.00 1086.00
279.00 1076.00
1391.00 980.00
1492.00 967.00
1497.00 1023.00
992.00 1079.00
860.00 1156.00
1511.00 1095.00
1383.00 1119.00
469.00 1171.00
752.00 1220.00
377.00 1277.00
889.00 1242.00
2076.00 1110.00
1262.00 1228.00
983.00 1258.00
438.00 1333.00
610.00 1338.00
670.00 1336.00
616.00 1423.00
495.00 1446.00
415.00 1476.00
368.00 1476.00
607.00 1504.00
694.00 1481.00
1303.00 1483.00
576.00 1561.00
733.00 1533.00
677.00 1574.00
1303.00 1557.00
487.00 1651.00
543.00 1705.00
657.00 1688.00
668.00 1729.00
831.00 1679.00
862.00 1770.00
703.00 1776.00
647.00 1794.00
601.00 1799.00
520.00 1819.00
464.00 1892.00
1462.00 1935.00
673.00 1913.00
2027.00 1969.00
1882.00 1985.00
1824.00 1986.00
722.00 1934.00
1006.00 1945.00
2111.00 2020.00
463.00 1945.00
1266.00 1978.00
1185.00 1986.00
1753.00 2033.00
1616.00 2029.00
773.00 1985.00
1065.00 2009.00
1455.00 2042.00
1335.00 2039.00
1699.00 2069.00
1264.00 2035.00
2071.00 2100.00
417.00 2057.00
566.00 2056.00
1120.00 2067.00
644.00 2131.00
1004.00 2154.00
1123.00 2154.00
681.00 2184.00
1630.00 2272.00
769.00 2280.00
663.00 2260.00
1416.00 2339.00
946.00 2338.00
1072.00 2431.00
846.00 2518.00
