1408.00 140.00
1068.00 171.00
1456.00 203.00
1599.00 202.00
1539.00 216.00
1077.00 244.00
2144.00 174.00
2076.00 205.00
1979.00 199.00
1124.00 259.00
1517.00 286.00
1570.00 358.00
642.00 398.00
2139.00 387.00
1602.00 401.00
1279.00 447.00
1338.00 430.00
89.00 465.00
171.00 472.00
1467.00 481.00
1364.00 482.00
879.00 514.00
1640.00 523.00
1697.00 530.00
947.00 586.00
82.00 642.00
45.00 601.00
1616.00 566.00
1474.00 631.00
1752.00 604.00
1523.00 620.00
483.00 639.00
583.00 671.00
1250.00 678.00
77.00 749.00
1791.00 656.00
1151.00 713.00
284.00 743.00
1592.00 707.00
767.00 762.00
820.00 766.00
1654.00 743.00
1840.00 723.00
1064.00 816.00
267.00 823.00
546.00 819.00
1605.00 794.00
1295.00 818.00
1740.00 830.00
989.00 860.00
1212.00 861.00
1048.00 869.00
546.00 875.00
502.00 903.00
1686.00 863.00
749.00 900.00
1441.00 897.00
1090.00 914.00
1971.00 897.00
1341.00 942.00
2059.00 926.00
1523.00 955.00
909.00 983.00
984.00 973.00
1880.00 948.00
1284.00 979.00
758.00 978.00
1587.00 984.00
1351.00 1017.00
1783.00 1008.00
926.00 1043.00
1635.00 1006.00
1867.00 1001.00
1034.00 1059.00
1551.00 1039.00
1480.00 1044.00
1417.00 1048.00
1716.00 1050.00
1338.00 1091.00
1277.00 1066.00
804.00 1098.00
1557.00 1107.00
1035.00 1152.00
1424.00 1124.00
942.00 1144.00
1598.00 1127.00
1321.00 1144.00
1668.00 1158.00
1728.00 1173.00
1088.00 1187.00
1001.00 1218.00
882.00 1176.00
2061.00 1199.00
944.00 1229.00
1659.00 1263.00
1260.00 1283.00
1165.00 1360.00
1682.00 1411.00
1201.00 1493.00
1327.00 1527.00
351.00 1540.00
964.00 1543.00
948.00 1621.00
849.00 1634.00
1255.00 1631.00
1134.00 1642.00
1192.00 1645.00
1259.00 1674.00
1363.00 1853.00
192.00 2007.00
1183.00 2098.00
1123.00 2129.00
