1200.00 193.00
249.00 393.00
1263.00 224.00
1224.00 288.00
468.00 594.00
252.00 623.00
1247.00 535.00
1375.00 522.00
44.00 733.00
1686.00 473.00
157.00 739.00
1232.00 599.00
1534.00 573.00
1626.00 560.00
1587.00 601.00
838.00 695.00
1353.00 620.00
233.00 811.00
539.00 792.00
1688.00 648.00
287.00 864.00
1609.00 743.00
1266.00 796.00
135.00 985.00
514.00 932.00
414.00 957.00
1243.00 838.00
718.00 965.00
1619.00 893.00
441.00 1020.00
1707.00 895.00
2036.00 859.00
1804.00 902.00
1557.00 937.00
1227.00 982.00
487.00 1058.00
815.00 1064.00
394.00 1107.00
866.00 1060.00
1772.00 976.00
1263.00 1031.00
1650.00 1000.00
1504.00 982.00
40.00 1179.00
478.00 1175.00
2058.00 964.00
345.00 1179.00
1658.00 1087.00
8.00 1243.00
116.00 1296.00
1211.00 1135.00
1567.00 1096.00
2064.00 1024.00
1570.00 1144.00
1110.00 1173.00
1276.00 1198.00
1225.00 1184.00
212.00 1301.00
813.00 1233.00
710.00 1256.00
908.00 1227.00
800.00 1307.00
604.00 1333.00
1969.00 1244.00
2015.00 1237.00
40.00 1403.00
1555.00 1254.00
1271.00 1295.00
114.00 1425.00
1467.00 1297.00
501.00 1428.00
1989.00 1305.00
2094.00 1288.00
960.00 1370.00
1953.00 1347.00
238.00 1490.00
361.00 1443.00
1654.00 1369.00
1996.00 1383.00
1646.00 1427.00
1292.00 1409.00
972.00 1432.00
2074.00 1403.00
1096.00 1439.00
1557.00 1466.00
212.00 1543.00
269.00 1547.00
1643.00 1468.00
1541.00 1510.00
2031.00 1489.00
228.00 1646.00
1887.00 1538.00
508.00 1600.00
549.00 1601.00
1632.00 1635.00
950.00 1597.00
2089.00 1590.00
1406.00 1600.00
1549.00 1646.00
2074.00 1686.00
343.00 1727.00
495.00 1717.00
253.00 1756.00
536.00 1728.00
1755.00 1712.00
1805.00 1709.00
1652.00 1741.00
1520.00 1766.00
1788.00 1769.00
1848.00 1804.00
1949.00 1832.00
2078.00 1888.00
343.00 1967.00
1565.00 1920.00
574.00 1981.00
1689.00 2034.00
634.00 2043.00
436.00 2080.00
60.00 2106.00
491.00 2087.00
1843.00 2195.00
1919.00 2209.00
987.00 2177.00
1049.00 2278.00
1624.00 2333.00
532.00 2332.00
349.00 2372.00
129.00 2382.00
1953.00 2438.00
1996.00 2476.00
1727.00 2492.00
2033.00 2556.00
