2147.00 32.00
1408.00 140.00
1068.00 171.00
1456.00 203.00
1599.00 202.00
1539.00 216.00
1077.00 244.00
2076.00 205.00
1124.00 259.00
2118.00 215.00
1517.00 286.00
1570.00 358.00
642.00 398.00
1338.00 430.00
1602.00 401.00
1279.00 447.00
89.00 465.00
171.00 472.00
1364.00 482.00
947.00 586.00
45.00 601.00
1474.00 631.00
483.00 639.00
1752.00 604.00
1523.00 620.00
1791.00 656.00
1151.00 713.00
1592.00 707.00
767.00 762.00
820.00 766.00
1840.00 723.00
1654.00 743.00
1605.00 794.00
1295.00 818.00
1740.00 830.00
1064.00 816.00
546.00 875.00
1359.00 854.00
1937.00 852.00
1212.00 861.00
1686.00 863.00
1090.00 914.00
1441.00 897.00
94.00 1010.00
749.00 900.00
1971.00 897.00
1341.00 942.00
2059.00 926.00
1234.00 944.00
1523.00 955.00
1880.00 948.00
984.00 973.00
1587.00 984.00
1351.00 1017.00
1987.00 988.00
1434.00 1003.00
1635.00 1006.00
1867.00 1001.00
1783.00 1008.00
804.00 1036.00
1551.00 1039.00
1480.00 1044.00
1417.00 1048.00
1716.00 1050.00
1338.00 1091.00
1277.00 1066.00
1034.00 1059.00
1182.00 1076.00
804.00 1098.00
1946.00 1108.00
1557.00 1107.00
1424.00 1124.00
942.00 1144.00
1321.00 1144.00
1515.00 1155.00
1668.00 1158.00
1728.00 1173.00
1088.00 1187.00
1636.00 1199.00
2061.00 1199.00
944.00 1229.00
1001.00 1218.00
1659.00 1263.00
1260.00 1283.00
878.00 1336.00
1682.00 1411.00
1312.00 1461.00
1710.00 1474.00
1381.00 1527.00
351.00 1540.00
948.00 1621.00
849.00 1634.00
1255.00 1631.00
1134.00 1642.00
1192.00 1645.00
1300.00 1738.00
855.00 1828.00
980.00 1825.00
1363.00 1853.00
