1379.00 52.00
817.00 123.00
1217.00 544.00
344.00 860.00
1506.00 1042.00
957.00 1036.00
1106.00 1109.00
1158.00 1113.00
1626.00 1129.00
467.00 1162.00
947.00 1195.00
1625.00 1184.00
1504.00 1164.00
511.00 1284.00
1305.00 1248.00
1722.00 1228.00
1087.00 1274.00
1457.00 1232.00
1249.00 1324.00
1593.00 1290.00
1830.00 1316.00
1783.00 1335.00
1430.00 1407.00
1732.00 1386.00
1503.00 1415.00
616.00 1491.00
2004.00 1510.00
1477.00 1590.00
1623.00 1692.00
1964.00 1699.00
1277.00 1749.00
1364.00 1819.00
1387.00 1940.00
1025.00 1965.00
505.00 2005.00
1379.00 1990.00
975.00 2026.00
1078.00 2051.00
722.00 2021.00
1904.00 2078.00
1128.00 2063.00
1489.00 2159.00
857.00 2116.00
1411.00 2150.00
369.00 2118.00
915.00 2164.00
1024.00 2233.00
1477.00 2206.00
1308.00 2209.00
960.00 2268.00
1311.00 2266.00
1467.00 2280.00
1034.00 2319.00
1150.00 2319.00
1026.00 2375.00
1396.00 2379.00
1461.00 2402.00
1124.00 2416.00
822.00 2443.00
1033.00 2424.00
182.00 2426.00
450.00 2441.00
662.00 2474.00
996.00 2470.00
1131.00 2508.00
821.00 2534.00
990.00 2575.00
1326.00 2784.00
234.00 2653.00
815.00 2689.00
189.00 2709.00
1067.00 2769.00
1897.00 2863.00
100.00 2840.00
363.00 2862.00
422.00 2857.00
610.00 2798.00
