858.00 402.00
984.00 402.00
1872.00 407.00
772.00 418.00
512.00 605.00
773.00 617.00
416.00 659.00
1377.00 759.00
1879.00 801.00
521.00 790.00
421.00 799.00
1556.00 811.00
1691.00 846.00
1515.00 849.00
459.00 902.00
190.00 923.00
1305.00 984.00
1352.00 993.00
354.00 1040.00
1599.00 1074.00
1527.00 1065.00
542.00 1067.00
445.00 1079.00
732.00 1090.00
1980.00 1104.00
1649.00 1112.00
1594.00 1115.00
970.00 1125.00
202.00 1174.00
523.00 1178.00
1746.00 1181.00
418.00 1192.00
1286.00 1193.00
1871.00 1235.00
395.00 1249.00
1113.00 1249.00
824.00 1277.00
1922.00 1233.00
292.00 1276.00
593.00 1291.00
723.00 1311.00
407.00 1397.00
892.00 1344.00
1799.00 1298.00
1989.00 1381.00
674.00 1385.00
910.00 1398.00
750.00 1443.00
277.00 1468.00
885.00 1462.00
580.00 1475.00
888.00 1503.00
794.00 1507.00
576.00 1524.00
871.00 1632.00
433.00 1780.00
495.00 1806.00
455.00 1860.00
1976.00 1958.00
1661.00 1970.00
1826.00 2179.00
431.00 2180.00
