1095.00 126.00
536.00 270.00
518.00 333.00
1355.00 394.00
881.00 549.00
925.00 555.00
996.00 639.00
997.00 696.00
789.00 743.00
968.00 750.00
850.00 775.00
512.00 832.00
393.00 806.00
972.00 818.00
236.00 802.00
931.00 816.00
18.00 794.00
422.00 847.00
891.00 888.00
973.00 871.00
1069.00 892.00
976.00 983.00
545.00 1004.00
977.00 1039.00
1079.00 997.00
789.00 1072.00
123.00 1095.00
375.00 1104.00
967.00 1132.00
885.00 1202.00
536.00 1172.00
679.00 1251.00
1364.00 1187.00
1009.00 1268.00
260.00 1285.00
494.00 1297.00
633.00 1271.00
23.00 1274.00
137.00 1278.00
940.00 1301.00
778.00 1335.00
654.00 1328.00
834.00 1339.00
1274.00 1341.00
527.00 1345.00
301.00 1369.00
364.00 1371.00
436.00 1378.00
15.00 1358.00
1233.00 1341.00
977.00 1439.00
839.00 1435.00
43.00 1434.00
350.00 1443.00
186.00 1443.00
693.00 1448.00
784.00 1451.00
1068.00 1453.00
551.00 1456.00
592.00 1498.00
19.00 1524.00
1103.00 1524.00
836.00 1535.00
261.00 1538.00
1281.00 1563.00
562.00 1554.00
635.00 1566.00
687.00 1567.00
298.00 1584.00
757.00 1592.00
64.00 1623.00
408.00 1637.00
836.00 1624.00
983.00 1634.00
29.00 1686.00
813.00 1676.00
223.00 1709.00
70.00 1714.00
296.00 1718.00
438.00 1736.00
18.00 1761.00
78.00 1765.00
184.00 1774.00
788.00 1766.00
1000.00 1832.00
1165.00 2099.00
1382.00 2105.00
1498.00 2100.00
1131.00 2152.00
518.00 2176.00
1077.00 2197.00
1132.00 2269.00
969.00 2294.00
1135.00 2443.00
348.00 2700.00
965.00 2605.00
