1550.00 186.00
2043.00 241.00
1246.00 281.00
1766.00 282.00
1723.00 295.00
1014.00 351.00
2141.00 308.00
2045.00 315.00
2100.00 318.00
1992.00 329.00
1884.00 348.00
994.00 393.00
828.00 408.00
782.00 422.00
1887.00 389.00
1704.00 425.00
1640.00 440.00
543.00 492.00
1596.00 466.00
477.00 513.00
1372.00 504.00
1296.00 523.00
1889.00 521.00
1982.00 525.00
1153.00 564.00
933.00 560.00
535.00 564.00
665.00 567.00
1211.00 546.00
1593.00 575.00
886.00 592.00
1657.00 600.00
1168.00 606.00
707.00 619.00
2079.00 596.00
645.00 616.00
1339.00 618.00
1158.00 662.00
2050.00 637.00
2143.00 640.00
704.00 673.00
1092.00 677.00
1863.00 662.00
759.00 683.00
1693.00 681.00
1789.00 695.00
1988.00 675.00
882.00 725.00
1355.00 676.00
796.00 734.00
1516.00 732.00
1165.00 762.00
1220.00 759.00
700.00 767.00
1356.00 729.00
656.00 775.00
966.00 760.00
2126.00 737.00
835.00 781.00
701.00 820.00
659.00 817.00
1781.00 789.00
1357.00 785.00
922.00 802.00
1190.00 833.00
1556.00 854.00
1358.00 840.00
1269.00 863.00
1931.00 882.00
1852.00 883.00
1185.00 886.00
2091.00 898.00
1911.00 936.00
1954.00 927.00
1509.00 951.00
1036.00 958.00
1379.00 975.00
1264.00 995.00
1651.00 993.00
2048.00 984.00
2091.00 985.00
989.00 1007.00
368.00 1020.00
1099.00 1024.00
831.00 1012.00
1941.00 1010.00
1360.00 1039.00
1187.00 1048.00
1767.00 1036.00
1880.00 1037.00
1554.00 1048.00
623.00 1063.00
1723.00 1049.00
762.00 1077.00
1099.00 1066.00
381.00 1076.00
1822.00 1076.00
888.00 1112.00
1720.00 1095.00
788.00 1127.00
1062.00 1121.00
1495.00 1124.00
1127.00 1139.00
1351.00 1113.00
1935.00 1121.00
285.00 1156.00
1827.00 1125.00
1772.00 1132.00
338.00 1151.00
1588.00 1152.00
1884.00 1148.00
1429.00 1157.00
887.00 1187.00
1933.00 1164.00
2059.00 1163.00
1541.00 1174.00
1837.00 1172.00
428.00 1190.00
1783.00 1184.00
1690.00 1193.00
2113.00 1186.00
1345.00 1199.00
1202.00 1219.00
1293.00 1227.00
1883.00 1198.00
810.00 1247.00
1395.00 1214.00
741.00 1235.00
895.00 1244.00
1976.00 1220.00
1571.00 1230.00
1742.00 1230.00
1698.00 1239.00
2107.00 1235.00
1230.00 1262.00
1935.00 1253.00
790.00 1289.00
1777.00 1272.00
1476.00 1296.00
887.00 1355.00
355.00 1363.00
314.00 1372.00
1267.00 1369.00
801.00 1401.00
394.00 1422.00
1868.00 1431.00
1542.00 1442.00
1942.00 1447.00
516.00 1494.00
848.00 1502.00
766.00 1543.00
1829.00 1502.00
1714.00 1532.00
833.00 1549.00
2042.00 1587.00
1828.00 1687.00
1521.00 1684.00
1601.00 1697.00
1744.00 1697.00
2063.00 1704.00
1682.00 1713.00
1996.00 1767.00
2010.00 1892.00
1904.00 1940.00
1666.00 1967.00
1855.00 1971.00
2018.00 1973.00
691.00 2634.00
