1171.00 188.00
363.00 384.00
1309.00 335.00
305.00 416.00
415.00 418.00
2028.00 336.00
355.00 449.00
1404.00 414.00
150.00 500.00
84.00 522.00
1975.00 490.00
165.00 563.00
1500.00 527.00
16.00 576.00
87.00 597.00
94.00 649.00
1581.00 655.00
1625.00 675.00
915.00 736.00
1138.00 747.00
1659.00 742.00
416.00 782.00
516.00 928.00
37.00 895.00
179.00 866.00
2142.00 849.00
1807.00 891.00
1561.00 1059.00
310.00 999.00
1875.00 970.00
124.00 1023.00
1879.00 1018.00
571.00 1117.00
725.00 1115.00
1931.00 1037.00
1414.00 1094.00
2134.00 1066.00
682.00 1143.00
238.00 1108.00
483.00 1141.00
1730.00 1146.00
726.00 1196.00
1204.00 1155.00
914.00 1195.00
1345.00 1177.00
407.00 1213.00
1622.00 1168.00
1154.00 1180.00
582.00 1200.00
1404.00 1210.00
1214.00 1205.00
1573.00 1212.00
1528.00 1220.00
296.00 1227.00
1678.00 1233.00
44.00 1274.00
1275.00 1252.00
352.00 1297.00
641.00 1279.00
707.00 1253.00
112.00 1275.00
1067.00 1269.00
1130.00 1297.00
1452.00 1302.00
1878.00 1260.00
762.00 1281.00
1720.00 1284.00
193.00 1292.00
1353.00 1308.00
1610.00 1306.00
1930.00 1300.00
426.00 1391.00
1308.00 1347.00
1678.00 1340.00
776.00 1349.00
1455.00 1349.00
1814.00 1341.00
1974.00 1335.00
257.00 1367.00
1368.00 1367.00
403.00 1440.00
1045.00 1364.00
1446.00 1395.00
152.00 1403.00
448.00 1451.00
773.00 1392.00
1523.00 1401.00
1890.00 1386.00
941.00 1416.00
1791.00 1411.00
1292.00 1437.00
1639.00 1434.00
1198.00 1441.00
1839.00 1426.00
1360.00 1439.00
774.00 1456.00
13.00 1458.00
1055.00 1514.00
877.00 1523.00
1786.00 1477.00
1153.00 1525.00
2097.00 1467.00
2056.00 1472.00
415.00 1547.00
947.00 1505.00
1587.00 1501.00
1395.00 1506.00
1695.00 1509.00
1922.00 1502.00
226.00 1560.00
1312.00 1557.00
1047.00 1563.00
1204.00 1569.00
631.00 1604.00
1407.00 1570.00
725.00 1610.00
889.00 1588.00
1664.00 1558.00
1889.00 1575.00
1137.00 1598.00
1596.00 1637.00
1400.00 1689.00
1316.00 1657.00
1441.00 1661.00
702.00 1722.00
770.00 1725.00
210.00 1771.00
58.00 1770.00
1815.00 1719.00
532.00 1766.00
1899.00 1723.00
1114.00 1772.00
1359.00 1779.00
245.00 1826.00
870.00 1850.00
1408.00 1836.00
1155.00 1849.00
570.00 1916.00
1420.00 1883.00
760.00 1928.00
270.00 2006.00
44.00 2003.00
1247.00 1980.00
1041.00 2016.00
246.00 2074.00
1109.00 2040.00
847.00 2046.00
722.00 2091.00
929.00 2103.00
192.00 2162.00
2097.00 2063.00
729.00 2142.00
1803.00 2135.00
1733.00 2165.00
1304.00 2247.00
1555.00 2240.00
1501.00 2263.00
648.00 2337.00
1431.00 2292.00
1021.00 2349.00
1283.00 2352.00
1191.00 2391.00
1107.00 2428.00
1385.00 2422.00
1204.00 2513.00
754.00 2575.00
1303.00 2537.00
1070.00 2579.00
1782.00 2590.00
