1117.00 75.00
402.00 378.00
666.00 494.00
921.00 627.00
136.00 521.00
879.00 621.00
48.00 575.00
333.00 612.00
89.00 579.00
925.00 668.00
204.00 613.00
981.00 729.00
184.00 732.00
183.00 788.00
1566.00 885.00
1525.00 892.00
1112.00 885.00
524.00 851.00
1440.00 924.00
1520.00 936.00
589.00 892.00
1111.00 933.00
1167.00 930.00
1056.00 946.00
536.00 916.00
732.00 928.00
1522.00 979.00
654.00 945.00
1456.00 991.00
590.00 954.00
1142.00 1021.00
892.00 989.00
518.00 990.00
649.00 994.00
590.00 1003.00
1393.00 1039.00
1348.00 1045.00
175.00 1037.00
1403.00 1080.00
1189.00 1092.00
572.00 1055.00
915.00 1080.00
1052.00 1109.00
1481.00 1111.00
819.00 1106.00
408.00 1097.00
1395.00 1123.00
745.00 1115.00
1270.00 1147.00
1187.00 1151.00
589.00 1134.00
1109.00 1159.00
1324.00 1173.00
976.00 1180.00
535.00 1151.00
589.00 1194.00
1064.00 1209.00
1297.00 1219.00
1524.00 1215.00
1366.00 1234.00
621.00 1260.00
205.00 1253.00
358.00 1262.00
491.00 1232.00
588.00 1343.00
520.00 1325.00
898.00 1390.00
1228.00 1405.00
1014.00 1426.00
1202.00 1449.00
736.00 1455.00
686.00 1459.00
1080.00 1465.00
965.00 1491.00
1011.00 1473.00
1271.00 1469.00
1150.00 1495.00
805.00 1518.00
567.00 1525.00
1410.00 1508.00
736.00 1522.00
1043.00 1514.00
1208.00 1535.00
708.00 1572.00
1253.00 1558.00
1410.00 1559.00
865.00 1581.00
1108.00 1581.00
1182.00 1582.00
423.00 1613.00
1235.00 1625.00
1368.00 1603.00
652.00 1631.00
1286.00 1609.00
1123.00 1633.00
1385.00 1647.00
1318.00 1658.00
1180.00 1665.00
960.00 1715.00
1392.00 1761.00
992.00 1839.00
1348.00 2114.00
1299.00 2149.00
1409.00 2183.00
1566.00 2188.00
1367.00 2221.00
1303.00 2282.00
1498.00 2295.00
1370.00 2366.00
1525.00 2428.00
