1081.00 224.00
323.00 81.00
1082.00 274.00
752.00 263.00
1084.00 339.00
544.00 260.00
889.00 456.00
787.00 454.00
25.00 497.00
1152.00 644.00
727.00 631.00
561.00 668.00
1062.00 727.00
854.00 713.00
1047.00 784.00
792.00 787.00
598.00 785.00
494.00 811.00
954.00 867.00
826.00 866.00
891.00 876.00
726.00 883.00
525.00 878.00
983.00 943.00
744.00 944.00
853.00 956.00
572.00 942.00
637.00 943.00
900.00 1001.00
970.00 1037.00
768.00 1030.00
1164.00 1035.00
1078.00 1060.00
1139.00 1108.00
857.00 1169.00
1057.00 1186.00
625.00 1185.00
95.00 1212.00
565.00 1171.00
692.00 1248.00
93.00 1280.00
715.00 1366.00
877.00 1378.00
419.00 1501.00
541.00 1520.00
552.00 1675.00
1400.00 1715.00
1410.00 1805.00
51.00 1912.00
1438.00 1911.00
1611.00 1951.00
1105.00 2010.00
1372.00 2002.00
1276.00 2053.00
675.00 2182.00
342.00 2378.00
638.00 2362.00
388.00 2385.00
1195.00 2358.00
330.00 2468.00
50.00 2562.00
765.00 2610.00
