1073.00 138.00
1532.00 305.00
1981.00 328.00
2080.00 367.00
1981.00 372.00
1076.00 421.00
797.00 545.00
329.00 560.00
964.00 582.00
459.00 590.00
361.00 607.00
156.00 616.00
551.00 616.00
640.00 631.00
504.00 636.00
86.00 638.00
184.00 661.00
1804.00 653.00
1536.00 723.00
1812.00 757.00
352.00 768.00
956.00 777.00
1378.00 779.00
1818.00 825.00
1382.00 856.00
737.00 902.00
1470.00 869.00
58.00 892.00
1305.00 881.00
1018.00 887.00
1569.00 888.00
1346.00 899.00
1404.00 915.00
1458.00 922.00
420.00 952.00
1500.00 930.00
705.00 947.00
1854.00 940.00
489.00 958.00
1021.00 997.00
1213.00 972.00
679.00 988.00
736.00 988.00
1955.00 982.00
1999.00 973.00
1387.00 1003.00
1892.00 1015.00
1847.00 1020.00
608.00 1051.00
1399.00 1044.00
1567.00 1044.00
648.00 1106.00
2053.00 1060.00
978.00 1093.00
1903.00 1075.00
623.00 1159.00
1790.00 1067.00
40.00 1123.00
2112.00 1090.00
560.00 1123.00
275.00 1134.00
1258.00 1126.00
1155.00 1129.00
399.00 1146.00
958.00 1146.00
474.00 1179.00
1555.00 1162.00
577.00 1173.00
1213.00 1173.00
1381.00 1171.00
714.00 1186.00
370.00 1195.00
958.00 1188.00
1904.00 1172.00
433.00 1201.00
881.00 1202.00
1785.00 1204.00
832.00 1216.00
497.00 1239.00
1728.00 1204.00
1207.00 1225.00
1121.00 1224.00
1597.00 1213.00
1460.00 1223.00
1392.00 1228.00
554.00 1267.00
42.00 1282.00
816.00 1257.00
666.00 1271.00
881.00 1273.00
1025.00 1275.00
496.00 1294.00
335.00 1309.00
1113.00 1294.00
444.00 1325.00
620.00 1324.00
1779.00 1295.00
1031.00 1321.00
1209.00 1315.00
1690.00 1323.00
816.00 1339.00
218.00 1353.00
1647.00 1321.00
1920.00 1314.00
345.00 1359.00
274.00 1356.00
679.00 1349.00
443.00 1372.00
2082.00 1322.00
1606.00 1351.00
1032.00 1375.00
1129.00 1375.00
757.00 1384.00
1080.00 1379.00
1694.00 1378.00
1971.00 1338.00
706.00 1399.00
334.00 1403.00
260.00 1414.00
1272.00 1391.00
1840.00 1412.00
188.00 1430.00
1991.00 1381.00
1596.00 1395.00
1648.00 1394.00
888.00 1421.00
1011.00 1417.00
1891.00 1387.00
1145.00 1427.00
381.00 1416.00
440.00 1443.00
500.00 1444.00
1711.00 1420.00
1336.00 1424.00
1961.00 1424.00
1602.00 1439.00
2059.00 1420.00
1073.00 1453.00
1651.00 1448.00
1878.00 1453.00
362.00 1474.00
1493.00 1465.00
1932.00 1476.00
1773.00 1447.00
1982.00 1472.00
1657.00 1489.00
1729.00 1488.00
1783.00 1519.00
294.00 1564.00
1952.00 1521.00
1718.00 1531.00
2019.00 1524.00
1657.00 1541.00
339.00 1603.00
1857.00 1578.00
530.00 1644.00
1770.00 1588.00
406.00 1628.00
183.00 1627.00
477.00 1658.00
347.00 1645.00
275.00 1644.00
307.00 1687.00
432.00 1696.00
371.00 1710.00
303.00 1772.00
524.00 1844.00
1927.00 1851.00
507.00 1889.00
405.00 1929.00
1976.00 1987.00
2139.00 2121.00
1091.00 2167.00
2043.00 2267.00
1822.00 2329.00
2088.00 2312.00
1887.00 2324.00
1379.00 2396.00
1463.00 2419.00
1903.00 2408.00
1837.00 2429.00
2098.00 2422.00
351.00 2541.00
1943.00 2503.00
1851.00 2528.00
1687.00 2545.00
185.00 2676.00
2054.00 2711.00
