2132.00 168.00
2128.00 209.00
912.00 199.00
861.00 207.00
384.00 285.00
980.00 314.00
1340.00 347.00
76.00 288.00
868.00 498.00
106.00 403.00
1604.00 525.00
96.00 515.00
1802.00 562.00
1060.00 656.00
2145.00 707.00
1000.00 733.00
177.00 731.00
306.00 759.00
355.00 768.00
89.00 782.00
439.00 795.00
950.00 813.00
518.00 802.00
561.00 811.00
260.00 802.00
352.00 821.00
215.00 809.00
608.00 821.00
656.00 831.00
724.00 846.00
779.00 858.00
395.00 844.00
466.00 858.00
1643.00 883.00
694.00 893.00
737.00 892.00
1600.00 916.00
408.00 885.00
643.00 905.00
786.00 922.00
860.00 932.00
937.00 936.00
355.00 926.00
125.00 953.00
818.00 997.00
1189.00 983.00
2055.00 1014.00
281.00 976.00
898.00 1001.00
704.00 992.00
1011.00 1001.00
414.00 987.00
1385.00 1023.00
634.00 1016.00
1810.00 1045.00
262.00 1024.00
1447.00 1038.00
545.00 1023.00
1193.00 1028.00
1950.00 1055.00
1514.00 1050.00
311.00 1031.00
1602.00 1060.00
384.00 1043.00
1050.00 1056.00
761.00 1032.00
1667.00 1073.00
2059.00 1066.00
504.00 1061.00
1122.00 1073.00
825.00 1071.00
1855.00 1094.00
553.00 1069.00
1767.00 1066.00
637.00 1083.00
1813.00 1111.00
369.00 1103.00
734.00 1099.00
1554.00 1120.00
1955.00 1126.00
1675.00 1124.00
777.00 1107.00
894.00 1115.00
1756.00 1131.00
2120.00 1148.00
1425.00 1131.00
1492.00 1138.00
1135.00 1138.00
2067.00 1166.00
1824.00 1170.00
1052.00 1152.00
1660.00 1168.00
1596.00 1158.00
540.00 1163.00
148.00 1161.00
313.00 1182.00
1273.00 1187.00
1961.00 1201.00
787.00 1167.00
1384.00 1204.00
2072.00 1209.00
1451.00 1214.00
429.00 1198.00
1810.00 1227.00
1513.00 1223.00
1863.00 1234.00
579.00 1217.00
1606.00 1237.00
996.00 1229.00
1686.00 1224.00
1734.00 1257.00
1216.00 1225.00
852.00 1254.00
1386.00 1268.00
976.00 1271.00
2078.00 1291.00
1062.00 1282.00
1524.00 1298.00
1175.00 1297.00
1781.00 1349.00
1631.00 1313.00
1385.00 1324.00
1239.00 1324.00
1873.00 1365.00
2082.00 1332.00
2140.00 1360.00
526.00 1323.00
211.00 1336.00
1063.00 1347.00
1436.00 1372.00
1765.00 1399.00
267.00 1343.00
2096.00 1399.00
1983.00 1395.00
130.00 1410.00
1787.00 1449.00
1564.00 1439.00
572.00 1408.00
1437.00 1424.00
2091.00 1440.00
1205.00 1454.00
1992.00 1497.00
1881.00 1483.00
1582.00 1495.00
1063.00 1469.00
1789.00 1495.00
1440.00 1520.00
119.00 1485.00
1533.00 1510.00
2097.00 1511.00
2147.00 1548.00
338.00 1533.00
847.00 1533.00
904.00 1537.00
2056.00 1561.00
1009.00 1572.00
1180.00 1557.00
1989.00 1572.00
1792.00 1537.00
1420.00 1571.00
119.00 1559.00
1888.00 1587.00
290.00 1567.00
409.00 1575.00
566.00 1583.00
847.00 1596.00
678.00 1594.00
904.00 1598.00
1712.00 1613.00
960.00 1602.00
1064.00 1607.00
1538.00 1614.00
1112.00 1610.00
1596.00 1619.00
1180.00 1614.00
1648.00 1622.00
1472.00 1625.00
289.00 1608.00
1423.00 1627.00
418.00 1626.00
2111.00 1670.00
1927.00 1661.00
1997.00 1684.00
1650.00 1671.00
976.00 1676.00
1181.00 1706.00
180.00 1686.00
2115.00 1722.00
2001.00 1730.00
1953.00 1734.00
1899.00 1738.00
1593.00 1738.00
1805.00 1745.00
1761.00 1748.00
1720.00 1751.00
106.00 1730.00
157.00 1731.00
208.00 1732.00
257.00 1734.00
1545.00 1752.00
561.00 1739.00
1672.00 1791.00
1448.00 1821.00
388.00 1782.00
1795.00 1820.00
1905.00 1836.00
178.00 1799.00
2151.00 1834.00
127.00 1815.00
1661.00 1862.00
1786.00 1881.00
1642.00 1903.00
1765.00 1933.00
1816.00 1925.00
1702.00 1944.00
1586.00 1954.00
132.00 1974.00
1509.00 1989.00
1649.00 1978.00
436.00 2051.00
1917.00 2008.00
81.00 2076.00
1819.00 2062.00
1560.00 2061.00
1607.00 2079.00
382.00 2089.00
1669.00 2096.00
341.00 2072.00
1848.00 2118.00
271.00 2108.00
613.00 2139.00
379.00 2131.00
116.00 2144.00
1821.00 2164.00
61.00 2146.00
981.00 2186.00
1825.00 2215.00
1642.00 2220.00
531.00 2232.00
1860.00 2273.00
1115.00 2304.00
2085.00 2286.00
1646.00 2291.00
1762.00 2286.00
1951.00 2299.00
656.00 2312.00
1209.00 2340.00
1926.00 2356.00
1775.00 2363.00
574.00 2360.00
507.00 2367.00
1835.00 2377.00
981.00 2384.00
381.00 2381.00
289.00 2390.00
615.00 2405.00
1987.00 2424.00
1901.00 2431.00
2097.00 2492.00
1029.00 2471.00
531.00 2476.00
424.00 2489.00
981.00 2508.00
584.00 2544.00
2103.00 2576.00
1017.00 2574.00
840.00 2600.00
541.00 2650.00
1144.00 2668.00
1828.00 2682.00
1752.00 2671.00
407.00 2708.00
1802.00 2733.00
1498.00 2757.00
1181.00 2827.00
