1246.00 311.00
1900.00 521.00
1128.00 330.00
1357.00 420.00
1248.00 400.00
1571.00 564.00
1416.00 544.00
1665.00 617.00
215.00 410.00
1615.00 637.00
1926.00 745.00
785.00 528.00
1328.00 655.00
1934.00 809.00
1376.00 714.00
1327.00 715.00
671.00 594.00
1104.00 670.00
1939.00 864.00
1767.00 870.00
1432.00 805.00
1831.00 897.00
1731.00 911.00
466.00 710.00
899.00 761.00
669.00 767.00
453.00 751.00
1462.00 921.00
713.00 796.00
1618.00 962.00
1508.00 959.00
671.00 816.00
1221.00 926.00
830.00 836.00
507.00 810.00
1571.00 976.00
1281.00 944.00
728.00 872.00
670.00 880.00
1027.00 939.00
503.00 874.00
590.00 914.00
186.00 874.00
376.00 910.00
1691.00 1104.00
1217.00 1060.00
459.00 958.00
506.00 952.00
1356.00 1086.00
1014.00 1037.00
1431.00 1077.00
1501.00 1117.00
430.00 1011.00
258.00 1018.00
1305.00 1153.00
984.00 1119.00
1902.00 1242.00
424.00 1090.00
1853.00 1252.00
44.00 1070.00
222.00 1101.00
906.00 1185.00
1728.00 1277.00
1029.00 1185.00
747.00 1176.00
1676.00 1288.00
312.00 1146.00
581.00 1209.00
707.00 1217.00
1707.00 1340.00
823.00 1231.00
646.00 1237.00
17.00 1207.00
71.00 1200.00
688.00 1287.00
357.00 1252.00
912.00 1259.00
821.00 1292.00
250.00 1250.00
539.00 1310.00
116.00 1275.00
381.00 1315.00
800.00 1363.00
495.00 1352.00
861.00 1388.00
1860.00 1436.00
22.00 1396.00
916.00 1442.00
714.00 1467.00
257.00 1436.00
600.00 1462.00
1083.00 1485.00
1651.00 1559.00
1709.00 1583.00
365.00 1497.00
1559.00 1605.00
415.00 1505.00
29.00 1537.00
840.00 1555.00
165.00 1549.00
414.00 1561.00
328.00 1617.00
25.00 1661.00
848.00 1724.00
294.00 1687.00
1518.00 1720.00
729.00 1742.00
1860.00 1760.00
1619.00 1779.00
144.00 1760.00
784.00 1779.00
1752.00 1817.00
1088.00 1798.00
251.00 1810.00
1869.00 1830.00
1514.00 1832.00
1636.00 1839.00
1682.00 1851.00
1754.00 1858.00
301.00 1938.00
542.00 1952.00
54.00 1972.00
389.00 1992.00
1805.00 1986.00
1257.00 2040.00
1580.00 2016.00
1718.00 2017.00
1761.00 2018.00
2005.00 2020.00
437.00 2040.00
224.00 2100.00
975.00 2079.00
750.00 2102.00
1766.00 2095.00
1538.00 2087.00
1850.00 2098.00
528.00 2149.00
634.00 2158.00
288.00 2175.00
422.00 2199.00
833.00 2172.00
540.00 2207.00
1824.00 2191.00
833.00 2243.00
1187.00 2276.00
1640.00 2275.00
1364.00 2298.00
176.00 2423.00
285.00 2428.00
676.00 2428.00
1405.00 2401.00
81.00 2527.00
1740.00 2389.00
1787.00 2392.00
1856.00 2403.00
730.00 2550.00
1404.00 2488.00
311.00 2829.00
