888.00 194.00
1661.00 248.00
991.00 233.00
1147.00 237.00
1537.00 273.00
1381.00 285.00
1436.00 297.00
1685.00 314.00
913.00 280.00
1176.00 311.00
1110.00 377.00
1040.00 390.00
845.00 374.00
2075.00 459.00
1678.00 516.00
2081.00 534.00
1011.00 540.00
1575.00 586.00
1411.00 609.00
1475.00 604.00
1909.00 630.00
1041.00 604.00
1527.00 605.00
1380.00 654.00
2088.00 676.00
1380.00 696.00
1421.00 705.00
1008.00 711.00
288.00 685.00
1150.00 730.00
1894.00 754.00
2060.00 761.00
2151.00 734.00
1731.00 780.00
865.00 774.00
1871.00 831.00
2096.00 817.00
1207.00 843.00
1431.00 843.00
1625.00 829.00
619.00 794.00
2099.00 891.00
1895.00 927.00
1711.00 893.00
594.00 860.00
1262.00 909.00
1160.00 884.00
2103.00 932.00
2002.00 944.00
1417.00 952.00
1678.00 937.00
1003.00 936.00
1099.00 936.00
1879.00 979.00
2106.00 979.00
857.00 951.00
1820.00 993.00
1002.00 979.00
1204.00 1009.00
1344.00 1022.00
1776.00 1012.00
1879.00 1025.00
1468.00 1048.00
1829.00 1048.00
1734.00 1039.00
186.00 1011.00
499.00 1016.00
143.00 1018.00
1341.00 1080.00
589.00 1042.00
1755.00 1082.00
2010.00 1091.00
650.00 1053.00
1860.00 1116.00
1661.00 1093.00
763.00 1069.00
854.00 1073.00
123.00 1062.00
1116.00 1110.00
1280.00 1126.00
999.00 1114.00
1931.00 1125.00
1978.00 1140.00
705.00 1093.00
1379.00 1141.00
1479.00 1161.00
929.00 1131.00
2118.00 1182.00
1779.00 1190.00
1392.00 1192.00
174.00 1130.00
1708.00 1198.00
115.00 1132.00
527.00 1147.00
578.00 1155.00
1071.00 1192.00
290.00 1157.00
2118.00 1223.00
1753.00 1253.00
1254.00 1243.00
523.00 1189.00
1574.00 1245.00
1117.00 1241.00
739.00 1221.00
291.00 1208.00
346.00 1212.00
1073.00 1255.00
1689.00 1273.00
1863.00 1268.00
565.00 1224.00
849.00 1229.00
1452.00 1281.00
1340.00 1281.00
172.00 1231.00
451.00 1238.00
1543.00 1304.00
736.00 1265.00
1202.00 1301.00
619.00 1284.00
2004.00 1338.00
243.00 1289.00
1280.00 1327.00
418.00 1299.00
1048.00 1358.00
190.00 1295.00
1791.00 1346.00
734.00 1316.00
322.00 1311.00
2128.00 1354.00
1675.00 1377.00
566.00 1333.00
611.00 1352.00
850.00 1351.00
234.00 1349.00
502.00 1359.00
280.00 1354.00
322.00 1357.00
2090.00 1425.00
1733.00 1409.00
1900.00 1432.00
729.00 1397.00
554.00 1384.00
920.00 1400.00
1471.00 1415.00
1519.00 1444.00
1583.00 1455.00
849.00 1443.00
1022.00 1454.00
1394.00 1451.00
317.00 1424.00
167.00 1436.00
258.00 1419.00
547.00 1446.00
1523.00 1501.00
1921.00 1511.00
755.00 1488.00
467.00 1474.00
603.00 1485.00
201.00 1481.00
256.00 1486.00
542.00 1507.00
1797.00 1547.00
1572.00 1531.00
312.00 1476.00
1905.00 1552.00
1174.00 1497.00
889.00 1519.00
1074.00 1537.00
2042.00 1581.00
1987.00 1565.00
202.00 1529.00
1847.00 1591.00
1583.00 1592.00
1184.00 1571.00
1328.00 1589.00
285.00 1549.00
892.00 1567.00
1532.00 1602.00
356.00 1570.00
151.00 1542.00
397.00 1563.00
457.00 1596.00
1287.00 1626.00
1824.00 1649.00
303.00 1595.00
1489.00 1640.00
1866.00 1652.00
2064.00 1667.00
1662.00 1684.00
390.00 1633.00
325.00 1636.00
1551.00 1694.00
1379.00 1690.00
1266.00 1670.00
1926.00 1718.00
1617.00 1715.00
2063.00 1736.00
326.00 1679.00
1486.00 1725.00
681.00 1719.00
632.00 1700.00
578.00 1712.00
1223.00 1756.00
880.00 1742.00
1790.00 1770.00
1355.00 1760.00
1739.00 1770.00
351.00 1728.00
440.00 1739.00
2024.00 1785.00
1442.00 1795.00
1611.00 1799.00
2146.00 1851.00
1537.00 1834.00
2101.00 1860.00
1709.00 1853.00
898.00 1828.00
1299.00 1859.00
1899.00 1876.00
1473.00 1890.00
1593.00 1896.00
1782.00 1911.00
1864.00 1920.00
655.00 1894.00
908.00 1905.00
978.00 1857.00
1213.00 1933.00
1757.00 1967.00
1053.00 1928.00
1673.00 1966.00
1495.00 1978.00
1864.00 1961.00
1559.00 1991.00
22.00 1954.00
675.00 1973.00
974.00 1956.00
375.00 1974.00
1787.00 2014.00
1017.00 1994.00
1107.00 1998.00
2093.00 2023.00
1611.00 2017.00
43.00 1996.00
418.00 2008.00
1175.00 2021.00
1994.00 2071.00
1023.00 2047.00
917.00 2040.00
1657.00 2071.00
1730.00 2058.00
1558.00 2064.00
1104.00 2065.00
2072.00 2107.00
1813.00 2114.00
1175.00 2081.00
1281.00 2086.00
1884.00 2111.00
1439.00 2103.00
618.00 2098.00
1770.00 2115.00
756.00 2108.00
1482.00 2124.00
1381.00 2127.00
1268.00 2127.00
1894.00 2152.00
969.00 2134.00
1557.00 2168.00
1063.00 2196.00
1627.00 2225.00
1491.00 2203.00
1314.00 2207.00
1740.00 2250.00
1144.00 2230.00
1510.00 2250.00
1782.00 2261.00
1458.00 2277.00
1051.00 2267.00
1623.00 2296.00
1287.00 2298.00
1209.00 2316.00
494.00 2301.00
1415.00 2329.00
1145.00 2366.00
1946.00 2397.00
1714.00 2395.00
764.00 2377.00
967.00 2403.00
1279.00 2389.00
1475.00 2425.00
1689.00 2441.00
1074.00 2425.00
1412.00 2449.00
2022.00 2478.00
1753.00 2487.00
580.00 2458.00
1241.00 2480.00
1923.00 2547.00
839.00 2534.00
1382.00 2554.00
2128.00 2564.00
1383.00 2596.00
1950.00 2649.00
1342.00 2631.00
749.00 2623.00
2023.00 2681.00
1627.00 2670.00
595.00 2647.00
405.00 2668.00
645.00 2727.00
1405.00 2755.00
