1015.00 28.00
489.00 40.00
1236.00 58.00
448.00 28.00
453.00 112.00
932.00 145.00
1409.00 170.00
66.00 171.00
1235.00 195.00
352.00 201.00
932.00 218.00
548.00 213.00
402.00 211.00
726.00 230.00
819.00 256.00
381.00 268.00
748.00 306.00
667.00 284.00
1058.00 292.00
1017.00 294.00
931.00 289.00
306.00 279.00
733.00 358.00
863.00 363.00
378.00 326.00
1392.00 380.00
502.00 329.00
327.00 365.00
375.00 380.00
275.00 399.00
457.00 398.00
1099.00 448.00
734.00 429.00
862.00 470.00
539.00 441.00
812.00 482.00
1388.00 505.00
472.00 450.00
741.00 488.00
1073.00 499.00
274.00 523.00
433.00 506.00
640.00 551.00
197.00 554.00
929.00 555.00
1391.00 577.00
535.00 548.00
739.00 572.00
315.00 561.00
1005.00 552.00
861.00 579.00
389.00 572.00
638.00 639.00
1860.00 630.00
504.00 597.00
156.00 599.00
739.00 643.00
300.00 637.00
1229.00 643.00
647.00 686.00
188.00 647.00
738.00 703.00
1100.00 685.00
349.00 631.00
1368.00 707.00
418.00 712.00
1161.00 712.00
504.00 713.00
646.00 727.00
367.00 728.00
27.00 734.00
106.00 738.00
302.00 730.00
1328.00 770.00
1413.00 765.00
1103.00 766.00
1630.00 772.00
514.00 769.00
738.00 756.00
985.00 779.00
634.00 781.00
243.00 785.00
1806.00 808.00
1329.00 811.00
1394.00 812.00
1903.00 820.00
1950.00 832.00
58.00 811.00
152.00 806.00
1851.00 838.00
1104.00 852.00
1593.00 864.00
1636.00 869.00
298.00 850.00
1047.00 873.00
454.00 870.00
42.00 864.00
1844.00 893.00
395.00 884.00
347.00 889.00
633.00 834.00
1331.00 912.00
986.00 920.00
815.00 917.00
1105.00 916.00
928.00 922.00
508.00 928.00
1946.00 954.00
312.00 937.00
734.00 922.00
616.00 905.00
1332.00 964.00
1105.00 967.00
857.00 972.00
506.00 977.00
425.00 982.00
289.00 994.00
1334.00 1008.00
1867.00 1028.00
859.00 1050.00
1595.00 1035.00
983.00 1039.00
1255.00 1022.00
812.00 1041.00
627.00 1043.00
422.00 1043.00
504.00 1039.00
288.00 1045.00
1598.00 1081.00
2065.00 1080.00
114.00 1073.00
646.00 1089.00
2111.00 1100.00
1242.00 1087.00
724.00 1102.00
271.00 1109.00
2062.00 1122.00
54.00 1119.00
1631.00 1148.00
1568.00 1171.00
427.00 1145.00
624.00 1147.00
1262.00 1162.00
1931.00 1174.00
165.00 1165.00
220.00 1162.00
1025.00 1173.00
783.00 1173.00
1454.00 1179.00
1310.00 1233.00
2106.00 1206.00
969.00 1216.00
1216.00 1216.00
192.00 1211.00
809.00 1225.00
1166.00 1235.00
464.00 1198.00
697.00 1256.00
1689.00 1243.00
1922.00 1261.00
1218.00 1263.00
1961.00 1315.00
1555.00 1273.00
1321.00 1305.00
701.00 1349.00
1086.00 1335.00
1438.00 1357.00
1887.00 1339.00
501.00 1397.00
1232.00 1368.00
393.00 1403.00
233.00 1413.00
343.00 1445.00
232.00 1454.00
126.00 1501.00
251.00 1556.00
168.00 1609.00
306.00 1611.00
353.00 1612.00
74.00 1710.00
145.00 1756.00
226.00 1803.00
399.00 1842.00
124.00 1841.00
468.00 1847.00
390.00 1888.00
219.00 1921.00
80.00 1999.00
474.00 2044.00
352.00 2038.00
255.00 2151.00
