2052.00 392.00
1701.00 390.00
1598.00 488.00
1531.00 496.00
698.00 504.00
1812.00 702.00
1898.00 729.00
1835.00 743.00
1127.00 714.00
327.00 711.00
383.00 721.00
1451.00 887.00
1396.00 892.00
674.00 855.00
732.00 871.00
785.00 878.00
155.00 881.00
1669.00 1006.00
1618.00 1012.00
466.00 963.00
1110.00 1010.00
1854.00 1106.00
1282.00 1080.00
1807.00 1112.00
1342.00 1102.00
811.00 1097.00
856.00 1102.00
1504.00 1180.00
729.00 1111.00
1295.00 1240.00
1254.00 1238.00
897.00 1230.00
856.00 1226.00
1029.00 1268.00
1470.00 1296.00
1710.00 1300.00
1429.00 1297.00
1220.00 1345.00
1386.00 1387.00
1035.00 1435.00
1627.00 1460.00
1602.00 1512.00
1385.00 1516.00
1628.00 1562.00
1631.00 1619.00
1578.00 1626.00
1706.00 1632.00
384.00 2019.00
180.00 2029.00
107.00 2052.00
1591.00 1989.00
388.00 2095.00
302.00 2170.00
259.00 2268.00
98.00 2287.00
