1652.00 40.00
1790.00 60.00
1654.00 94.00
1598.00 105.00
1790.00 103.00
1740.00 155.00
1662.00 193.00
2125.00 137.00
1638.00 256.00
1376.00 331.00
1914.00 238.00
1679.00 335.00
1562.00 357.00
1508.00 366.00
1389.00 389.00
1343.00 396.00
1456.00 407.00
1883.00 367.00
1716.00 417.00
1292.00 481.00
1966.00 439.00
1758.00 463.00
1236.00 545.00
1730.00 512.00
1471.00 569.00
1679.00 572.00
1558.00 616.00
1513.00 652.00
1559.00 660.00
1647.00 659.00
1790.00 650.00
1496.00 706.00
1561.00 715.00
1408.00 771.00
1692.00 732.00
1532.00 760.00
1752.00 752.00
1534.00 812.00
1695.00 777.00
1466.00 803.00
1796.00 750.00
1313.00 840.00
1770.00 800.00
1818.00 805.00
1674.00 820.00
1460.00 856.00
1931.00 771.00
1236.00 882.00
1315.00 882.00
1612.00 880.00
1671.00 879.00
1290.00 931.00
1879.00 821.00
1547.00 936.00
1362.00 933.00
1888.00 914.00
1997.00 926.00
1843.00 979.00
1911.00 956.00
1250.00 1020.00
1573.00 1020.00
2048.00 994.00
1306.00 1072.00
1551.00 1062.00
1997.00 1009.00
1800.00 1034.00
1470.00 1062.00
1949.00 1039.00
1429.00 1098.00
1794.00 1099.00
1307.00 1120.00
2018.00 1068.00
1373.00 1141.00
1422.00 1139.00
1447.00 1198.00
1284.00 1193.00
1575.00 1184.00
1748.00 1167.00
1403.00 1187.00
1516.00 1198.00
1300.00 1236.00
1364.00 1237.00
1505.00 1243.00
1862.00 1244.00
1420.00 1277.00
1686.00 1273.00
1301.00 1322.00
1474.00 1289.00
1924.00 1284.00
1379.00 1315.00
1792.00 1312.00
2128.00 1305.00
1647.00 1320.00
1524.00 1320.00
1836.00 1337.00
1441.00 1366.00
1537.00 1366.00
1487.00 1370.00
1302.00 1402.00
1294.00 1443.00
2111.00 1457.00
1619.00 1495.00
1308.00 1494.00
1353.00 1548.00
1438.00 1554.00
1482.00 1559.00
1589.00 1565.00
1316.00 1640.00
1548.00 1710.00
1488.00 1744.00
1553.00 1761.00
1393.00 1863.00
1489.00 1897.00
1307.00 1901.00
1607.00 1950.00
1889.00 2042.00
