1146.00 301.00
350.00 558.00
198.00 621.00
504.00 584.00
1898.00 280.00
286.00 646.00
987.00 543.00
377.00 659.00
550.00 649.00
488.00 687.00
1563.00 469.00
594.00 711.00
813.00 691.00
867.00 687.00
1191.00 585.00
682.00 742.00
631.00 764.00
1123.00 687.00
316.00 834.00
797.00 735.00
679.00 837.00
1184.00 736.00
903.00 788.00
1511.00 695.00
961.00 786.00
844.00 809.00
270.00 900.00
711.00 886.00
1139.00 808.00
1210.00 798.00
1459.00 814.00
690.00 947.00
917.00 940.00
1009.00 930.00
766.00 984.00
808.00 981.00
545.00 1003.00
2090.00 799.00
1475.00 911.00
604.00 1076.00
1007.00 1028.00
1895.00 870.00
1149.00 1022.00
1208.00 1019.00
1312.00 1028.00
371.00 1126.00
1006.00 1104.00
899.00 1072.00
1184.00 1091.00
1421.00 1055.00
807.00 1161.00
600.00 1199.00
549.00 1204.00
1171.00 1140.00
441.00 1213.00
1587.00 1076.00
663.00 1215.00
383.00 1260.00
1096.00 1198.00
528.00 1248.00
641.00 1279.00
290.00 1332.00
1007.00 1277.00
335.00 1331.00
2020.00 1156.00
1614.00 1187.00
1474.00 1233.00
1315.00 1252.00
550.00 1343.00
316.00 1374.00
1953.00 1196.00
1763.00 1230.00
1096.00 1299.00
602.00 1368.00
1236.00 1300.00
407.00 1387.00
1846.00 1233.00
1286.00 1294.00
1164.00 1301.00
938.00 1372.00
1546.00 1362.00
501.00 1464.00
1389.00 1402.00
2143.00 1354.00
1510.00 1440.00
1288.00 1492.00
1197.00 1527.00
1527.00 1505.00
1238.00 1512.00
1371.00 1555.00
599.00 1642.00
1642.00 1552.00
1224.00 1589.00
1427.00 1593.00
1486.00 1588.00
1979.00 1575.00
1127.00 1620.00
1375.00 1609.00
2068.00 1632.00
2134.00 1662.00
1648.00 1676.00
953.00 1999.00
842.00 2041.00
558.00 2074.00
1067.00 2198.00
718.00 2261.00
1086.00 2281.00
375.00 2295.00
767.00 2312.00
959.00 2332.00
880.00 2353.00
1679.00 2325.00
1596.00 2407.00
612.00 2485.00
441.00 2528.00
271.00 2661.00
