1084.00 623.00
853.00 644.00
765.00 550.00
1231.00 709.00
896.00 739.00
714.00 675.00
1056.00 888.00
984.00 883.00
1146.00 901.00
580.00 861.00
657.00 881.00
1252.00 955.00
968.00 948.00
423.00 959.00
139.00 917.00
8.00 923.00
965.00 1043.00
860.00 1104.00
1519.00 1102.00
140.00 988.00
286.00 1076.00
904.00 1186.00
41.00 1126.00
108.00 1141.00
584.00 1187.00
173.00 1187.00
1105.00 1428.00
1036.00 1430.00
787.00 1409.00
162.00 1308.00
1225.00 1456.00
950.00 1476.00
1291.00 1491.00
623.00 1484.00
1246.00 1501.00
1097.00 1507.00
1405.00 1526.00
952.00 1533.00
1012.00 1539.00
1260.00 1549.00
552.00 1542.00
810.00 1554.00
618.00 1552.00
488.00 1551.00
723.00 1566.00
1755.00 1532.00
440.00 1582.00
655.00 1599.00
77.00 1583.00
348.00 1594.00
412.00 1623.00
624.00 1640.00
1351.00 1647.00
1537.00 1690.00
162.00 1667.00
1355.00 1697.00
487.00 1725.00
228.00 1691.00
536.00 1718.00
640.00 1722.00
1482.00 1747.00
584.00 1751.00
394.00 1756.00
1096.00 1833.00
1053.00 1837.00
300.00 1939.00
772.00 1934.00
940.00 1950.00
684.00 1937.00
879.00 1951.00
1291.00 1960.00
1238.00 1991.00
1311.00 2022.00
765.00 2056.00
1231.00 2097.00
328.00 2249.00
795.00 2235.00
1085.00 2237.00
832.00 2576.00
