975.00 689.00
613.00 933.00
690.00 1198.00
392.00 1216.00
194.00 1341.00
398.00 1268.00
476.00 1261.00
775.00 1319.00
247.00 1323.00
726.00 1400.00
294.00 1432.00
859.00 1418.00
854.00 1490.00
977.00 1495.00
444.00 1520.00
203.00 1568.00
925.00 1589.00
18.00 1581.00
349.00 1640.00
176.00 1653.00
8.00 1630.00
176.00 1694.00
1324.00 1676.00
1235.00 1630.00
780.00 1704.00
1101.00 1733.00
1402.00 1749.00
1305.00 1755.00
781.00 1835.00
1195.00 1793.00
719.00 1836.00
143.00 1863.00
837.00 1829.00
346.00 1855.00
1406.00 1810.00
1375.00 1853.00
87.00 1936.00
1083.00 1950.00
1402.00 2003.00
596.00 1972.00
421.00 2093.00
1447.00 2090.00
1284.00 2113.00
1161.00 2136.00
1417.00 2143.00
1032.00 2159.00
840.00 2199.00
503.00 2207.00
447.00 2450.00
