998.00 120.00
1533.00 371.00
1113.00 338.00
1202.00 364.00
1540.00 435.00
1253.00 399.00
1031.00 411.00
1236.00 447.00
1761.00 523.00
58.00 444.00
1543.00 492.00
670.00 491.00
339.00 520.00
1122.00 515.00
1178.00 535.00
390.00 554.00
919.00 628.00
445.00 648.00
591.00 683.00
919.00 674.00
462.00 723.00
819.00 753.00
757.00 803.00
1386.00 797.00
415.00 848.00
27.00 855.00
1288.00 847.00
880.00 856.00
128.00 886.00
1030.00 850.00
1364.00 872.00
1760.00 851.00
343.00 912.00
958.00 897.00
1094.00 903.00
679.00 975.00
892.00 940.00
1321.00 976.00
1765.00 1004.00
847.00 989.00
92.00 1030.00
1545.00 1025.00
1085.00 1008.00
801.00 1016.00
888.00 1019.00
1370.00 1051.00
8.00 1077.00
541.00 1097.00
697.00 1115.00
1533.00 1093.00
380.00 1110.00
938.00 1099.00
1128.00 1083.00
759.00 1114.00
801.00 1106.00
848.00 1106.00
36.00 1144.00
337.00 1144.00
1329.00 1132.00
424.00 1187.00
286.00 1185.00
1466.00 1165.00
1580.00 1189.00
801.00 1152.00
893.00 1173.00
1039.00 1173.00
378.00 1222.00
951.00 1167.00
997.00 1173.00
1211.00 1185.00
226.00 1233.00
605.00 1258.00
141.00 1260.00
367.00 1273.00
801.00 1216.00
1014.00 1231.00
95.00 1267.00
1142.00 1246.00
54.00 1284.00
1487.00 1272.00
1374.00 1265.00
847.00 1260.00
1330.00 1281.00
1584.00 1282.00
108.00 1334.00
150.00 1339.00
263.00 1362.00
1144.00 1299.00
1056.00 1358.00
1588.00 1367.00
373.00 1376.00
705.00 1397.00
1427.00 1403.00
1370.00 1392.00
181.00 1411.00
800.00 1409.00
862.00 1397.00
1592.00 1418.00
1039.00 1403.00
1484.00 1434.00
98.00 1452.00
857.00 1450.00
1300.00 1468.00
204.00 1481.00
800.00 1483.00
725.00 1503.00
1007.00 1490.00
1454.00 1513.00
1071.00 1466.00
1173.00 1515.00
1341.00 1519.00
813.00 1544.00
1602.00 1587.00
1499.00 1564.00
120.00 1574.00
1297.00 1570.00
1434.00 1597.00
1147.00 1604.00
1061.00 1647.00
1535.00 1657.00
1151.00 1656.00
635.00 1689.00
1231.00 1704.00
625.00 1756.00
1293.00 1753.00
1032.00 1769.00
1704.00 1800.00
1465.00 1805.00
886.00 1807.00
1588.00 1797.00
794.00 1818.00
1611.00 1852.00
1111.00 1845.00
1155.00 1848.00
1296.00 1855.00
795.00 1904.00
1496.00 1903.00
1155.00 1915.00
1239.00 1923.00
1585.00 1944.00
618.00 1924.00
1527.00 1952.00
1474.00 1954.00
974.00 1914.00
843.00 1969.00
1569.00 2002.00
776.00 2018.00
1242.00 2030.00
1041.00 2028.00
1158.00 2035.00
647.00 2044.00
951.00 2066.00
947.00 2125.00
1116.00 2087.00
1449.00 2146.00
1264.00 2139.00
1002.00 2153.00
1265.00 2231.00
934.00 2227.00
670.00 2245.00
1099.00 2238.00
744.00 2299.00
689.00 2309.00
1151.00 2374.00
1349.00 2410.00
524.00 2422.00
