1189.00 204.00
1259.00 245.00
1142.00 245.00
1218.00 275.00
1397.00 301.00
1423.00 359.00
907.00 349.00
104.00 300.00
671.00 463.00
721.00 511.00
971.00 551.00
669.00 526.00
1590.00 764.00
1618.00 819.00
602.00 818.00
463.00 819.00
559.00 829.00
801.00 847.00
507.00 831.00
980.00 875.00
1141.00 876.00
1627.00 959.00
1099.00 888.00
1142.00 925.00
909.00 935.00
995.00 960.00
1110.00 969.00
1305.00 1043.00
1186.00 1014.00
1258.00 1035.00
1371.00 1071.00
1589.00 1066.00
1635.00 1087.00
1463.00 1098.00
1131.00 1130.00
1438.00 1150.00
1594.00 1171.00
242.00 1115.00
1059.00 1163.00
1597.00 1221.00
1242.00 1188.00
1013.00 1183.00
1297.00 1200.00
688.00 1198.00
970.00 1203.00
638.00 1200.00
1243.00 1231.00
172.00 1197.00
1527.00 1265.00
912.00 1228.00
298.00 1209.00
1473.00 1252.00
1181.00 1255.00
1121.00 1269.00
889.00 1269.00
1001.00 1268.00
1201.00 1298.00
841.00 1261.00
939.00 1278.00
1062.00 1290.00
759.00 1297.00
851.00 1312.00
1245.00 1311.00
991.00 1325.00
1104.00 1327.00
48.00 1299.00
713.00 1317.00
809.00 1332.00
671.00 1334.00
1051.00 1345.00
1202.00 1344.00
94.00 1338.00
188.00 1350.00
881.00 1365.00
618.00 1359.00
248.00 1357.00
1247.00 1395.00
837.00 1381.00
723.00 1390.00
1176.00 1397.00
475.00 1385.00
1103.00 1403.00
541.00 1402.00
1053.00 1417.00
611.00 1411.00
672.00 1412.00
760.00 1431.00
1423.00 1450.00
540.00 1443.00
981.00 1467.00
288.00 1452.00
590.00 1456.00
390.00 1453.00
148.00 1458.00
480.00 1456.00
635.00 1485.00
817.00 1487.00
538.00 1488.00
760.00 1504.00
295.00 1496.00
467.00 1526.00
14.00 1534.00
1098.00 1579.00
88.00 1531.00
312.00 1547.00
600.00 1553.00
390.00 1552.00
524.00 1590.00
256.00 1600.00
802.00 1617.00
54.00 1616.00
839.00 1686.00
533.00 1663.00
601.00 1663.00
1195.00 1677.00
46.00 1661.00
1145.00 1683.00
111.00 1657.00
679.00 1683.00
347.00 1690.00
633.00 1711.00
10.00 1714.00
488.00 1729.00
680.00 1731.00
721.00 1723.00
614.00 1752.00
60.00 1771.00
149.00 1757.00
809.00 1793.00
563.00 1797.00
1606.00 1794.00
1101.00 1800.00
1649.00 1801.00
1507.00 1829.00
1207.00 1793.00
606.00 1807.00
189.00 1833.00
106.00 1824.00
653.00 1839.00
375.00 1809.00
332.00 1825.00
872.00 1831.00
936.00 1847.00
57.00 1863.00
779.00 1870.00
826.00 1861.00
16.00 1839.00
101.00 1888.00
297.00 1903.00
151.00 1896.00
559.00 1933.00
90.00 1929.00
33.00 1967.00
884.00 1950.00
711.00 1972.00
520.00 1979.00
669.00 1996.00
442.00 2001.00
400.00 2001.00
1065.00 2014.00
587.00 2031.00
8.00 2067.00
1344.00 2019.00
1182.00 2034.00
1229.00 2025.00
436.00 2056.00
945.00 2047.00
386.00 2064.00
1018.00 2051.00
1409.00 2038.00
256.00 2083.00
721.00 2039.00
310.00 2094.00
567.00 2104.00
1228.00 2075.00
1163.00 2091.00
829.00 2103.00
1277.00 2089.00
648.00 2128.00
697.00 2116.00
1324.00 2092.00
775.00 2105.00
1391.00 2108.00
1442.00 2117.00
1530.00 2128.00
844.00 2161.00
1193.00 2157.00
1002.00 2169.00
1281.00 2153.00
1360.00 2175.00
599.00 2170.00
400.00 2224.00
233.00 2273.00
533.00 2262.00
229.00 2336.00
896.00 2288.00
39.00 2405.00
961.00 2323.00
94.00 2445.00
42.00 2454.00
1084.00 2335.00
19.00 2519.00
653.00 2482.00
86.00 2584.00
393.00 2557.00
159.00 2584.00
229.00 2595.00
678.00 2537.00
790.00 2544.00
311.00 2665.00
868.00 2576.00
390.00 2648.00
786.00 2596.00
934.00 2634.00
228.00 2768.00
