2140.00 162.00
1914.00 296.00
1760.00 386.00
1184.00 386.00
567.00 409.00
596.00 463.00
689.00 505.00
1948.00 523.00
1218.00 559.00
1052.00 559.00
1008.00 574.00
1567.00 636.00
1522.00 640.00
1613.00 646.00
950.00 660.00
677.00 677.00
1706.00 666.00
593.00 728.00
635.00 735.00
1609.00 697.00
1254.00 718.00
1053.00 742.00
1106.00 738.00
568.00 772.00
2097.00 761.00
1875.00 744.00
825.00 793.00
566.00 816.00
1839.00 820.00
483.00 803.00
1439.00 796.00
1389.00 799.00
671.00 829.00
721.00 839.00
1103.00 841.00
1754.00 849.00
1706.00 852.00
771.00 901.00
1558.00 918.00
1992.00 937.00
1772.00 920.00
626.00 975.00
1912.00 974.00
1616.00 986.00
871.00 1000.00
667.00 1010.00
1819.00 996.00
1555.00 1004.00
1917.00 1031.00
1960.00 1023.00
1456.00 1033.00
578.00 1082.00
1846.00 1078.00
619.00 1074.00
845.00 1080.00
1919.00 1073.00
893.00 1096.00
947.00 1104.00
1462.00 1157.00
1514.00 1168.00
876.00 1177.00
833.00 1186.00
1470.00 1206.00
1783.00 1233.00
999.00 1214.00
1560.00 1229.00
1070.00 1285.00
1331.00 1347.00
1646.00 1405.00
849.00 1404.00
1725.00 1419.00
2007.00 1459.00
1596.00 1545.00
1555.00 1556.00
1215.00 1709.00
981.00 1786.00
