1545.00 419.00
1503.00 416.00
1932.00 479.00
300.00 245.00
202.00 355.00
1854.00 655.00
300.00 490.00
1815.00 702.00
875.00 652.00
1312.00 708.00
1391.00 753.00
1687.00 819.00
1015.00 764.00
1638.00 846.00
2063.00 888.00
1582.00 859.00
1341.00 874.00
1537.00 896.00
1223.00 860.00
970.00 875.00
230.00 770.00
891.00 881.00
1322.00 929.00
1447.00 992.00
1689.00 1027.00
1989.00 1089.00
1385.00 1048.00
184.00 935.00
1329.00 1074.00
1905.00 1095.00
1846.00 1112.00
590.00 1022.00
1970.00 1174.00
1516.00 1126.00
1845.00 1155.00
1736.00 1153.00
1637.00 1158.00
919.00 1136.00
450.00 1113.00
1956.00 1221.00
1034.00 1172.00
1518.00 1189.00
1837.00 1196.00
1880.00 1244.00
843.00 1196.00
888.00 1208.00
423.00 1154.00
271.00 1147.00
1818.00 1317.00
1029.00 1244.00
1213.00 1293.00
1765.00 1333.00
366.00 1226.00
1646.00 1354.00
691.00 1297.00
1393.00 1341.00
582.00 1265.00
1583.00 1367.00
1823.00 1392.00
504.00 1318.00
1755.00 1392.00
1864.00 1415.00
628.00 1360.00
863.00 1369.00
1063.00 1410.00
1012.00 1412.00
778.00 1392.00
1806.00 1469.00
672.00 1450.00
224.00 1436.00
1791.00 1535.00
8.00 1460.00
1355.00 1523.00
605.00 1541.00
722.00 1525.00
1408.00 1585.00
692.00 1596.00
923.00 1620.00
998.00 1621.00
174.00 1650.00
225.00 1645.00
1668.00 1767.00
15.00 1765.00
418.00 1834.00
1207.00 1837.00
147.00 2158.00
1134.00 2165.00
357.00 2295.00
546.00 2291.00
31.00 2304.00
292.00 2365.00
1240.00 2320.00
376.00 2385.00
637.00 2447.00
571.00 2456.00
417.00 2581.00
