700.00 38.00
743.00 52.00
1339.00 50.00
818.00 70.00
302.00 121.00
634.00 105.00
716.00 113.00
1455.00 105.00
781.00 142.00
854.00 155.00
1665.00 131.00
1510.00 192.00
475.00 239.00
1573.00 209.00
1426.00 231.00
544.00 253.00
1467.00 235.00
1681.00 238.00
1347.00 267.00
527.00 305.00
766.00 309.00
940.00 338.00
996.00 327.00
266.00 353.00
1096.00 332.00
1843.00 299.00
332.00 364.00
434.00 372.00
620.00 372.00
494.00 384.00
1055.00 365.00
996.00 370.00
1095.00 407.00
741.00 460.00
996.00 435.00
613.00 444.00
1180.00 470.00
1451.00 464.00
1095.00 474.00
480.00 502.00
1431.00 506.00
1095.00 522.00
1472.00 530.00
522.00 543.00
394.00 579.00
804.00 575.00
860.00 597.00
446.00 587.00
1926.00 558.00
1507.00 573.00
533.00 608.00
1527.00 627.00
953.00 664.00
1013.00 633.00
1257.00 638.00
1885.00 639.00
1636.00 648.00
898.00 654.00
1182.00 673.00
304.00 713.00
1522.00 673.00
909.00 708.00
1269.00 718.00
731.00 726.00
1638.00 712.00
892.00 751.00
433.00 758.00
372.00 770.00
492.00 784.00
1028.00 793.00
612.00 798.00
763.00 799.00
804.00 813.00
1079.00 837.00
395.00 847.00
995.00 838.00
1642.00 826.00
751.00 866.00
1189.00 865.00
891.00 900.00
1619.00 867.00
566.00 908.00
499.00 933.00
311.00 908.00
730.00 917.00
240.00 939.00
1920.00 902.00
626.00 958.00
682.00 935.00
1149.00 928.00
808.00 962.00
342.00 965.00
1150.00 970.00
1048.00 972.00
880.00 984.00
1264.00 971.00
1103.00 977.00
625.00 1002.00
453.00 976.00
1332.00 985.00
317.00 1006.00
1935.00 989.00
504.00 1033.00
725.00 1037.00
998.00 1034.00
1140.00 1027.00
1629.00 1026.00
460.00 1042.00
558.00 1044.00
1299.00 1043.00
917.00 1086.00
1931.00 1052.00
997.00 1080.00
422.00 1086.00
1139.00 1081.00
507.00 1092.00
1318.00 1086.00
1181.00 1127.00
2109.00 1084.00
1305.00 1136.00
1867.00 1123.00
1655.00 1143.00
1487.00 1168.00
1386.00 1178.00
821.00 1178.00
862.00 1168.00
2038.00 1153.00
1078.00 1187.00
1837.00 1197.00
2080.00 1197.00
1476.00 1234.00
1120.00 1246.00
1537.00 1257.00
1784.00 1263.00
2039.00 1260.00
2099.00 1261.00
1072.00 1275.00
782.00 1286.00
960.00 1295.00
1302.00 1301.00
2132.00 1302.00
1255.00 1323.00
1346.00 1298.00
1673.00 1330.00
1408.00 1342.00
776.00 1349.00
1626.00 1353.00
1471.00 1354.00
2109.00 1344.00
859.00 1385.00
2039.00 1381.00
1994.00 1383.00
1147.00 1380.00
1416.00 1383.00
1924.00 1398.00
938.00 1419.00
1780.00 1422.00
2104.00 1419.00
846.00 1426.00
1263.00 1444.00
1146.00 1435.00
1040.00 1471.00
1314.00 1457.00
1521.00 1482.00
721.00 1498.00
1196.00 1509.00
2065.00 1525.00
1469.00 1534.00
1333.00 1571.00
1726.00 1597.00
1870.00 1611.00
883.00 1627.00
1199.00 1599.00
1629.00 1613.00
816.00 1584.00
1081.00 1605.00
1472.00 1621.00
2126.00 1624.00
1122.00 1604.00
1579.00 1636.00
933.00 1623.00
1929.00 1627.00
1412.00 1614.00
1819.00 1621.00
1316.00 1617.00
1245.00 1670.00
1761.00 1665.00
1200.00 1666.00
1932.00 1669.00
1334.00 1665.00
1820.00 1673.00
1292.00 1675.00
1009.00 1675.00
1651.00 1672.00
2095.00 1693.00
1589.00 1688.00
1475.00 1708.00
1201.00 1713.00
1118.00 1711.00
755.00 1715.00
838.00 1729.00
1168.00 1768.00
1421.00 1755.00
1562.00 1770.00
1111.00 1777.00
868.00 1782.00
1439.00 1826.00
678.00 1808.00
1002.00 1831.00
1321.00 1838.00
757.00 1850.00
1178.00 1854.00
884.00 1862.00
599.00 1860.00
1457.00 1893.00
828.00 1887.00
536.00 1885.00
1266.00 1911.00
880.00 1915.00
472.00 1915.00
1967.00 1939.00
1090.00 1932.00
1407.00 1949.00
947.00 1950.00
1004.00 1979.00
1317.00 1988.00
1461.00 1991.00
1057.00 2008.00
1106.00 2033.00
767.00 2050.00
616.00 2069.00
692.00 2151.00
1354.00 2126.00
1447.00 2124.00
1310.00 2137.00
1647.00 2146.00
