1469.00 198.00
1308.00 376.00
1352.00 388.00
1468.00 387.00
2026.00 275.00
1348.00 440.00
1428.00 442.00
1546.00 437.00
1945.00 464.00
1932.00 559.00
2065.00 569.00
1891.00 628.00
1997.00 628.00
1004.00 791.00
2073.00 634.00
1627.00 695.00
1936.00 664.00
1706.00 737.00
1113.00 832.00
1340.00 798.00
1632.00 772.00
1963.00 725.00
1847.00 745.00
1571.00 765.00
1484.00 846.00
2113.00 763.00
2068.00 783.00
863.00 978.00
1721.00 865.00
1347.00 914.00
1402.00 944.00
1560.00 954.00
1357.00 1010.00
1720.00 907.00
1452.00 960.00
1510.00 978.00
2020.00 940.00
1338.00 1077.00
1581.00 1046.00
1170.00 1081.00
1941.00 1022.00
2091.00 991.00
1985.00 1019.00
940.00 1134.00
1636.00 1035.00
1723.00 1070.00
1475.00 1103.00
2140.00 1034.00
1768.00 1076.00
1582.00 1099.00
1829.00 1090.00
1991.00 1079.00
1934.00 1097.00
1645.00 1134.00
688.00 1229.00
1484.00 1180.00
1895.00 1150.00
1601.00 1181.00
1646.00 1184.00
1692.00 1197.00
1401.00 1226.00
1545.00 1214.00
1622.00 1232.00
950.00 1301.00
1070.00 1293.00
1824.00 1240.00
1398.00 1293.00
951.00 1346.00
1834.00 1289.00
1056.00 1334.00
687.00 1385.00
1033.00 1375.00
1688.00 1338.00
1879.00 1329.00
776.00 1391.00
1572.00 1344.00
1420.00 1362.00
1997.00 1334.00
1798.00 1348.00
1086.00 1383.00
1736.00 1359.00
1351.00 1389.00
931.00 1426.00
1906.00 1373.00
706.00 1443.00
1537.00 1413.00
1816.00 1409.00
747.00 1449.00
2014.00 1375.00
1698.00 1410.00
825.00 1486.00
1867.00 1415.00
909.00 1483.00
1588.00 1435.00
1472.00 1462.00
1632.00 1432.00
1450.00 1509.00
1398.00 1479.00
1542.00 1473.00
1784.00 1509.00
659.00 1560.00
2136.00 1456.00
1914.00 1465.00
1850.00 1500.00
2088.00 1497.00
1565.00 1540.00
1357.00 1553.00
1894.00 1542.00
1853.00 1542.00
1787.00 1550.00
1693.00 1557.00
1972.00 1542.00
2096.00 1563.00
1457.00 1598.00
1662.00 1609.00
1409.00 1622.00
1851.00 1630.00
2134.00 1628.00
706.00 1661.00
1459.00 1677.00
1768.00 1675.00
1727.00 1679.00
739.00 1727.00
1557.00 1696.00
1336.00 1705.00
849.00 1728.00
661.00 1741.00
1566.00 1752.00
1521.00 1768.00
691.00 1800.00
1587.00 1848.00
652.00 1850.00
1622.00 1897.00
759.00 1860.00
1924.00 1922.00
1427.00 1929.00
1540.00 1942.00
806.00 1917.00
784.00 1977.00
1278.00 1973.00
2119.00 2056.00
1907.00 2051.00
1437.00 2034.00
714.00 1986.00
639.00 2003.00
1493.00 2048.00
819.00 2018.00
1593.00 2041.00
1118.00 2042.00
2109.00 2117.00
2049.00 2117.00
776.00 2081.00
1333.00 2084.00
1478.00 2103.00
1966.00 2129.00
1281.00 2094.00
1558.00 2117.00
1643.00 2126.00
1814.00 2148.00
818.00 2092.00
1235.00 2139.00
1445.00 2160.00
1894.00 2186.00
1083.00 2144.00
1124.00 2150.00
1334.00 2150.00
1593.00 2166.00
631.00 2151.00
1922.00 2253.00
1831.00 2264.00
1074.00 2212.00
2055.00 2292.00
1127.00 2249.00
2147.00 2338.00
1234.00 2268.00
1860.00 2334.00
1634.00 2319.00
1592.00 2336.00
1153.00 2299.00
588.00 2247.00
1000.00 2299.00
1316.00 2336.00
1762.00 2341.00
1155.00 2347.00
775.00 2317.00
1841.00 2433.00
1139.00 2400.00
1400.00 2438.00
1445.00 2454.00
1890.00 2502.00
1217.00 2437.00
2067.00 2537.00
1582.00 2500.00
1130.00 2456.00
1080.00 2477.00
1796.00 2545.00
1370.00 2496.00
1674.00 2545.00
554.00 2428.00
482.00 2439.00
673.00 2471.00
892.00 2510.00
628.00 2481.00
1182.00 2544.00
1464.00 2600.00
478.00 2512.00
1851.00 2650.00
1065.00 2578.00
