615.00 562.00
275.00 535.00
1375.00 532.00
1261.00 638.00
919.00 655.00
1033.00 667.00
988.00 697.00
1307.00 702.00
915.00 780.00
196.00 828.00
140.00 837.00
53.00 896.00
228.00 887.00
1642.00 821.00
880.00 873.00
61.00 953.00
2049.00 830.00
882.00 925.00
260.00 974.00
441.00 989.00
618.00 1030.00
769.00 1034.00
398.00 1079.00
1038.00 1057.00
62.00 1112.00
1353.00 1092.00
1728.00 1052.00
602.00 1118.00
842.00 1128.00
438.00 1146.00
99.00 1192.00
605.00 1159.00
200.00 1199.00
507.00 1170.00
1716.00 1117.00
966.00 1168.00
1808.00 1119.00
548.00 1200.00
1969.00 1118.00
36.00 1246.00
224.00 1247.00
1212.00 1205.00
2141.00 1178.00
818.00 1259.00
1612.00 1187.00
1829.00 1188.00
82.00 1296.00
363.00 1295.00
1444.00 1238.00
1155.00 1268.00
279.00 1292.00
600.00 1282.00
1112.00 1268.00
129.00 1299.00
865.00 1268.00
1769.00 1260.00
1257.00 1310.00
221.00 1342.00
818.00 1316.00
1322.00 1308.00
726.00 1338.00
1381.00 1335.00
676.00 1343.00
961.00 1319.00
1678.00 1314.00
767.00 1350.00
142.00 1374.00
371.00 1377.00
316.00 1384.00
1783.00 1336.00
839.00 1386.00
1704.00 1363.00
1365.00 1380.00
743.00 1400.00
1594.00 1391.00
987.00 1411.00
1212.00 1403.00
624.00 1468.00
1418.00 1407.00
295.00 1437.00
706.00 1442.00
1823.00 1407.00
1493.00 1431.00
1076.00 1464.00
1289.00 1449.00
669.00 1483.00
1210.00 1463.00
895.00 1535.00
970.00 1506.00
1568.00 1483.00
2101.00 1470.00
121.00 1527.00
1290.00 1508.00
1906.00 1486.00
1475.00 1513.00
1681.00 1520.00
1977.00 1474.00
1614.00 1517.00
1816.00 1516.00
533.00 1552.00
1044.00 1527.00
1116.00 1553.00
795.00 1546.00
1214.00 1552.00
167.00 1595.00
2066.00 1539.00
725.00 1585.00
1295.00 1571.00
620.00 1598.00
234.00 1635.00
1999.00 1568.00
22.00 1623.00
1819.00 1585.00
1116.00 1597.00
1546.00 1584.00
1637.00 1610.00
1199.00 1657.00
2130.00 1629.00
82.00 1670.00
759.00 1654.00
651.00 1661.00
525.00 1661.00
467.00 1663.00
294.00 1677.00
1129.00 1641.00
363.00 1694.00
1698.00 1676.00
1891.00 1677.00
1474.00 1680.00
314.00 1771.00
1693.00 1760.00
1304.00 1782.00
276.00 1816.00
1244.00 1801.00
1169.00 1829.00
18.00 1862.00
484.00 1876.00
954.00 1929.00
1296.00 1919.00
1102.00 1926.00
1191.00 1963.00
1724.00 1973.00
1005.00 1975.00
1488.00 1963.00
1106.00 1998.00
1339.00 2013.00
1437.00 2034.00
857.00 2049.00
1736.00 2084.00
318.00 2082.00
1295.00 2078.00
479.00 2106.00
907.00 2108.00
1632.00 2177.00
1758.00 2199.00
2083.00 2283.00
1742.00 2379.00
1309.00 2432.00
484.00 2561.00
