756.00 90.00
985.00 146.00
889.00 204.00
952.00 217.00
441.00 265.00
436.00 361.00
1854.00 244.00
1895.00 250.00
1072.00 365.00
524.00 432.00
592.00 401.00
430.00 466.00
681.00 486.00
428.00 513.00
1610.00 468.00
1000.00 536.00
1385.00 542.00
773.00 625.00
556.00 635.00
630.00 714.00
1164.00 699.00
1363.00 692.00
2131.00 659.00
1321.00 721.00
609.00 765.00
1520.00 709.00
727.00 770.00
1383.00 770.00
1872.00 747.00
1916.00 768.00
581.00 840.00
513.00 856.00
437.00 881.00
2002.00 791.00
1006.00 872.00
785.00 910.00
833.00 912.00
1876.00 870.00
1004.00 943.00
938.00 917.00
516.00 929.00
711.00 945.00
455.00 970.00
502.00 975.00
964.00 986.00
1005.00 991.00
627.00 992.00
1674.00 946.00
1324.00 972.00
724.00 997.00
1444.00 985.00
777.00 1017.00
495.00 1035.00
1530.00 1007.00
1399.00 1009.00
598.00 1065.00
698.00 1091.00
929.00 1096.00
635.00 1109.00
662.00 1152.00
952.00 1168.00
617.00 1159.00
425.00 1161.00
1300.00 1260.00
517.00 1193.00
443.00 1211.00
840.00 1224.00
676.00 1214.00
1088.00 1211.00
921.00 1235.00
717.00 1240.00
576.00 1262.00
827.00 1301.00
747.00 1454.00
826.00 1485.00
916.00 1488.00
583.00 1545.00
909.00 1538.00
1089.00 1543.00
1023.00 1540.00
775.00 1554.00
1145.00 1566.00
908.00 1590.00
552.00 1615.00
758.00 1607.00
1066.00 1605.00
907.00 1632.00
948.00 1640.00
812.00 1643.00
1817.00 1670.00
588.00 1665.00
1005.00 1653.00
815.00 1685.00
905.00 1703.00
856.00 1705.00
1005.00 1704.00
586.00 1754.00
1286.00 1788.00
846.00 1763.00
1103.00 1811.00
502.00 1817.00
1002.00 1839.00
1061.00 1825.00
794.00 1889.00
1213.00 1851.00
534.00 1894.00
1045.00 1866.00
902.00 1891.00
727.00 1911.00
844.00 1932.00
560.00 1951.00
792.00 1968.00
1014.00 1977.00
799.00 2034.00
898.00 2047.00
606.00 2062.00
1255.00 2036.00
1021.00 2076.00
691.00 2128.00
1223.00 2095.00
592.00 2107.00
1231.00 2136.00
