583.00 79.00
884.00 193.00
839.00 199.00
846.00 260.00
679.00 304.00
321.00 351.00
512.00 512.00
742.00 497.00
509.00 596.00
740.00 557.00
1283.00 610.00
774.00 631.00
456.00 676.00
332.00 711.00
502.00 725.00
773.00 673.00
340.00 761.00
1466.00 722.00
844.00 766.00
499.00 775.00
386.00 793.00
157.00 814.00
934.00 796.00
767.00 824.00
1039.00 808.00
994.00 838.00
152.00 869.00
1125.00 812.00
768.00 865.00
495.00 859.00
1241.00 867.00
1033.00 879.00
837.00 921.00
987.00 902.00
469.00 943.00
214.00 936.00
768.00 955.00
1329.00 908.00
1294.00 949.00
1620.00 913.00
490.00 984.00
314.00 986.00
1436.00 957.00
1091.00 981.00
881.00 1011.00
405.00 1034.00
925.00 1017.00
971.00 1032.00
791.00 1046.00
844.00 1058.00
1062.00 1056.00
310.00 1092.00
105.00 1130.00
485.00 1102.00
403.00 1079.00
1027.00 1108.00
790.00 1116.00
1321.00 1111.00
1068.00 1132.00
302.00 1174.00
872.00 1164.00
1282.00 1161.00
772.00 1196.00
1750.00 1161.00
2114.00 1159.00
1237.00 1191.00
1189.00 1204.00
1605.00 1192.00
1893.00 1196.00
446.00 1209.00
1655.00 1212.00
804.00 1256.00
1997.00 1215.00
701.00 1285.00
1078.00 1294.00
2120.00 1269.00
1992.00 1284.00
1031.00 1324.00
1243.00 1309.00
1202.00 1323.00
387.00 1361.00
1035.00 1377.00
339.00 1365.00
1204.00 1364.00
1298.00 1358.00
1905.00 1361.00
1828.00 1359.00
1521.00 1381.00
1366.00 1429.00
1035.00 1440.00
1226.00 1420.00
852.00 1453.00
1522.00 1447.00
900.00 1451.00
1351.00 1478.00
470.00 1467.00
2138.00 1445.00
995.00 1483.00
1208.00 1488.00
823.00 1496.00
374.00 1492.00
1740.00 1485.00
760.00 1512.00
1517.00 1497.00
1414.00 1513.00
1915.00 1501.00
1459.00 1524.00
1810.00 1514.00
1139.00 1528.00
544.00 1539.00
304.00 1557.00
1527.00 1553.00
2148.00 1540.00
1444.00 1578.00
1167.00 1596.00
1382.00 1609.00
971.00 1624.00
1647.00 1641.00
216.00 1730.00
175.00 1733.00
1530.00 1735.00
1473.00 1712.00
168.00 1797.00
339.00 1829.00
248.00 1833.00
289.00 1851.00
351.00 1880.00
119.00 1892.00
1351.00 1967.00
700.00 1990.00
179.00 2072.00
94.00 2174.00
110.00 2231.00
156.00 2250.00
692.00 2262.00
337.00 2246.00
224.00 2358.00
385.00 2417.00
240.00 2452.00
1301.00 2704.00
