631.00 107.00
890.00 102.00
426.00 169.00
35.00 259.00
303.00 247.00
419.00 247.00
882.00 206.00
197.00 310.00
1711.00 169.00
868.00 263.00
1716.00 242.00
935.00 304.00
1186.00 356.00
850.00 335.00
1435.00 347.00
570.00 483.00
686.00 543.00
1256.00 473.00
749.00 550.00
1087.00 606.00
110.00 652.00
1307.00 607.00
271.00 673.00
997.00 717.00
1276.00 722.00
2083.00 631.00
769.00 779.00
1283.00 774.00
921.00 817.00
810.00 839.00
2058.00 730.00
1363.00 857.00
909.00 874.00
671.00 861.00
847.00 890.00
515.00 897.00
1877.00 806.00
757.00 925.00
1242.00 903.00
1159.00 918.00
651.00 979.00
1075.00 943.00
853.00 974.00
998.00 1014.00
768.00 1006.00
1094.00 1022.00
196.00 1030.00
302.00 1026.00
371.00 1040.00
836.00 1028.00
1039.00 1057.00
711.00 1057.00
273.00 1087.00
326.00 1101.00
77.00 1129.00
602.00 1098.00
826.00 1105.00
993.00 1097.00
904.00 1150.00
81.00 1200.00
961.00 1171.00
309.00 1204.00
735.00 1196.00
855.00 1216.00
1175.00 1216.00
306.00 1260.00
190.00 1289.00
658.00 1249.00
461.00 1293.00
514.00 1296.00
70.00 1343.00
204.00 1362.00
478.00 1364.00
906.00 1382.00
391.00 1372.00
291.00 1382.00
47.00 1398.00
341.00 1399.00
707.00 1393.00
287.00 1476.00
703.00 1455.00
770.00 1471.00
361.00 1537.00
1303.00 1675.00
520.00 1625.00
574.00 1640.00
895.00 1709.00
545.00 1697.00
813.00 1717.00
1308.00 1766.00
811.00 1830.00
562.00 1856.00
728.00 1851.00
99.00 1895.00
175.00 1969.00
256.00 1929.00
184.00 2017.00
493.00 1994.00
488.00 2053.00
673.00 2103.00
514.00 2134.00
1587.00 2275.00
458.00 2204.00
764.00 2231.00
487.00 2306.00
626.00 2434.00
1476.00 2534.00
1643.00 2562.00
228.00 2583.00
348.00 2675.00
802.00 2727.00
756.00 2783.00
806.00 2813.00
