595.00 352.00
637.00 404.00
682.00 460.00
589.00 466.00
525.00 491.00
760.00 525.00
690.00 501.00
1235.00 511.00
1324.00 530.00
985.00 557.00
626.00 603.00
946.00 601.00
1498.00 598.00
1440.00 622.00
911.00 642.00
670.00 651.00
1254.00 643.00
1031.00 651.00
983.00 691.00
1421.00 671.00
847.00 715.00
1675.00 698.00
1519.00 708.00
1426.00 723.00
1031.00 738.00
392.00 773.00
916.00 771.00
1563.00 751.00
767.00 807.00
1232.00 803.00
1428.00 772.00
1335.00 786.00
1635.00 784.00
479.00 831.00
718.00 862.00
1430.00 816.00
1316.00 856.00
1499.00 828.00
1141.00 884.00
1432.00 858.00
1550.00 869.00
491.00 908.00
1502.00 876.00
1376.00 904.00
1024.00 901.00
674.00 913.00
975.00 909.00
1065.00 906.00
863.00 943.00
1434.00 932.00
1547.00 914.00
635.00 957.00
800.00 952.00
1846.00 937.00
704.00 982.00
893.00 992.00
1176.00 987.00
360.00 1020.00
790.00 1021.00
1350.00 1006.00
705.00 1032.00
1039.00 1031.00
1444.00 1020.00
551.00 1052.00
1560.00 1032.00
914.00 1047.00
375.00 1077.00
156.00 1091.00
1233.00 1049.00
1436.00 1061.00
1545.00 1083.00
1170.00 1081.00
1107.00 1089.00
1041.00 1097.00
975.00 1105.00
1316.00 1090.00
891.00 1130.00
1256.00 1097.00
706.00 1152.00
1438.00 1108.00
394.00 1140.00
829.00 1139.00
469.00 1146.00
318.00 1164.00
1258.00 1141.00
1173.00 1149.00
1109.00 1156.00
1622.00 1127.00
1025.00 1185.00
977.00 1172.00
916.00 1179.00
426.00 1194.00
727.00 1221.00
126.00 1224.00
1825.00 1193.00
614.00 1215.00
1690.00 1208.00
848.00 1222.00
1451.00 1208.00
378.00 1249.00
1112.00 1225.00
1047.00 1236.00
992.00 1252.00
857.00 1263.00
1612.00 1231.00
197.00 1281.00
1034.00 1287.00
1178.00 1286.00
54.00 1295.00
63.00 1367.00
120.00 1356.00
1222.00 1306.00
279.00 1359.00
719.00 1378.00
549.00 1395.00
18.00 1405.00
358.00 1396.00
89.00 1420.00
409.00 1421.00
862.00 1393.00
1464.00 1379.00
1231.00 1386.00
40.00 1459.00
1094.00 1430.00
1046.00 1435.00
1142.00 1432.00
408.00 1462.00
1664.00 1401.00
250.00 1471.00
354.00 1473.00
48.00 1511.00
1459.00 1434.00
110.00 1498.00
1411.00 1440.00
1559.00 1440.00
1330.00 1476.00
1185.00 1500.00
1686.00 1461.00
343.00 1528.00
1461.00 1478.00
1092.00 1520.00
21.00 1572.00
170.00 1568.00
754.00 1538.00
215.00 1592.00
738.00 1580.00
1660.00 1561.00
1423.00 1596.00
1376.00 1586.00
187.00 1646.00
1473.00 1610.00
403.00 1671.00
1346.00 1644.00
1148.00 1681.00
1215.00 1731.00
1312.00 1717.00
1443.00 1727.00
1270.00 1731.00
1494.00 1739.00
1813.00 1755.00
1624.00 1776.00
1177.00 1798.00
1218.00 1813.00
1275.00 1806.00
1497.00 1802.00
1518.00 1849.00
1350.00 1893.00
1256.00 1900.00
1621.00 1910.00
1357.00 1942.00
1113.00 1952.00
1292.00 1941.00
1670.00 1913.00
1669.00 1963.00
1399.00 1984.00
1357.00 1990.00
1300.00 2083.00
1825.00 2164.00
1501.00 2196.00
1344.00 2208.00
1604.00 2206.00
1148.00 2242.00
1559.00 2224.00
1693.00 2224.00
1319.00 2290.00
1511.00 2308.00
380.00 2439.00
528.00 2490.00
