539.00 8.00
927.00 141.00
1541.00 288.00
1489.00 378.00
745.00 386.00
2063.00 459.00
137.00 408.00
1490.00 491.00
1825.00 534.00
183.00 492.00
1977.00 522.00
429.00 501.00
1687.00 562.00
1600.00 560.00
1297.00 538.00
1816.00 584.00
105.00 538.00
2133.00 614.00
1290.00 599.00
1647.00 632.00
2147.00 655.00
427.00 588.00
590.00 613.00
1628.00 686.00
103.00 640.00
1306.00 640.00
1487.00 692.00
1170.00 729.00
1578.00 686.00
1438.00 733.00
1390.00 727.00
172.00 709.00
1733.00 774.00
1774.00 781.00
1413.00 786.00
1120.00 748.00
105.00 719.00
1555.00 798.00
1168.00 807.00
1490.00 791.00
1666.00 829.00
536.00 781.00
364.00 778.00
1318.00 820.00
618.00 794.00
1625.00 808.00
1119.00 796.00
1217.00 826.00
168.00 815.00
106.00 828.00
1290.00 887.00
1118.00 904.00
1041.00 867.00
1746.00 899.00
163.00 873.00
1666.00 938.00
2049.00 951.00
916.00 929.00
1351.00 967.00
1967.00 968.00
160.00 935.00
1118.00 954.00
1326.00 1014.00
106.00 944.00
855.00 988.00
761.00 991.00
147.00 977.00
1162.00 992.00
461.00 996.00
897.00 1030.00
307.00 1016.00
822.00 1034.00
108.00 1018.00
1134.00 1038.00
1184.00 1052.00
1015.00 1035.00
475.00 1037.00
943.00 1050.00
1919.00 1106.00
1067.00 1079.00
751.00 1116.00
125.00 1107.00
277.00 1143.00
1263.00 1174.00
108.00 1148.00
1464.00 1192.00
1702.00 1215.00
1506.00 1213.00
1584.00 1209.00
992.00 1195.00
133.00 1208.00
1657.00 1262.00
1608.00 1268.00
263.00 1234.00
175.00 1237.00
625.00 1263.00
357.00 1271.00
2081.00 1294.00
815.00 1243.00
1427.00 1320.00
412.00 1264.00
464.00 1269.00
910.00 1314.00
1136.00 1312.00
120.00 1291.00
1800.00 1340.00
2078.00 1336.00
330.00 1313.00
1327.00 1333.00
626.00 1312.00
2015.00 1357.00
2140.00 1375.00
1193.00 1348.00
259.00 1332.00
559.00 1335.00
1476.00 1374.00
1024.00 1377.00
1721.00 1384.00
822.00 1359.00
23.00 1362.00
672.00 1378.00
1535.00 1414.00
559.00 1389.00
944.00 1400.00
509.00 1392.00
757.00 1412.00
1983.00 1453.00
1122.00 1429.00
1189.00 1422.00
1734.00 1452.00
629.00 1428.00
1265.00 1452.00
436.00 1474.00
557.00 1433.00
790.00 1461.00
482.00 1456.00
1467.00 1510.00
593.00 1495.00
11.00 1490.00
381.00 1499.00
689.00 1543.00
407.00 1542.00
128.00 1559.00
1286.00 1588.00
624.00 1560.00
502.00 1560.00
1329.00 1612.00
838.00 1608.00
316.00 1615.00
1722.00 1653.00
403.00 1612.00
555.00 1611.00
604.00 1618.00
739.00 1652.00
683.00 1661.00
299.00 1672.00
190.00 1731.00
239.00 1709.00
112.00 1728.00
647.00 1781.00
731.00 1804.00
283.00 1831.00
710.00 1861.00
671.00 1906.00
312.00 1910.00
673.00 2060.00
824.00 2065.00
288.00 2106.00
233.00 2107.00
348.00 2172.00
617.00 2271.00
