689.00 461.00
1596.00 310.00
1252.00 410.00
596.00 532.00
1873.00 324.00
1259.00 476.00
1585.00 438.00
1266.00 535.00
1560.00 487.00
1274.00 590.00
631.00 704.00
1565.00 551.00
1280.00 641.00
1285.00 682.00
1290.00 725.00
2088.00 635.00
1294.00 767.00
904.00 820.00
992.00 824.00
627.00 896.00
1469.00 810.00
1529.00 804.00
1379.00 838.00
1574.00 826.00
1629.00 819.00
697.00 945.00
769.00 942.00
1115.00 916.00
1411.00 909.00
632.00 1006.00
1615.00 901.00
1650.00 984.00
2017.00 911.00
2063.00 910.00
1589.00 972.00
1687.00 1025.00
1167.00 1048.00
1603.00 1013.00
1125.00 1061.00
1044.00 1085.00
1677.00 1069.00
979.00 1112.00
1624.00 1095.00
1264.00 1102.00
1531.00 1073.00
1207.00 1119.00
1452.00 1122.00
803.00 1175.00
1625.00 1136.00
1554.00 1134.00
755.00 1204.00
1685.00 1114.00
1156.00 1174.00
1493.00 1138.00
1785.00 1111.00
1890.00 1099.00
2038.00 1103.00
1083.00 1195.00
621.00 1239.00
1245.00 1185.00
1529.00 1183.00
1899.00 1155.00
1941.00 1152.00
2114.00 1147.00
1249.00 1242.00
1157.00 1238.00
1063.00 1271.00
1326.00 1252.00
1398.00 1239.00
1010.00 1271.00
1265.00 1293.00
1161.00 1284.00
1609.00 1243.00
1354.00 1297.00
1426.00 1290.00
1085.00 1314.00
1021.00 1320.00
1293.00 1335.00
1352.00 1338.00
1416.00 1341.00
1023.00 1367.00
2006.00 1310.00
1187.00 1406.00
1409.00 1399.00
1648.00 1397.00
1045.00 1421.00
1002.00 1447.00
1355.00 1465.00
758.00 1463.00
710.00 1467.00
1298.00 1451.00
1792.00 1439.00
1936.00 1427.00
1598.00 1451.00
859.00 1504.00
584.00 1520.00
778.00 1525.00
703.00 1538.00
1142.00 1516.00
2091.00 1460.00
1090.00 1524.00
1425.00 1514.00
1225.00 1530.00
1926.00 1492.00
901.00 1549.00
1481.00 1528.00
946.00 1551.00
993.00 1566.00
1303.00 1561.00
823.00 1577.00
1373.00 1561.00
1048.00 1608.00
1429.00 1584.00
687.00 1600.00
1680.00 1581.00
2139.00 1561.00
1459.00 1626.00
585.00 1674.00
1013.00 1669.00
972.00 1660.00
709.00 1672.00
668.00 1700.00
994.00 1725.00
900.00 1743.00
954.00 1796.00
1695.00 1779.00
1286.00 1788.00
1682.00 1839.00
1010.00 1856.00
1120.00 1948.00
1558.00 1951.00
1012.00 2006.00
894.00 2027.00
1076.00 2065.00
751.00 2130.00
880.00 2182.00
807.00 2215.00
1800.00 2151.00
854.00 2223.00
1837.00 2205.00
1167.00 2279.00
1238.00 2311.00
1731.00 2261.00
855.00 2309.00
1840.00 2288.00
1862.00 2371.00
1171.00 2510.00
1272.00 2532.00
1592.00 2548.00
1519.00 2545.00
1324.00 2578.00
