1708.00 285.00
1176.00 362.00
1125.00 385.00
1756.00 556.00
1699.00 560.00
638.00 624.00
1523.00 707.00
2139.00 700.00
1187.00 710.00
1874.00 759.00
827.00 744.00
1849.00 830.00
2073.00 774.00
1025.00 837.00
1045.00 878.00
849.00 928.00
1442.00 928.00
2042.00 981.00
1822.00 993.00
1667.00 1007.00
1533.00 1030.00
1929.00 997.00
1725.00 1024.00
725.00 1011.00
1846.00 1049.00
915.00 1025.00
2014.00 1045.00
1779.00 1039.00
1384.00 1059.00
1902.00 1053.00
1701.00 1080.00
1477.00 1105.00
1982.00 1103.00
1404.00 1114.00
1103.00 1113.00
1941.00 1107.00
632.00 1092.00
1060.00 1123.00
1218.00 1192.00
1322.00 1197.00
1474.00 1185.00
1524.00 1160.00
1042.00 1215.00
1167.00 1212.00
981.00 1255.00
1446.00 1299.00
1100.00 1279.00
950.00 1310.00
839.00 1364.00
1086.00 1372.00
1007.00 1384.00
1396.00 1403.00
1260.00 1460.00
1898.00 1723.00
2073.00 1785.00
