1127.00 543.00
412.00 660.00
1422.00 622.00
1000.00 681.00
1336.00 712.00
1261.00 711.00
958.00 729.00
641.00 802.00
1211.00 809.00
1866.00 983.00
1006.00 838.00
353.00 852.00
1130.00 854.00
952.00 804.00
1184.00 851.00
1185.00 894.00
1616.00 914.00
1370.00 948.00
1241.00 980.00
1618.00 955.00
12.00 1027.00
1371.00 1002.00
1207.00 1021.00
248.00 1050.00
1621.00 1026.00
294.00 1053.00
493.00 1067.00
381.00 1072.00
68.00 1097.00
1189.00 1072.00
1927.00 1048.00
1254.00 1046.00
113.00 1105.00
1626.00 1073.00
244.00 1118.00
643.00 1102.00
340.00 1131.00
734.00 1117.00
157.00 1145.00
1334.00 1111.00
807.00 1127.00
921.00 1143.00
669.00 1167.00
396.00 1177.00
1376.00 1129.00
202.00 1209.00
1576.00 1119.00
1527.00 1123.00
1872.00 1096.00
1435.00 1135.00
1150.00 1179.00
94.00 1254.00
1934.00 1129.00
955.00 1185.00
53.00 1248.00
196.00 1252.00
692.00 1261.00
137.00 1259.00
1392.00 1186.00
317.00 1259.00
1038.00 1222.00
392.00 1280.00
1224.00 1212.00
994.00 1247.00
490.00 1288.00
610.00 1298.00
1394.00 1257.00
707.00 1303.00
1927.00 1242.00
342.00 1311.00
184.00 1377.00
787.00 1343.00
390.00 1367.00
663.00 1364.00
615.00 1368.00
1421.00 1355.00
1470.00 1313.00
1618.00 1314.00
1093.00 1355.00
1030.00 1392.00
838.00 1384.00
1574.00 1365.00
973.00 1415.00
12.00 1470.00
336.00 1481.00
387.00 1469.00
586.00 1447.00
771.00 1445.00
1525.00 1377.00
189.00 1505.00
265.00 1491.00
99.00 1474.00
627.00 1487.00
1539.00 1441.00
46.00 1537.00
449.00 1514.00
386.00 1510.00
987.00 1485.00
189.00 1561.00
312.00 1546.00
262.00 1564.00
871.00 1506.00
111.00 1588.00
681.00 1566.00
917.00 1572.00
331.00 1735.00
410.00 1749.00
1037.00 1960.00
1036.00 2009.00
1006.00 2105.00
896.00 2117.00
1206.00 2441.00
