1625.00 130.00
705.00 149.00
1322.00 167.00
1768.00 344.00
1170.00 221.00
1249.00 227.00
1368.00 333.00
1853.00 436.00
218.00 258.00
1685.00 443.00
593.00 352.00
1721.00 519.00
1744.00 573.00
1043.00 408.00
1524.00 560.00
842.00 528.00
161.00 418.00
590.00 463.00
1456.00 593.00
902.00 464.00
1523.00 612.00
1002.00 486.00
1071.00 496.00
588.00 511.00
1574.00 662.00
13.00 545.00
587.00 565.00
1197.00 662.00
1275.00 679.00
1390.00 709.00
421.00 621.00
576.00 617.00
271.00 678.00
583.00 681.00
1070.00 779.00
1342.00 807.00
1198.00 783.00
705.00 773.00
158.00 726.00
1250.00 848.00
524.00 729.00
1082.00 839.00
640.00 788.00
258.00 769.00
1911.00 921.00
491.00 833.00
518.00 787.00
39.00 785.00
1176.00 874.00
255.00 834.00
1170.00 934.00
529.00 884.00
378.00 932.00
861.00 942.00
1074.00 962.00
140.00 897.00
435.00 916.00
776.00 940.00
1248.00 954.00
910.00 960.00
331.00 902.00
1722.00 1036.00
652.00 966.00
1038.00 1003.00
812.00 994.00
1087.00 1005.00
1180.00 1026.00
1734.00 1077.00
349.00 1006.00
201.00 976.00
607.00 1035.00
680.00 1044.00
737.00 1049.00
1427.00 1090.00
1018.00 1044.00
1093.00 1084.00
308.00 1003.00
1172.00 1092.00
831.00 1098.00
1440.00 1139.00
1791.00 1162.00
821.00 1142.00
1686.00 1197.00
48.00 1093.00
1171.00 1192.00
1761.00 1216.00
1862.00 1212.00
890.00 1172.00
1514.00 1206.00
1269.00 1205.00
1221.00 1206.00
1638.00 1223.00
1869.00 1276.00
1731.00 1263.00
1136.00 1235.00
20.00 1189.00
729.00 1250.00
1342.00 1287.00
957.00 1280.00
1188.00 1288.00
1414.00 1326.00
1009.00 1312.00
1237.00 1359.00
920.00 1352.00
1752.00 1396.00
1178.00 1375.00
843.00 1366.00
968.00 1362.00
9.00 1346.00
1634.00 1436.00
121.00 1353.00
998.00 1417.00
233.00 1405.00
669.00 1424.00
105.00 1413.00
188.00 1445.00
136.00 1462.00
95.00 1473.00
1292.00 1499.00
1239.00 1554.00
217.00 1512.00
1284.00 1572.00
734.00 1598.00
1465.00 1592.00
263.00 1604.00
948.00 1627.00
860.00 1620.00
741.00 1639.00
801.00 1637.00
1488.00 1669.00
786.00 1682.00
1329.00 1674.00
905.00 1755.00
1077.00 1918.00
303.00 1938.00
233.00 1956.00
1257.00 1987.00
1993.00 2071.00
1954.00 2263.00
545.00 2359.00
2066.00 2355.00
87.00 2416.00
1103.00 2384.00
1366.00 2376.00
1321.00 2390.00
541.00 2437.00
182.00 2461.00
245.00 2435.00
1583.00 2450.00
806.00 2504.00
719.00 2505.00
1924.00 2598.00
1531.00 2575.00
1015.00 2612.00
1686.00 2618.00
258.00 2753.00
1227.00 2688.00
1597.00 2708.00
1374.00 2743.00
1879.00 2709.00
1484.00 2750.00
1646.00 2713.00
1273.00 2784.00
899.00 2781.00
946.00 2827.00
