1633.00 106.00
189.00 446.00
353.00 492.00
648.00 509.00
1657.00 380.00
1825.00 353.00
1753.00 408.00
738.00 550.00
1233.00 489.00
671.00 560.00
2026.00 377.00
850.00 558.00
1151.00 515.00
1973.00 411.00
1755.00 456.00
1538.00 494.00
1611.00 511.00
1453.00 540.00
2130.00 495.00
1542.00 563.00
206.00 763.00
1439.00 637.00
1376.00 655.00
2034.00 616.00
105.00 833.00
1240.00 727.00
1297.00 741.00
1362.00 741.00
1693.00 694.00
1927.00 696.00
181.00 870.00
230.00 878.00
1236.00 789.00
1178.00 830.00
1120.00 875.00
590.00 898.00
188.00 933.00
653.00 910.00
1892.00 772.00
1784.00 855.00
2148.00 804.00
1027.00 975.00
285.00 1060.00
988.00 1055.00
1979.00 957.00
141.00 1105.00
1424.00 1038.00
1869.00 980.00
1638.00 1021.00
227.00 1115.00
1563.00 1015.00
303.00 1122.00
432.00 1110.00
530.00 1108.00
820.00 1095.00
775.00 1084.00
389.00 1129.00
571.00 1182.00
880.00 1118.00
1455.00 1085.00
1387.00 1099.00
1306.00 1127.00
517.00 1162.00
1732.00 1069.00
1183.00 1160.00
1940.00 1094.00
622.00 1201.00
1125.00 1190.00
962.00 1202.00
1570.00 1150.00
1644.00 1158.00
436.00 1241.00
1184.00 1211.00
908.00 1237.00
554.00 1251.00
623.00 1260.00
1128.00 1237.00
255.00 1282.00
1330.00 1222.00
821.00 1261.00
1062.00 1267.00
145.00 1303.00
909.00 1292.00
683.00 1305.00
1725.00 1213.00
1574.00 1242.00
333.00 1316.00
1947.00 1214.00
1128.00 1283.00
1649.00 1249.00
416.00 1330.00
470.00 1337.00
131.00 1378.00
995.00 1352.00
821.00 1342.00
622.00 1363.00
237.00 1376.00
914.00 1368.00
682.00 1381.00
750.00 1388.00
432.00 1393.00
1521.00 1336.00
1315.00 1369.00
1016.00 1395.00
775.00 1429.00
137.00 1464.00
572.00 1453.00
302.00 1469.00
217.00 1507.00
354.00 1515.00
954.00 1491.00
751.00 1513.00
1119.00 1500.00
1255.00 1538.00
773.00 1587.00
853.00 1566.00
176.00 1590.00
1725.00 1530.00
940.00 1566.00
1323.00 1563.00
193.00 1704.00
926.00 1767.00
1337.00 1731.00
1233.00 1761.00
744.00 1826.00
1394.00 1927.00
556.00 1930.00
454.00 2001.00
1758.00 2354.00
