1528.00 414.00
1597.00 425.00
1642.00 644.00
1705.00 784.00
593.00 849.00
142.00 879.00
135.00 1004.00
1751.00 929.00
1041.00 1008.00
795.00 1070.00
1487.00 1067.00
1384.00 1083.00
877.00 1100.00
1191.00 1101.00
1092.00 1115.00
962.00 1133.00
1552.00 1114.00
17.00 1253.00
329.00 1222.00
1447.00 1151.00
570.00 1242.00
288.00 1275.00
865.00 1215.00
1362.00 1201.00
1660.00 1232.00
704.00 1251.00
359.00 1294.00
1397.00 1260.00
1207.00 1284.00
1080.00 1312.00
1973.00 1280.00
1626.00 1293.00
820.00 1339.00
429.00 1377.00
679.00 1373.00
1672.00 1344.00
553.00 1387.00
776.00 1392.00
725.00 1375.00
597.00 1423.00
655.00 1419.00
996.00 1413.00
1824.00 1380.00
538.00 1432.00
33.00 1485.00
1736.00 1393.00
1680.00 1391.00
798.00 1457.00
2055.00 1398.00
851.00 1448.00
224.00 1501.00
1393.00 1439.00
522.00 1475.00
1831.00 1427.00
1615.00 1436.00
1193.00 1467.00
1555.00 1455.00
796.00 1522.00
277.00 1533.00
1436.00 1464.00
1352.00 1471.00
1851.00 1479.00
2097.00 1502.00
2040.00 1510.00
1845.00 1520.00
1459.00 1535.00
1690.00 1527.00
399.00 1591.00
1994.00 1526.00
1746.00 1522.00
1623.00 1554.00
2094.00 1554.00
2008.00 1567.00
998.00 1612.00
1810.00 1597.00
204.00 1689.00
1393.00 1626.00
1957.00 1611.00
1916.00 1624.00
902.00 1668.00
424.00 1703.00
701.00 1701.00
1396.00 1679.00
1480.00 1686.00
426.00 1744.00
1782.00 1712.00
1843.00 1716.00
219.00 1786.00
750.00 1773.00
650.00 1787.00
168.00 1821.00
1202.00 1793.00
285.00 1820.00
665.00 1847.00
598.00 1873.00
729.00 1878.00
466.00 1898.00
664.00 1893.00
1900.00 1860.00
693.00 1936.00
79.00 1975.00
740.00 2000.00
690.00 2001.00
600.00 2015.00
238.00 2023.00
551.00 2015.00
284.00 2046.00
1828.00 2014.00
1876.00 2015.00
542.00 2059.00
118.00 2073.00
206.00 2074.00
872.00 2088.00
384.00 2082.00
247.00 2100.00
713.00 2114.00
37.00 2105.00
644.00 2128.00
871.00 2138.00
852.00 2184.00
351.00 2188.00
732.00 2187.00
787.00 2205.00
70.00 2207.00
601.00 2210.00
244.00 2183.00
866.00 2225.00
798.00 2264.00
610.00 2260.00
37.00 2287.00
320.00 2310.00
262.00 2326.00
1212.00 2346.00
259.00 2373.00
215.00 2371.00
29.00 2391.00
279.00 2425.00
603.00 2422.00
12.00 2435.00
514.00 2435.00
231.00 2494.00
183.00 2524.00
331.00 2551.00
244.00 2704.00
