1074.00 518.00
1130.00 514.00
1060.00 621.00
1548.00 638.00
1099.00 783.00
307.00 972.00
1543.00 844.00
1134.00 929.00
1548.00 898.00
1152.00 1007.00
459.00 1103.00
1668.00 1045.00
1966.00 1022.00
1908.00 1041.00
1995.00 1131.00
1185.00 1143.00
1600.00 1154.00
1198.00 1201.00
740.00 1270.00
810.00 1257.00
978.00 1293.00
1077.00 1312.00
1306.00 1300.00
1131.00 1319.00
1022.00 1360.00
656.00 1395.00
1873.00 1272.00
2010.00 1285.00
1945.00 1292.00
1364.00 1355.00
947.00 1449.00
1600.00 1396.00
905.00 1503.00
1673.00 1462.00
1723.00 1460.00
1889.00 1469.00
1852.00 1513.00
1463.00 2195.00
