507.00 257.00
667.00 304.00
1492.00 454.00
751.00 385.00
1266.00 462.00
1447.00 517.00
664.00 435.00
1887.00 625.00
1708.00 649.00
782.00 559.00
1063.00 605.00
1132.00 602.00
794.00 673.00
591.00 660.00
869.00 689.00
962.00 751.00
1530.00 803.00
309.00 736.00
1368.00 843.00
1004.00 792.00
1211.00 842.00
247.00 770.00
749.00 868.00
873.00 898.00
657.00 817.00
1098.00 882.00
1246.00 907.00
1391.00 933.00
243.00 831.00
1320.00 933.00
919.00 912.00
263.00 881.00
687.00 942.00
326.00 907.00
1756.00 1041.00
438.00 970.00
749.00 986.00
873.00 958.00
593.00 964.00
698.00 991.00
285.00 981.00
874.00 1087.00
39.00 999.00
1142.00 1093.00
874.00 1148.00
564.00 1114.00
686.00 1176.00
1097.00 1198.00
346.00 1151.00
1349.00 1233.00
248.00 1176.00
600.00 1212.00
682.00 1240.00
1120.00 1298.00
477.00 1260.00
738.00 1304.00
625.00 1321.00
811.00 1341.00
194.00 1294.00
874.00 1371.00
970.00 1384.00
404.00 1354.00
79.00 1364.00
27.00 1352.00
150.00 1369.00
1347.00 1444.00
306.00 1390.00
623.00 1412.00
874.00 1439.00
447.00 1412.00
1362.00 1492.00
1090.00 1465.00
679.00 1474.00
24.00 1435.00
179.00 1443.00
232.00 1454.00
1039.00 1504.00
593.00 1493.00
874.00 1522.00
34.00 1487.00
417.00 1511.00
548.00 1517.00
345.00 1542.00
186.00 1545.00
774.00 1615.00
555.00 1591.00
884.00 1626.00
319.00 1599.00
436.00 1606.00
611.00 1611.00
247.00 1620.00
149.00 1645.00
970.00 1679.00
872.00 1746.00
1318.00 1744.00
649.00 1754.00
920.00 1779.00
384.00 1761.00
637.00 1865.00
769.00 1889.00
1044.00 1914.00
1085.00 1913.00
636.00 1930.00
46.00 1943.00
1258.00 1966.00
871.00 1954.00
672.00 1996.00
1039.00 2050.00
920.00 2025.00
1137.00 2157.00
699.00 2107.00
1246.00 2106.00
869.00 2179.00
1115.00 2290.00
841.00 2299.00
361.00 2308.00
1073.00 2354.00
626.00 2364.00
1323.00 2381.00
763.00 2409.00
1329.00 2486.00
1224.00 2680.00
