1204.00 482.00
766.00 729.00
1175.00 739.00
1686.00 622.00
923.00 889.00
788.00 929.00
1203.00 890.00
1173.00 936.00
1257.00 984.00
1140.00 991.00
1259.00 1030.00
784.00 1153.00
2102.00 946.00
1293.00 1132.00
1146.00 1128.00
1583.00 1118.00
2108.00 998.00
1624.00 1135.00
1242.00 1197.00
1719.00 1103.00
1145.00 1227.00
1286.00 1212.00
1374.00 1194.00
1665.00 1151.00
1452.00 1199.00
1576.00 1176.00
964.00 1257.00
1988.00 1145.00
1580.00 1224.00
1212.00 1247.00
1770.00 1194.00
873.00 1310.00
945.00 1326.00
1917.00 1255.00
2041.00 1249.00
1835.00 1293.00
1737.00 1297.00
1510.00 1330.00
1587.00 1327.00
1864.00 1336.00
2040.00 1308.00
2138.00 1308.00
1030.00 1406.00
1844.00 1382.00
1161.00 1426.00
900.00 1462.00
953.00 1463.00
1019.00 1455.00
1607.00 1440.00
1666.00 1439.00
1163.00 1472.00
1110.00 1512.00
889.00 1531.00
1021.00 1515.00
1247.00 1482.00
1328.00 1524.00
1661.00 1567.00
1097.00 1575.00
1216.00 1597.00
2117.00 1634.00
988.00 1703.00
958.00 1821.00
1943.00 2207.00
1823.00 2236.00
2108.00 2279.00
1359.00 2229.00
1648.00 2302.00
1965.00 2298.00
1192.00 2319.00
1383.00 2332.00
1954.00 2463.00
1509.00 2394.00
1746.00 2437.00
1632.00 2436.00
1468.00 2433.00
1388.00 2434.00
909.00 2408.00
1353.00 2485.00
1019.00 2476.00
1900.00 2609.00
1566.00 2619.00
1397.00 2588.00
