654.00 510.00
635.00 551.00
688.00 568.00
707.00 634.00
711.00 692.00
899.00 717.00
661.00 700.00
991.00 746.00
609.00 728.00
909.00 761.00
1239.00 832.00
1381.00 882.00
1458.00 895.00
1465.00 990.00
682.00 915.00
912.00 949.00
400.00 925.00
361.00 985.00
687.00 1003.00
1224.00 1049.00
1474.00 1214.00
580.00 1111.00
679.00 1173.00
680.00 1217.00
901.00 1181.00
565.00 1181.00
45.00 1179.00
90.00 1186.00
483.00 1211.00
8.00 1225.00
1200.00 1280.00
1378.00 1309.00
429.00 1251.00
314.00 1241.00
149.00 1297.00
1588.00 1402.00
1001.00 1324.00
644.00 1310.00
803.00 1327.00
1171.00 1352.00
937.00 1347.00
1124.00 1351.00
892.00 1363.00
201.00 1347.00
1060.00 1375.00
944.00 1389.00
306.00 1414.00
390.00 1439.00
528.00 1454.00
623.00 1458.00
138.00 1473.00
439.00 1490.00
575.00 1538.00
672.00 1512.00
835.00 1526.00
778.00 1528.00
289.00 1546.00
585.00 1592.00
188.00 1560.00
794.00 1601.00
1381.00 1660.00
114.00 1621.00
791.00 1642.00
1449.00 1699.00
39.00 1655.00
378.00 1690.00
506.00 1694.00
315.00 1705.00
436.00 1709.00
60.00 1702.00
1487.00 1752.00
397.00 1753.00
1390.00 1780.00
830.00 1782.00
485.00 1777.00
337.00 1796.00
259.00 1803.00
1404.00 1828.00
502.00 1822.00
1591.00 1848.00
391.00 1845.00
223.00 1855.00
468.00 1904.00
152.00 1884.00
1462.00 1910.00
682.00 1923.00
1391.00 1930.00
1519.00 1930.00
1593.00 1932.00
275.00 1963.00
625.00 1962.00
1707.00 1957.00
64.00 1997.00
638.00 2029.00
60.00 2077.00
246.00 2056.00
125.00 2102.00
430.00 2168.00
1329.00 2144.00
79.00 2172.00
239.00 2171.00
775.00 2146.00
304.00 2191.00
25.00 2225.00
469.00 2220.00
530.00 2256.00
638.00 2221.00
585.00 2240.00
957.00 2260.00
295.00 2268.00
1035.00 2279.00
598.00 2286.00
1510.00 2261.00
801.00 2314.00
643.00 2361.00
1219.00 2321.00
351.00 2354.00
450.00 2441.00
169.00 2467.00
1356.00 2347.00
870.00 2374.00
1517.00 2390.00
1485.00 2433.00
320.00 2575.00
278.00 2612.00
1433.00 2447.00
1747.00 2428.00
678.00 2558.00
40.00 2705.00
1595.00 2539.00
1240.00 2628.00
651.00 2815.00
