1307.00 152.00
756.00 90.00
746.00 151.00
436.00 361.00
592.00 401.00
277.00 432.00
505.00 529.00
1204.00 658.00
77.00 488.00
997.00 652.00
773.00 625.00
1321.00 721.00
556.00 635.00
1466.00 793.00
177.00 606.00
266.00 626.00
1440.00 836.00
1078.00 757.00
1144.00 817.00
609.00 765.00
139.00 744.00
91.00 760.00
208.00 765.00
581.00 840.00
366.00 856.00
437.00 881.00
181.00 860.00
1176.00 974.00
299.00 900.00
83.00 894.00
724.00 997.00
502.00 975.00
627.00 992.00
305.00 988.00
495.00 1035.00
166.00 1042.00
598.00 1065.00
162.00 1105.00
425.00 1161.00
331.00 1157.00
517.00 1193.00
578.00 1218.00
100.00 1203.00
279.00 1229.00
16.00 1272.00
380.00 1291.00
305.00 1295.00
475.00 1333.00
85.00 1334.00
384.00 1346.00
1837.00 1601.00
1307.00 1599.00
444.00 1462.00
1023.00 1540.00
595.00 1483.00
909.00 1538.00
775.00 1554.00
908.00 1590.00
1005.00 1653.00
1674.00 1764.00
856.00 1705.00
1383.00 1773.00
2123.00 1857.00
1792.00 1859.00
632.00 1695.00
1575.00 1856.00
77.00 1717.00
933.00 1792.00
483.00 1771.00
243.00 1781.00
364.00 1779.00
2146.00 1962.00
1495.00 1904.00
1696.00 1939.00
100.00 1801.00
669.00 1833.00
202.00 1860.00
2046.00 2032.00
20.00 1884.00
461.00 1819.00
359.00 1889.00
1598.00 2070.00
1778.00 2110.00
799.00 2034.00
606.00 2062.00
352.00 2070.00
1487.00 2149.00
1311.00 2138.00
640.00 2142.00
