1059.00 390.00
688.00 479.00
639.00 494.00
914.00 587.00
1426.00 659.00
1096.00 683.00
1253.00 690.00
1537.00 713.00
1579.00 729.00
1775.00 739.00
535.00 799.00
607.00 811.00
912.00 863.00
1112.00 866.00
1543.00 859.00
1060.00 879.00
1584.00 843.00
521.00 872.00
970.00 940.00
953.00 893.00
1546.00 936.00
1493.00 952.00
912.00 963.00
1159.00 952.00
1112.00 991.00
1015.00 982.00
1268.00 1020.00
1060.00 1004.00
1589.00 977.00
28.00 972.00
480.00 984.00
1427.00 1049.00
1550.00 1054.00
1592.00 1049.00
527.00 1006.00
1191.00 1031.00
464.00 1025.00
1190.00 1110.00
1112.00 1119.00
1059.00 1130.00
953.00 1110.00
911.00 1112.00
37.00 1110.00
910.00 1158.00
1554.00 1172.00
1445.00 1183.00
1597.00 1184.00
1399.00 1228.00
1599.00 1237.00
955.00 1218.00
1112.00 1247.00
1060.00 1257.00
991.00 1262.00
399.00 1214.00
1558.00 1292.00
1367.00 1304.00
540.00 1236.00
993.00 1303.00
618.00 1268.00
952.00 1333.00
510.00 1291.00
65.00 1290.00
405.00 1296.00
364.00 1294.00
1114.00 1376.00
910.00 1361.00
1224.00 1384.00
1071.00 1389.00
954.00 1376.00
1000.00 1405.00
307.00 1347.00
96.00 1351.00
383.00 1353.00
519.00 1379.00
1397.00 1459.00
546.00 1435.00
228.00 1424.00
346.00 1433.00
709.00 1449.00
1359.00 1526.00
226.00 1465.00
1411.00 1533.00
600.00 1484.00
1177.00 1549.00
440.00 1510.00
389.00 1514.00
877.00 1520.00
597.00 1552.00
706.00 1539.00
644.00 1567.00
1236.00 1643.00
433.00 1619.00
1161.00 1655.00
831.00 1649.00
469.00 1663.00
699.00 1691.00
428.00 1697.00
180.00 1706.00
241.00 1776.00
607.00 1855.00
423.00 1856.00
761.00 1878.00
1071.00 2203.00
790.00 2359.00
88.00 2376.00
841.00 2398.00
197.00 2418.00
1043.00 2444.00
