698.00 470.00
760.00 491.00
1295.00 508.00
1252.00 522.00
192.00 636.00
146.00 653.00
218.00 681.00
328.00 712.00
519.00 754.00
435.00 775.00
1032.00 767.00
351.00 796.00
1197.00 814.00
1144.00 824.00
515.00 878.00
1050.00 875.00
1340.00 908.00
840.00 947.00
1044.00 945.00
501.00 946.00
1372.00 973.00
905.00 994.00
1685.00 983.00
498.00 1014.00
91.00 1042.00
1363.00 1044.00
450.00 1059.00
495.00 1073.00
566.00 1087.00
1532.00 1100.00
1627.00 1086.00
139.00 1121.00
807.00 1146.00
446.00 1133.00
1624.00 1136.00
752.00 1154.00
1041.00 1146.00
866.00 1160.00
534.00 1187.00
490.00 1193.00
689.00 1192.00
449.00 1190.00
1626.00 1196.00
584.00 1215.00
626.00 1214.00
283.00 1209.00
488.00 1234.00
167.00 1224.00
1040.00 1252.00
1639.00 1247.00
532.00 1242.00
605.00 1265.00
121.00 1290.00
164.00 1303.00
1777.00 1312.00
888.00 1360.00
1390.00 1385.00
1799.00 1376.00
211.00 1376.00
1591.00 1393.00
897.00 1406.00
1206.00 1402.00
1045.00 1429.00
942.00 1439.00
1548.00 1449.00
208.00 1525.00
1584.00 1581.00
150.00 1573.00
221.00 1585.00
1644.00 1577.00
585.00 1638.00
392.00 1771.00
1087.00 1764.00
345.00 1787.00
999.00 1805.00
306.00 1887.00
1080.00 1972.00
309.00 1966.00
1246.00 1988.00
1068.00 2013.00
932.00 2026.00
359.00 2096.00
678.00 2254.00
565.00 2245.00
