23.00 316.00
167.00 367.00
256.00 367.00
320.00 404.00
273.00 456.00
2011.00 371.00
1329.00 561.00
706.00 618.00
608.00 684.00
1381.00 611.00
796.00 751.00
665.00 798.00
973.00 767.00
356.00 883.00
610.00 864.00
1117.00 951.00
1071.00 977.00
1348.00 959.00
2084.00 877.00
1415.00 989.00
723.00 1056.00
370.00 1113.00
1835.00 1025.00
328.00 1156.00
1442.00 1082.00
1491.00 1086.00
1306.00 1122.00
1913.00 1072.00
425.00 1202.00
471.00 1205.00
955.00 1223.00
464.00 1266.00
1677.00 1186.00
525.00 1280.00
573.00 1283.00
1460.00 1219.00
239.00 1333.00
1005.00 1293.00
467.00 1328.00
1298.00 1276.00
1704.00 1247.00
330.00 1348.00
1382.00 1281.00
1828.00 1251.00
1216.00 1290.00
1925.00 1248.00
396.00 1358.00
1441.00 1310.00
1503.00 1308.00
781.00 1362.00
913.00 1370.00
1285.00 1351.00
1742.00 1345.00
1944.00 1337.00
1425.00 1387.00
969.00 1421.00
1894.00 1372.00
1102.00 1415.00
215.00 1489.00
325.00 1511.00
1940.00 1430.00
1009.00 1483.00
1271.00 1479.00
1157.00 1485.00
878.00 1526.00
1948.00 1486.00
