1195.00 851.00
1298.00 919.00
1233.00 923.00
1398.00 984.00
1309.00 980.00
461.00 911.00
1047.00 991.00
917.00 980.00
560.00 960.00
648.00 1004.00
495.00 1012.00
702.00 1096.00
392.00 1059.00
1321.00 1069.00
185.00 968.00
875.00 1105.00
492.00 1089.00
828.00 1093.00
651.00 1091.00
926.00 1158.00
432.00 1121.00
567.00 1144.00
351.00 1123.00
609.00 1150.00
403.00 1167.00
345.00 1167.00
453.00 1208.00
500.00 1229.00
1027.00 1221.00
1367.00 1207.00
834.00 1226.00
267.00 1180.00
315.00 1216.00
494.00 1274.00
412.00 1264.00
1465.00 1255.00
1780.00 1275.00
602.00 1307.00
467.00 1396.00
1283.00 1352.00
1236.00 1362.00
1392.00 1382.00
1345.00 1390.00
1517.00 1438.00
1288.00 1429.00
1212.00 1440.00
1776.00 1463.00
395.00 1551.00
1816.00 1505.00
1410.00 1513.00
1464.00 1531.00
327.00 1574.00
1291.00 1528.00
269.00 1593.00
1596.00 1551.00
1185.00 1563.00
1589.00 1613.00
374.00 1670.00
18.00 1654.00
1195.00 1688.00
1295.00 1665.00
1474.00 1715.00
271.00 1749.00
867.00 1779.00
372.00 1744.00
1230.00 1762.00
852.00 1836.00
1044.00 1830.00
1481.00 1821.00
325.00 1844.00
1543.00 1877.00
672.00 1914.00
269.00 1938.00
1489.00 1929.00
636.00 1968.00
226.00 1991.00
1422.00 1977.00
571.00 2019.00
401.00 2008.00
684.00 2014.00
1439.00 2027.00
499.00 2037.00
420.00 2079.00
554.00 2061.00
470.00 2106.00
420.00 2132.00
354.00 2124.00
582.00 2142.00
223.00 2186.00
370.00 2177.00
477.00 2196.00
528.00 2191.00
419.00 2177.00
582.00 2209.00
694.00 2197.00
838.00 2201.00
632.00 2262.00
458.00 2287.00
1011.00 2353.00
1116.00 2331.00
1174.00 2401.00
