323.00 81.00
648.00 110.00
578.00 113.00
863.00 125.00
17.00 118.00
1081.00 224.00
15.00 242.00
430.00 256.00
544.00 260.00
464.00 328.00
1084.00 339.00
81.00 323.00
571.00 354.00
1972.00 390.00
108.00 405.00
594.00 433.00
513.00 433.00
1073.00 436.00
2060.00 409.00
2143.00 406.00
1847.00 458.00
787.00 454.00
889.00 456.00
1803.00 464.00
419.00 451.00
136.00 487.00
1950.00 485.00
977.00 633.00
1090.00 640.00
189.00 643.00
561.00 668.00
465.00 686.00
1179.00 685.00
1730.00 692.00
854.00 713.00
665.00 726.00
1062.00 727.00
645.00 785.00
982.00 787.00
792.00 787.00
890.00 807.00
544.00 807.00
63.00 812.00
1171.00 852.00
826.00 866.00
954.00 867.00
891.00 876.00
1063.00 880.00
726.00 883.00
620.00 877.00
40.00 877.00
1063.00 936.00
983.00 943.00
808.00 943.00
895.00 943.00
1848.00 982.00
1676.00 1003.00
1066.00 1002.00
306.00 1006.00
1672.00 1054.00
970.00 1037.00
768.00 1030.00
544.00 1052.00
1024.00 1061.00
2024.00 1075.00
639.00 1109.00
1052.00 1108.00
1422.00 1132.00
1137.00 1156.00
2141.00 1166.00
1648.00 1156.00
95.00 1212.00
783.00 1169.00
857.00 1169.00
1645.00 1205.00
1142.00 1239.00
1868.00 1221.00
1081.00 1228.00
93.00 1280.00
1809.00 1236.00
666.00 1297.00
2151.00 1314.00
1560.00 1359.00
715.00 1366.00
877.00 1378.00
1992.00 1393.00
1170.00 1433.00
1535.00 1457.00
1949.00 1496.00
1077.00 1525.00
1171.00 1515.00
1511.00 1546.00
846.00 1524.00
606.00 1592.00
805.00 1648.00
1774.00 1666.00
1413.00 1652.00
1085.00 1685.00
1497.00 1694.00
1642.00 1711.00
1144.00 1651.00
1400.00 1715.00
1182.00 1718.00
1645.00 1777.00
1410.00 1805.00
1248.00 1829.00
1165.00 1814.00
51.00 1912.00
1372.00 1901.00
1851.00 1902.00
2083.00 1935.00
754.00 1938.00
1501.00 1948.00
1711.00 1967.00
1898.00 1981.00
2091.00 1980.00
1105.00 2010.00
1908.00 2077.00
730.00 2045.00
1949.00 2130.00
113.00 2201.00
643.00 2135.00
1460.00 2162.00
102.00 2324.00
2131.00 2292.00
1195.00 2358.00
99.00 2388.00
1938.00 2409.00
592.00 2435.00
50.00 2562.00
806.00 2607.00
