1042.00 141.00
1193.00 135.00
1263.00 132.00
1327.00 129.00
1889.00 106.00
73.00 476.00
1048.00 378.00
1764.00 214.00
1031.00 420.00
2079.00 250.00
2091.00 323.00
1910.00 385.00
1377.00 491.00
2021.00 389.00
1228.00 539.00
826.00 642.00
57.00 696.00
1343.00 540.00
1565.00 587.00
1038.00 701.00
1640.00 631.00
1931.00 599.00
153.00 827.00
212.00 847.00
413.00 837.00
1308.00 733.00
1052.00 774.00
1574.00 710.00
908.00 827.00
1938.00 756.00
187.00 944.00
690.00 939.00
1942.00 800.00
1508.00 828.00
73.00 988.00
1657.00 905.00
1805.00 888.00
1215.00 1010.00
1300.00 999.00
199.00 1080.00
964.00 1018.00
412.00 1143.00
1732.00 930.00
1561.00 985.00
568.00 1080.00
1961.00 1016.00
1254.00 1060.00
2105.00 1039.00
1965.00 1067.00
1234.00 1133.00
507.00 1199.00
169.00 1226.00
1057.00 1183.00
20.00 1254.00
865.00 1196.00
1522.00 1146.00
919.00 1212.00
290.00 1277.00
1748.00 1158.00
1449.00 1192.00
564.00 1262.00
420.00 1284.00
998.00 1268.00
521.00 1300.00
58.00 1344.00
928.00 1281.00
1069.00 1268.00
1908.00 1217.00
579.00 1331.00
632.00 1330.00
1981.00 1254.00
783.00 1368.00
659.00 1380.00
1016.00 1361.00
1144.00 1377.00
1840.00 1339.00
1989.00 1362.00
835.00 1461.00
34.00 1437.00
1686.00 1363.00
1573.00 1384.00
609.00 1466.00
1018.00 1466.00
784.00 1504.00
656.00 1511.00
901.00 1504.00
1060.00 1484.00
586.00 1587.00
493.00 1614.00
1864.00 1651.00
2031.00 1649.00
273.00 1752.00
595.00 1739.00
912.00 1843.00
1511.00 1841.00
2111.00 1805.00
1315.00 1857.00
802.00 1878.00
1072.00 2075.00
1177.00 2099.00
1073.00 2124.00
1792.00 2165.00
1336.00 2243.00
2072.00 2227.00
2081.00 2313.00
1584.00 2353.00
1077.00 2358.00
2086.00 2458.00
1261.00 2485.00
1397.00 2507.00
839.00 2490.00
