1279.00 76.00
975.00 139.00
1939.00 50.00
1549.00 109.00
495.00 283.00
2022.00 190.00
815.00 274.00
1768.00 188.00
1293.00 261.00
1655.00 217.00
329.00 374.00
1594.00 227.00
846.00 322.00
1806.00 273.00
1695.00 291.00
2052.00 284.00
1091.00 380.00
1117.00 429.00
1838.00 343.00
1368.00 424.00
120.00 552.00
183.00 585.00
1397.00 489.00
257.00 624.00
1204.00 532.00
2026.00 492.00
352.00 648.00
1418.00 536.00
258.00 675.00
1031.00 636.00
1854.00 554.00
1446.00 596.00
357.00 729.00
512.00 732.00
1741.00 643.00
454.00 747.00
1215.00 703.00
2090.00 645.00
514.00 773.00
1986.00 674.00
467.00 789.00
1903.00 699.00
1276.00 734.00
1455.00 752.00
2144.00 719.00
364.00 838.00
673.00 822.00
1783.00 758.00
423.00 808.00
550.00 840.00
614.00 842.00
1514.00 763.00
1846.00 783.00
2024.00 767.00
657.00 863.00
357.00 894.00
567.00 893.00
1823.00 833.00
504.00 903.00
298.00 914.00
1334.00 877.00
2135.00 807.00
460.00 921.00
243.00 937.00
194.00 954.00
656.00 916.00
2054.00 824.00
331.00 986.00
1905.00 918.00
401.00 1029.00
591.00 1035.00
330.00 1033.00
257.00 1075.00
656.00 1052.00
1626.00 998.00
1843.00 1002.00
1502.00 1057.00
368.00 1089.00
532.00 1130.00
429.00 1110.00
479.00 1110.00
1655.00 1063.00
254.00 1128.00
2134.00 1059.00
206.00 1142.00
604.00 1123.00
771.00 1137.00
386.00 1157.00
342.00 1155.00
836.00 1149.00
936.00 1165.00
2048.00 1163.00
559.00 1196.00
879.00 1178.00
1528.00 1226.00
203.00 1220.00
837.00 1199.00
679.00 1223.00
274.00 1239.00
408.00 1217.00
735.00 1222.00
565.00 1262.00
796.00 1242.00
515.00 1257.00
838.00 1243.00
1220.00 1282.00
734.00 1265.00
351.00 1295.00
399.00 1306.00
511.00 1305.00
810.00 1287.00
950.00 1301.00
198.00 1343.00
1258.00 1355.00
745.00 1348.00
624.00 1360.00
330.00 1381.00
929.00 1395.00
549.00 1419.00
602.00 1421.00
482.00 1471.00
547.00 1460.00
599.00 1464.00
359.00 1478.00
413.00 1483.00
929.00 1484.00
538.00 1504.00
191.00 1510.00
707.00 1512.00
1021.00 1503.00
366.00 1538.00
590.00 1542.00
190.00 1551.00
657.00 1556.00
940.00 1573.00
499.00 1555.00
407.00 1600.00
843.00 1587.00
546.00 1604.00
1623.00 1633.00
338.00 1644.00
657.00 1629.00
420.00 1659.00
843.00 1683.00
706.00 1668.00
1566.00 1781.00
374.00 1710.00
2102.00 1756.00
596.00 1753.00
656.00 1737.00
320.00 1759.00
272.00 1761.00
543.00 1788.00
1029.00 1792.00
655.00 1792.00
1539.00 1824.00
444.00 1825.00
829.00 1814.00
1572.00 1865.00
1245.00 1869.00
766.00 1849.00
609.00 1871.00
568.00 1872.00
267.00 1873.00
567.00 1914.00
1202.00 1933.00
395.00 1923.00
226.00 1916.00
681.00 1928.00
500.00 1960.00
373.00 1964.00
672.00 1987.00
303.00 1992.00
454.00 1964.00
1873.00 2047.00
664.00 2032.00
510.00 2046.00
432.00 2043.00
1211.00 2118.00
313.00 2080.00
762.00 2117.00
261.00 2109.00
578.00 2132.00
439.00 2114.00
220.00 2157.00
298.00 2165.00
804.00 2172.00
343.00 2202.00
870.00 2197.00
194.00 2206.00
265.00 2223.00
697.00 2231.00
983.00 2249.00
451.00 2228.00
511.00 2208.00
639.00 2233.00
311.00 2249.00
257.00 2276.00
192.00 2254.00
629.00 2282.00
778.00 2286.00
701.00 2372.00
756.00 2382.00
1228.00 2404.00
1654.00 2486.00
874.00 2445.00
1044.00 2494.00
422.00 2550.00
484.00 2562.00
1294.00 2563.00
1398.00 2629.00
295.00 2689.00
