1006.00 122.00
1225.00 194.00
1140.00 225.00
1316.00 218.00
1376.00 298.00
1476.00 359.00
1542.00 357.00
1602.00 439.00
771.00 676.00
561.00 716.00
1571.00 570.00
1986.00 565.00
1158.00 771.00
698.00 849.00
894.00 829.00
1674.00 790.00
995.00 851.00
928.00 878.00
1484.00 809.00
774.00 917.00
1418.00 829.00
1696.00 852.00
817.00 909.00
1006.00 893.00
1992.00 911.00
1300.00 868.00
1949.00 915.00
773.00 975.00
615.00 994.00
722.00 991.00
2065.00 996.00
1315.00 942.00
2024.00 978.00
999.00 987.00
871.00 1013.00
1580.00 987.00
1070.00 1006.00
1856.00 1051.00
2151.00 1003.00
684.00 1085.00
1777.00 1063.00
757.00 1092.00
1724.00 1091.00
1869.00 1108.00
903.00 1105.00
2012.00 1125.00
1916.00 1120.00
601.00 1148.00
1302.00 1127.00
1825.00 1125.00
731.00 1147.00
2145.00 1146.00
1866.00 1184.00
1991.00 1218.00
704.00 1211.00
1844.00 1241.00
885.00 1196.00
1921.00 1252.00
1783.00 1264.00
2094.00 1270.00
1991.00 1271.00
1054.00 1232.00
1185.00 1242.00
1296.00 1309.00
1830.00 1355.00
1940.00 1363.00
2058.00 1355.00
1236.00 1331.00
2129.00 1410.00
1741.00 1402.00
1922.00 1408.00
2045.00 1439.00
1828.00 1457.00
1179.00 1361.00
2118.00 1464.00
1700.00 1533.00
2012.00 1498.00
1744.00 1533.00
1881.00 1553.00
1619.00 1582.00
2061.00 1583.00
780.00 1595.00
1570.00 1606.00
669.00 1630.00
1916.00 1693.00
1956.00 1638.00
2066.00 1679.00
2135.00 1737.00
1843.00 1726.00
2028.00 1733.00
1613.00 1761.00
1685.00 1760.00
913.00 1760.00
2139.00 1885.00
1857.00 1885.00
1470.00 1839.00
2079.00 1940.00
1947.00 1948.00
1872.00 1950.00
1429.00 1895.00
1296.00 1902.00
1357.00 1914.00
1904.00 2026.00
1987.00 2111.00
1118.00 2024.00
1298.00 1976.00
840.00 2021.00
726.00 2025.00
1136.00 2097.00
1836.00 2118.00
1090.00 2108.00
