1486.00 465.00
382.00 673.00
1048.00 629.00
463.00 690.00
1000.00 681.00
1258.00 710.00
1342.00 701.00
699.00 713.00
958.00 729.00
1209.00 757.00
1864.00 741.00
354.00 852.00
1130.00 854.00
972.00 807.00
1238.00 883.00
1497.00 912.00
1215.00 940.00
11.00 1027.00
1106.00 939.00
1217.00 994.00
1621.00 992.00
807.00 1044.00
304.00 1066.00
1919.00 975.00
381.00 1072.00
69.00 1098.00
113.00 1105.00
1374.00 1078.00
1254.00 1046.00
733.00 1117.00
1624.00 1043.00
229.00 1122.00
339.00 1130.00
158.00 1144.00
106.00 1195.00
921.00 1143.00
344.00 1178.00
396.00 1177.00
1576.00 1119.00
1527.00 1123.00
499.00 1179.00
564.00 1190.00
1193.00 1168.00
1934.00 1129.00
827.00 1214.00
1630.00 1161.00
94.00 1255.00
239.00 1253.00
137.00 1260.00
394.00 1238.00
1367.00 1188.00
1224.00 1212.00
334.00 1254.00
1061.00 1229.00
994.00 1247.00
490.00 1288.00
610.00 1298.00
753.00 1297.00
564.00 1314.00
707.00 1304.00
1816.00 1253.00
392.00 1299.00
133.00 1378.00
1341.00 1261.00
1926.00 1242.00
1076.00 1292.00
187.00 1335.00
1396.00 1297.00
1265.00 1293.00
899.00 1315.00
1619.00 1298.00
784.00 1342.00
1760.00 1258.00
1470.00 1313.00
271.00 1393.00
610.00 1363.00
14.00 1426.00
112.00 1474.00
1056.00 1378.00
1009.00 1393.00
346.00 1434.00
479.00 1442.00
12.00 1502.00
522.00 1482.00
946.00 1422.00
265.00 1491.00
1887.00 1388.00
59.00 1487.00
650.00 1488.00
872.00 1453.00
1390.00 1397.00
336.00 1481.00
988.00 1485.00
1588.00 1477.00
262.00 1564.00
61.00 1588.00
179.00 1590.00
681.00 1566.00
1630.00 1469.00
111.00 1608.00
992.00 1559.00
917.00 1572.00
970.00 1605.00
536.00 1614.00
928.00 1633.00
805.00 1642.00
942.00 1677.00
820.00 1690.00
575.00 1735.00
410.00 1749.00
1448.00 1665.00
967.00 2001.00
965.00 2072.00
896.00 2116.00
293.00 2487.00
324.00 2543.00
1210.00 2441.00
