1127.00 543.00
354.00 675.00
1826.00 749.00
1000.00 681.00
1261.00 711.00
1336.00 712.00
958.00 729.00
1210.00 757.00
952.00 804.00
353.00 852.00
1006.00 838.00
590.00 887.00
1184.00 851.00
1237.00 861.00
1185.00 894.00
1159.00 966.00
1616.00 914.00
1241.00 980.00
1618.00 955.00
12.00 1027.00
248.00 1050.00
1621.00 1026.00
294.00 1053.00
381.00 1072.00
113.00 1105.00
1189.00 1072.00
1362.00 1062.00
1927.00 1048.00
643.00 1102.00
1626.00 1073.00
340.00 1131.00
734.00 1117.00
157.00 1145.00
807.00 1127.00
1376.00 1129.00
921.00 1143.00
396.00 1177.00
1576.00 1119.00
1435.00 1135.00
105.00 1196.00
1191.00 1170.00
94.00 1254.00
1934.00 1129.00
1627.00 1120.00
239.00 1254.00
692.00 1261.00
1544.00 1166.00
137.00 1259.00
1392.00 1186.00
394.00 1238.00
955.00 1185.00
317.00 1259.00
1038.00 1222.00
1224.00 1212.00
490.00 1288.00
610.00 1298.00
187.00 1323.00
1394.00 1257.00
707.00 1303.00
391.00 1326.00
1342.00 1261.00
1927.00 1242.00
342.00 1311.00
1736.00 1263.00
1690.00 1278.00
787.00 1343.00
225.00 1395.00
1618.00 1314.00
1528.00 1278.00
1421.00 1355.00
1470.00 1313.00
615.00 1368.00
27.00 1427.00
80.00 1420.00
134.00 1416.00
390.00 1367.00
1093.00 1355.00
340.00 1421.00
191.00 1443.00
1574.00 1365.00
973.00 1415.00
99.00 1474.00
336.00 1481.00
586.00 1447.00
265.00 1491.00
1894.00 1396.00
627.00 1487.00
46.00 1537.00
189.00 1505.00
386.00 1510.00
1584.00 1455.00
312.00 1546.00
262.00 1564.00
871.00 1506.00
1807.00 1474.00
2141.00 1458.00
723.00 1557.00
1196.00 1526.00
1152.00 1531.00
1629.00 1468.00
505.00 1580.00
917.00 1572.00
970.00 1605.00
1200.00 1575.00
928.00 1632.00
805.00 1642.00
246.00 1735.00
331.00 1735.00
805.00 1698.00
410.00 1749.00
897.00 1705.00
688.00 1930.00
967.00 2007.00
1036.00 2009.00
1006.00 2105.00
896.00 2117.00
631.00 2167.00
469.00 2284.00
1206.00 2441.00
