1578.00 191.00
877.00 251.00
1238.00 438.00
813.00 309.00
1386.00 501.00
589.00 336.00
660.00 347.00
704.00 363.00
754.00 375.00
683.00 411.00
599.00 399.00
776.00 488.00
477.00 452.00
1040.00 605.00
1628.00 757.00
1392.00 711.00
1040.00 661.00
1566.00 798.00
1512.00 806.00
1555.00 839.00
224.00 545.00
989.00 726.00
1491.00 850.00
823.00 761.00
250.00 666.00
1173.00 881.00
998.00 798.00
1395.00 907.00
644.00 786.00
1482.00 969.00
354.00 795.00
554.00 883.00
816.00 904.00
1040.00 951.00
988.00 949.00
1398.00 1032.00
717.00 944.00
542.00 933.00
618.00 974.00
488.00 953.00
1039.00 1044.00
823.00 1050.00
864.00 1094.00
929.00 1113.00
1030.00 1190.00
1241.00 1194.00
1403.00 1243.00
1407.00 1330.00
957.00 1654.00
1500.00 2130.00
