1243.00 60.00
595.00 391.00
1211.00 333.00
276.00 592.00
1587.00 529.00
1898.00 568.00
1390.00 712.00
1345.00 767.00
450.00 850.00
852.00 845.00
1817.00 912.00
925.00 863.00
1532.00 884.00
573.00 943.00
477.00 1027.00
787.00 1017.00
1065.00 1022.00
991.00 1033.00
869.00 1060.00
918.00 1064.00
705.00 1080.00
1066.00 1067.00
1348.00 1048.00
390.00 1054.00
2149.00 1035.00
710.00 1169.00
554.00 1145.00
758.00 1177.00
399.00 1223.00
484.00 1249.00
2047.00 1151.00
697.00 1271.00
2066.00 1216.00
1095.00 1283.00
1259.00 1293.00
651.00 1374.00
639.00 1429.00
420.00 1486.00
237.00 1522.00
853.00 1467.00
286.00 1487.00
2094.00 1418.00
503.00 1487.00
789.00 1546.00
196.00 1523.00
1290.00 1489.00
779.00 1497.00
1128.00 1585.00
1075.00 1628.00
322.00 1736.00
1977.00 1720.00
563.00 1809.00
1386.00 1719.00
1108.00 1806.00
459.00 1833.00
1067.00 1806.00
1213.00 1856.00
1902.00 1844.00
1328.00 1861.00
1211.00 1918.00
1274.00 1899.00
473.00 1947.00
1151.00 1932.00
1349.00 1927.00
2012.00 1952.00
1223.00 1970.00
667.00 2028.00
1083.00 2040.00
1392.00 2064.00
389.00 2125.00
506.00 2131.00
921.00 2150.00
876.00 2152.00
1663.00 2568.00
1363.00 2600.00
