1371.00 72.00
1022.00 120.00
789.00 118.00
850.00 162.00
731.00 173.00
920.00 249.00
791.00 174.00
1446.00 309.00
1031.00 267.00
1103.00 284.00
476.00 248.00
728.00 297.00
1104.00 380.00
659.00 298.00
423.00 277.00
1059.00 339.00
743.00 339.00
696.00 339.00
1432.00 414.00
1633.00 419.00
1761.00 486.00
1116.00 437.00
651.00 417.00
1048.00 489.00
1059.00 430.00
367.00 430.00
659.00 464.00
603.00 453.00
735.00 524.00
844.00 510.00
1747.00 573.00
1120.00 530.00
1609.00 565.00
913.00 508.00
391.00 503.00
333.00 507.00
1739.00 618.00
1480.00 540.00
874.00 563.00
352.00 556.00
645.00 576.00
1635.00 662.00
1759.00 666.00
733.00 567.00
1695.00 674.00
1358.00 636.00
437.00 592.00
1431.00 684.00
1350.00 681.00
1701.00 729.00
1138.00 705.00
744.00 714.00
1448.00 729.00
1405.00 734.00
1648.00 772.00
1701.00 777.00
1602.00 777.00
1501.00 775.00
1320.00 764.00
505.00 720.00
1449.00 785.00
1078.00 750.00
1547.00 800.00
1408.00 803.00
1255.00 790.00
1484.00 828.00
731.00 800.00
1170.00 810.00
1029.00 793.00
1309.00 852.00
1089.00 810.00
622.00 793.00
1363.00 848.00
663.00 812.00
1436.00 848.00
789.00 818.00
425.00 800.00
71.00 788.00
889.00 858.00
1482.00 892.00
1238.00 895.00
1362.00 912.00
1282.00 909.00
629.00 917.00
758.00 896.00
1542.00 913.00
895.00 909.00
1210.00 949.00
1115.00 954.00
1156.00 996.00
1251.00 976.00
829.00 965.00
1110.00 1002.00
1025.00 1010.00
477.00 978.00
782.00 1005.00
1230.00 1049.00
714.00 1016.00
1118.00 1060.00
956.00 1045.00
865.00 1059.00
1827.00 1120.00
1128.00 1105.00
493.00 1123.00
1742.00 1150.00
1549.00 1168.00
1842.00 1188.00
1787.00 1192.00
634.00 1130.00
1207.00 1175.00
1272.00 1192.00
852.00 1171.00
1022.00 1180.00
1355.00 1204.00
593.00 1167.00
1432.00 1224.00
426.00 1162.00
1488.00 1239.00
1625.00 1267.00
1306.00 1240.00
739.00 1213.00
1237.00 1238.00
343.00 1197.00
1433.00 1276.00
1033.00 1264.00
580.00 1243.00
1727.00 1320.00
334.00 1243.00
1326.00 1298.00
828.00 1281.00
1593.00 1317.00
1218.00 1305.00
1282.00 1297.00
1454.00 1352.00
1061.00 1316.00
1108.00 1324.00
283.00 1286.00
752.00 1340.00
1337.00 1343.00
873.00 1330.00
460.00 1311.00
951.00 1345.00
1260.00 1352.00
1522.00 1374.00
652.00 1333.00
816.00 1343.00
705.00 1339.00
1047.00 1357.00
1112.00 1376.00
1798.00 1408.00
38.00 1341.00
421.00 1361.00
831.00 1393.00
1058.00 1401.00
611.00 1376.00
781.00 1395.00
678.00 1384.00
351.00 1375.00
273.00 1374.00
891.00 1406.00
216.00 1380.00
1074.00 1445.00
57.00 1395.00
1167.00 1450.00
1394.00 1446.00
275.00 1421.00
458.00 1408.00
1020.00 1452.00
1689.00 1480.00
799.00 1460.00
1613.00 1482.00
850.00 1465.00
1558.00 1503.00
1315.00 1498.00
1768.00 1520.00
993.00 1517.00
1143.00 1494.00
648.00 1477.00
699.00 1482.00
187.00 1465.00
1812.00 1540.00
1217.00 1515.00
539.00 1494.00
600.00 1499.00
1394.00 1539.00
1336.00 1539.00
472.00 1507.00
948.00 1514.00
1485.00 1539.00
623.00 1547.00
1152.00 1535.00
49.00 1504.00
391.00 1518.00
754.00 1538.00
1771.00 1592.00
1216.00 1563.00
1693.00 1585.00
1132.00 1595.00
1261.00 1590.00
340.00 1577.00
290.00 1624.00
674.00 1637.00
780.00 1655.00
1401.00 1736.00
527.00 1756.00
887.00 1777.00
816.00 1862.00
615.00 1858.00
94.00 1853.00
436.00 1910.00
192.00 1899.00
687.00 1938.00
567.00 1943.00
911.00 1970.00
955.00 1996.00
688.00 1997.00
612.00 2071.00
17.00 2096.00
570.00 2075.00
295.00 2117.00
384.00 2189.00
855.00 2213.00
357.00 2239.00
404.00 2245.00
855.00 2261.00
970.00 2266.00
659.00 2262.00
406.00 2306.00
796.00 2386.00
1105.00 2418.00
851.00 2419.00
960.00 2422.00
719.00 2468.00
200.00 2495.00
636.00 2523.00
