1806.00 685.00
1587.00 908.00
1358.00 1002.00
1879.00 997.00
1799.00 1036.00
1523.00 1160.00
1702.00 1174.00
1907.00 1155.00
1964.00 1129.00
1344.00 1264.00
1744.00 1207.00
1866.00 1192.00
1023.00 1328.00
1512.00 1316.00
1713.00 1364.00
1833.00 1351.00
1650.00 1376.00
1368.00 1461.00
2146.00 1316.00
2090.00 1325.00
1970.00 1363.00
1542.00 1480.00
2124.00 1410.00
2012.00 1464.00
1932.00 1534.00
1920.00 1575.00
1888.00 1675.00
1671.00 1764.00
1835.00 1768.00
1786.00 1781.00
1615.00 1783.00
1620.00 1911.00
1841.00 1879.00
1946.00 1955.00
1744.00 1970.00
1531.00 2032.00
1674.00 2038.00
1674.00 2095.00
1956.00 2134.00
1530.00 2134.00
1980.00 2176.00
1692.00 2167.00
1754.00 2173.00
