1094.00 31.00
1213.00 28.00
1096.00 111.00
1016.00 229.00
863.00 243.00
1311.00 155.00
1100.00 248.00
934.00 318.00
1748.00 393.00
1273.00 495.00
1482.00 481.00
962.00 547.00
1194.00 581.00
873.00 588.00
1425.00 531.00
1323.00 608.00
1493.00 610.00
1239.00 626.00
1740.00 595.00
1655.00 621.00
1595.00 639.00
1480.00 668.00
1598.00 680.00
1194.00 729.00
1409.00 766.00
984.00 792.00
1490.00 808.00
1106.00 819.00
1200.00 805.00
2143.00 778.00
1714.00 846.00
1493.00 874.00
1611.00 836.00
1136.00 952.00
1500.00 973.00
1207.00 978.00
974.00 1037.00
1794.00 1023.00
1522.00 1071.00
1509.00 1133.00
1378.00 1113.00
978.00 1156.00
1804.00 1134.00
1310.00 1190.00
1130.00 1227.00
2128.00 1187.00
1515.00 1215.00
1418.00 1233.00
1295.00 1255.00
1222.00 1268.00
1518.00 1271.00
1800.00 1263.00
2151.00 1230.00
2080.00 1243.00
1644.00 1288.00
888.00 1394.00
847.00 1400.00
1650.00 1377.00
1480.00 1380.00
1159.00 1425.00
1228.00 1406.00
1655.00 1433.00
863.00 1506.00
1367.00 1454.00
1818.00 1463.00
1533.00 1482.00
986.00 1522.00
867.00 1565.00
1140.00 1553.00
1439.00 1551.00
1235.00 1572.00
1605.00 1557.00
1828.00 1562.00
1349.00 1598.00
1538.00 1587.00
825.00 1640.00
1704.00 1616.00
1407.00 1628.00
1832.00 1620.00
1239.00 1650.00
782.00 1708.00
1560.00 1643.00
1856.00 1704.00
1458.00 1695.00
1243.00 1759.00
1564.00 1692.00
1664.00 1743.00
781.00 1807.00
1455.00 1772.00
1751.00 1792.00
1246.00 1808.00
1573.00 1816.00
1517.00 1854.00
1248.00 1853.00
1693.00 1890.00
1378.00 1913.00
1584.00 1947.00
1214.00 1933.00
1811.00 1919.00
1105.00 2008.00
1925.00 1922.00
1254.00 1975.00
1588.00 2003.00
1702.00 1999.00
1420.00 2018.00
1759.00 2108.00
1712.00 2138.00
1246.00 2163.00
1581.00 2145.00
1717.00 2194.00
1409.00 2218.00
777.00 2228.00
1723.00 2276.00
1889.00 2260.00
1640.00 2302.00
1955.00 2294.00
1588.00 2318.00
1894.00 2316.00
1721.00 2323.00
779.00 2305.00
1614.00 2383.00
1070.00 2380.00
1787.00 2390.00
1205.00 2404.00
1534.00 2427.00
753.00 2428.00
1007.00 2497.00
900.00 2495.00
1367.00 2660.00
2060.00 2672.00
1257.00 2865.00
