921.00 89.00
1437.00 461.00
96.00 387.00
135.00 450.00
53.00 489.00
1458.00 684.00
592.00 599.00
965.00 650.00
290.00 604.00
1475.00 730.00
226.00 603.00
403.00 630.00
1008.00 735.00
91.00 638.00
1079.00 736.00
1336.00 762.00
642.00 703.00
306.00 718.00
779.00 726.00
1502.00 781.00
48.00 699.00
1343.00 847.00
284.00 787.00
353.00 791.00
122.00 808.00
1050.00 883.00
704.00 903.00
1342.00 942.00
1281.00 964.00
448.00 940.00
1362.00 991.00
308.00 920.00
633.00 986.00
49.00 921.00
331.00 967.00
279.00 981.00
703.00 1007.00
446.00 1028.00
842.00 1030.00
344.00 1010.00
753.00 1042.00
1288.00 1073.00
389.00 1026.00
1073.00 1084.00
1244.00 1105.00
1333.00 1123.00
380.00 1083.00
295.00 1118.00
663.00 1101.00
704.00 1104.00
1246.00 1148.00
790.00 1147.00
445.00 1155.00
879.00 1178.00
724.00 1174.00
379.00 1172.00
1243.00 1238.00
792.00 1205.00
273.00 1182.00
108.00 1186.00
628.00 1244.00
733.00 1221.00
444.00 1228.00
1080.00 1249.00
1461.00 1256.00
1026.00 1259.00
1193.00 1283.00
585.00 1247.00
793.00 1268.00
75.00 1228.00
749.00 1268.00
270.00 1304.00
908.00 1301.00
849.00 1313.00
1239.00 1323.00
749.00 1319.00
791.00 1340.00
401.00 1309.00
452.00 1316.00
32.00 1324.00
269.00 1366.00
1333.00 1355.00
1067.00 1360.00
1017.00 1363.00
663.00 1361.00
1403.00 1365.00
522.00 1360.00
871.00 1374.00
478.00 1367.00
928.00 1380.00
1243.00 1379.00
1461.00 1384.00
1199.00 1382.00
526.00 1406.00
569.00 1407.00
1069.00 1414.00
1013.00 1415.00
482.00 1413.00
887.00 1422.00
1364.00 1418.00
1285.00 1431.00
1156.00 1428.00
660.00 1445.00
266.00 1460.00
592.00 1457.00
874.00 1463.00
351.00 1469.00
523.00 1456.00
955.00 1465.00
445.00 1482.00
1197.00 1474.00
613.00 1505.00
1146.00 1490.00
1289.00 1485.00
1056.00 1536.00
1023.00 1495.00
284.00 1507.00
64.00 1490.00
560.00 1518.00
498.00 1546.00
242.00 1521.00
1240.00 1528.00
1133.00 1533.00
617.00 1546.00
1185.00 1531.00
1284.00 1526.00
48.00 1550.00
956.00 1573.00
240.00 1597.00
682.00 1589.00
1350.00 1560.00
888.00 1577.00
629.00 1615.00
969.00 1617.00
1060.00 1597.00
1157.00 1597.00
292.00 1634.00
1456.00 1580.00
50.00 1649.00
1113.00 1609.00
1242.00 1605.00
713.00 1645.00
804.00 1665.00
889.00 1651.00
848.00 1667.00
1173.00 1666.00
1358.00 1658.00
387.00 1723.00
290.00 1751.00
776.00 1714.00
10.00 1754.00
577.00 1766.00
839.00 1733.00
909.00 1732.00
271.00 1811.00
1123.00 1760.00
31.00 1848.00
563.00 1825.00
516.00 1783.00
638.00 1816.00
867.00 1889.00
105.00 1933.00
791.00 1895.00
599.00 1908.00
1022.00 1891.00
1098.00 1887.00
230.00 1969.00
1290.00 1880.00
766.00 1947.00
925.00 1921.00
637.00 1968.00
1026.00 1948.00
835.00 1969.00
1264.00 1938.00
1324.00 1939.00
1192.00 1959.00
794.00 1998.00
693.00 2004.00
483.00 2040.00
525.00 2040.00
997.00 2029.00
156.00 2133.00
1342.00 1991.00
1543.00 1999.00
414.00 2127.00
702.00 2089.00
1052.00 2057.00
1484.00 2020.00
249.00 2148.00
857.00 2098.00
1590.00 2027.00
532.00 2152.00
792.00 2120.00
373.00 2179.00
266.00 2209.00
1556.00 2069.00
932.00 2180.00
728.00 2189.00
499.00 2214.00
1311.00 2126.00
1361.00 2120.00
60.00 2298.00
1545.00 2123.00
372.00 2260.00
716.00 2237.00
1464.00 2191.00
1274.00 2179.00
657.00 2264.00
1213.00 2192.00
472.00 2293.00
775.00 2256.00
319.00 2310.00
1046.00 2240.00
127.00 2409.00
825.00 2325.00
1260.00 2243.00
1318.00 2241.00
891.00 2301.00
1425.00 2245.00
1477.00 2232.00
1026.00 2317.00
676.00 2373.00
1180.00 2303.00
1223.00 2304.00
805.00 2366.00
548.00 2419.00
1023.00 2377.00
1497.00 2315.00
773.00 2434.00
1246.00 2359.00
1333.00 2355.00
1594.00 2323.00
478.00 2499.00
937.00 2425.00
546.00 2495.00
1439.00 2350.00
1022.00 2420.00
663.00 2487.00
750.00 2483.00
1120.00 2433.00
1226.00 2428.00
1274.00 2425.00
723.00 2543.00
807.00 2538.00
1020.00 2479.00
1126.00 2503.00
1019.00 2527.00
519.00 2624.00
1551.00 2442.00
1301.00 2486.00
690.00 2614.00
1605.00 2439.00
1681.00 2434.00
1591.00 2485.00
1331.00 2557.00
1374.00 2555.00
1600.00 2543.00
1080.00 2650.00
1148.00 2647.00
1364.00 2634.00
1766.00 2610.00
1015.00 2793.00
