1473.00 302.00
1098.00 313.00
1166.00 300.00
748.00 387.00
958.00 355.00
1439.00 343.00
1531.00 395.00
1115.00 377.00
1168.00 410.00
749.00 429.00
814.00 447.00
1559.00 446.00
470.00 444.00
1111.00 436.00
1228.00 466.00
1168.00 469.00
1555.00 487.00
1111.00 481.00
1308.00 492.00
1350.00 496.00
720.00 540.00
1456.00 518.00
1394.00 511.00
1554.00 531.00
1613.00 540.00
1111.00 552.00
1316.00 569.00
1367.00 553.00
1096.00 603.00
500.00 589.00
959.00 610.00
458.00 608.00
1012.00 622.00
1359.00 612.00
1311.00 623.00
686.00 662.00
1243.00 670.00
709.00 703.00
946.00 699.00
825.00 705.00
462.00 710.00
884.00 736.00
650.00 717.00
1247.00 724.00
732.00 750.00
1723.00 748.00
1173.00 765.00
1290.00 776.00
615.00 782.00
788.00 803.00
740.00 847.00
977.00 846.00
16.00 850.00
1180.00 860.00
979.00 910.00
1175.00 952.00
1729.00 933.00
1129.00 932.00
1009.00 951.00
516.00 974.00
580.00 991.00
1479.00 1008.00
1343.00 1029.00
266.00 1003.00
320.00 1012.00
972.00 1013.00
1653.00 1046.00
857.00 1072.00
1210.00 1075.00
1297.00 1070.00
1357.00 1088.00
159.00 1057.00
1111.00 1089.00
1047.00 1080.00
1309.00 1134.00
275.00 1097.00
1421.00 1136.00
1032.00 1146.00
1243.00 1128.00
900.00 1138.00
1649.00 1144.00
984.00 1153.00
1542.00 1138.00
1090.00 1148.00
455.00 1114.00
1583.00 1155.00
1167.00 1196.00
256.00 1159.00
1025.00 1198.00
1660.00 1186.00
431.00 1196.00
1500.00 1214.00
374.00 1199.00
1174.00 1242.00
1089.00 1253.00
1768.00 1241.00
1130.00 1256.00
1369.00 1290.00
1196.00 1287.00
803.00 1288.00
187.00 1273.00
429.00 1293.00
1243.00 1323.00
1666.00 1379.00
38.00 1335.00
161.00 1400.00
11.00 1380.00
1010.00 1412.00
790.00 1376.00
311.00 1425.00
120.00 1450.00
187.00 1467.00
522.00 1471.00
1170.00 1477.00
230.00 1478.00
271.00 1479.00
1401.00 1488.00
207.00 1528.00
1098.00 1530.00
1459.00 1541.00
1581.00 1560.00
548.00 1515.00
1066.00 1575.00
80.00 1553.00
1404.00 1573.00
281.00 1579.00
157.00 1587.00
1200.00 1587.00
1244.00 1586.00
1085.00 1627.00
14.00 1641.00
1539.00 1644.00
1510.00 1697.00
454.00 1703.00
736.00 1742.00
25.00 1717.00
346.00 1740.00
216.00 1738.00
959.00 1751.00
97.00 1799.00
646.00 1789.00
430.00 1800.00
295.00 1802.00
356.00 1842.00
51.00 1864.00
883.00 1842.00
18.00 1797.00
593.00 1848.00
1519.00 1918.00
1563.00 1925.00
1607.00 1924.00
1462.00 1923.00
1287.00 1888.00
1037.00 2032.00
1001.00 2115.00
1357.00 2123.00
1052.00 2181.00
1011.00 2305.00
72.00 2445.00
1598.00 2805.00
