1580.00 775.00
1393.00 917.00
867.00 1031.00
1175.00 1015.00
1621.00 927.00
1721.00 918.00
1395.00 1032.00
1150.00 1079.00
1206.00 1107.00
1151.00 1133.00
1065.00 1153.00
1533.00 1118.00
1638.00 1191.00
1069.00 1284.00
1150.00 1255.00
1257.00 1278.00
935.00 1335.00
1402.00 1283.00
1151.00 1305.00
1068.00 1346.00
1298.00 1310.00
1150.00 1369.00
1734.00 1364.00
1403.00 1452.00
1158.00 1431.00
1151.00 1502.00
1981.00 1372.00
1772.00 1405.00
1537.00 1469.00
1404.00 1495.00
1525.00 1513.00
1740.00 1495.00
1408.00 1548.00
1644.00 1524.00
1816.00 1559.00
1749.00 1643.00
1739.00 2538.00
