1555.00 32.00
1640.00 152.00
882.00 318.00
1544.00 210.00
1605.00 241.00
1782.00 296.00
899.00 388.00
1727.00 304.00
1271.00 372.00
1743.00 368.00
1046.00 503.00
1671.00 544.00
1265.00 733.00
2094.00 695.00
522.00 812.00
1897.00 720.00
603.00 895.00
1489.00 874.00
2064.00 847.00
1181.00 1002.00
1651.00 979.00
1132.00 1066.00
822.00 1108.00
1030.00 1094.00
581.00 1122.00
627.00 1122.00
691.00 1123.00
1089.00 1122.00
1193.00 1112.00
900.00 1148.00
1141.00 1137.00
1013.00 1148.00
781.00 1174.00
949.00 1168.00
631.00 1184.00
719.00 1181.00
588.00 1200.00
900.00 1197.00
1472.00 1171.00
2091.00 1162.00
1647.00 1193.00
1692.00 1192.00
1738.00 1189.00
923.00 1248.00
1051.00 1242.00
1270.00 1228.00
1094.00 1246.00
975.00 1279.00
1741.00 1261.00
1874.00 1258.00
903.00 1299.00
845.00 1323.00
1340.00 1312.00
2018.00 1311.00
1130.00 1330.00
2084.00 1320.00
991.00 1351.00
1488.00 1340.00
1255.00 1354.00
1723.00 1364.00
1946.00 1349.00
1406.00 1361.00
532.00 1385.00
2043.00 1359.00
830.00 1395.00
1364.00 1371.00
1891.00 1386.00
902.00 1416.00
2014.00 1406.00
1963.00 1416.00
2080.00 1424.00
1420.00 1439.00
1601.00 1439.00
642.00 1457.00
1893.00 1440.00
1559.00 1464.00
666.00 1498.00
1985.00 1488.00
908.00 1487.00
2087.00 1491.00
1901.00 1521.00
2126.00 1538.00
1992.00 1543.00
1568.00 1591.00
1482.00 1592.00
2131.00 1600.00
1832.00 1612.00
1963.00 1609.00
2057.00 1614.00
772.00 1620.00
1642.00 1620.00
1548.00 1651.00
2132.00 1643.00
598.00 1656.00
642.00 1660.00
1836.00 1680.00
1544.00 1714.00
1564.00 1755.00
1563.00 1860.00
1640.00 1880.00
1483.00 1928.00
672.00 1902.00
1188.00 1927.00
2135.00 1949.00
1597.00 1944.00
1772.00 1956.00
1851.00 2036.00
2008.00 2032.00
2056.00 2069.00
1856.00 2103.00
1961.00 2093.00
718.00 2058.00
1713.00 2100.00
637.00 2083.00
1268.00 2120.00
538.00 2093.00
1860.00 2152.00
1461.00 2154.00
1893.00 2208.00
1656.00 2217.00
1083.00 2244.00
2114.00 2311.00
935.00 2421.00
1838.00 2511.00
