1421.00 431.00
854.00 361.00
380.00 295.00
797.00 376.00
492.00 346.00
314.00 368.00
1777.00 546.00
1185.00 455.00
1125.00 487.00
369.00 417.00
1793.00 654.00
517.00 503.00
464.00 528.00
128.00 516.00
684.00 539.00
313.00 526.00
1694.00 704.00
222.00 564.00
611.00 629.00
363.00 613.00
682.00 629.00
1119.00 656.00
217.00 622.00
560.00 611.00
287.00 670.00
237.00 680.00
363.00 705.00
317.00 715.00
679.00 730.00
260.00 741.00
385.00 769.00
848.00 783.00
435.00 789.00
1612.00 883.00
271.00 804.00
219.00 826.00
919.00 827.00
515.00 828.00
551.00 898.00
1489.00 968.00
1257.00 952.00
941.00 920.00
199.00 920.00
300.00 918.00
986.00 960.00
751.00 930.00
672.00 970.00
183.00 961.00
906.00 961.00
1343.00 1044.00
1028.00 998.00
136.00 971.00
248.00 983.00
1077.00 997.00
670.00 1015.00
486.00 1024.00
190.00 1052.00
253.00 1057.00
670.00 1056.00
1551.00 1150.00
897.00 1078.00
251.00 1102.00
322.00 1081.00
472.00 1127.00
1175.00 1130.00
185.00 1128.00
668.00 1144.00
412.00 1142.00
932.00 1123.00
292.00 1167.00
1524.00 1194.00
137.00 1155.00
1015.00 1169.00
445.00 1198.00
1214.00 1213.00
164.00 1210.00
1087.00 1221.00
1152.00 1203.00
628.00 1241.00
459.00 1272.00
1237.00 1261.00
1126.00 1265.00
174.00 1279.00
397.00 1296.00
133.00 1252.00
1415.00 1350.00
969.00 1331.00
565.00 1381.00
1159.00 1349.00
1215.00 1384.00
1477.00 1414.00
521.00 1382.00
1293.00 1410.00
329.00 1399.00
439.00 1450.00
1590.00 1496.00
1179.00 1482.00
1371.00 1534.00
429.00 1543.00
966.00 1545.00
901.00 1551.00
1071.00 1605.00
347.00 1601.00
283.00 1605.00
391.00 1616.00
1051.00 1653.00
386.00 1673.00
799.00 1705.00
210.00 1695.00
430.00 1718.00
779.00 1780.00
221.00 1757.00
129.00 1762.00
832.00 1807.00
712.00 1792.00
174.00 1781.00
611.00 1829.00
555.00 1845.00
1341.00 1811.00
215.00 1839.00
805.00 1917.00
381.00 1946.00
185.00 1913.00
996.00 1971.00
333.00 1915.00
786.00 2041.00
559.00 2042.00
827.00 2045.00
344.00 2065.00
912.00 2143.00
198.00 2124.00
394.00 2175.00
240.00 2179.00
199.00 2216.00
426.00 2241.00
506.00 2296.00
137.00 2403.00
568.00 2436.00
883.00 2433.00
