1872.00 79.00
1760.00 150.00
646.00 413.00
1472.00 297.00
1643.00 310.00
370.00 434.00
776.00 461.00
405.00 523.00
1082.00 495.00
1258.00 519.00
1485.00 577.00
1024.00 577.00
610.00 634.00
1297.00 602.00
1356.00 609.00
182.00 639.00
1794.00 523.00
761.00 587.00
702.00 616.00
488.00 662.00
632.00 690.00
796.00 664.00
1251.00 708.00
690.00 735.00
1446.00 721.00
1533.00 725.00
374.00 744.00
784.00 723.00
861.00 728.00
915.00 731.00
636.00 751.00
1150.00 746.00
1024.00 740.00
1534.00 776.00
370.00 848.00
792.00 825.00
893.00 835.00
975.00 817.00
1083.00 886.00
731.00 892.00
950.00 904.00
772.00 903.00
1277.00 914.00
1346.00 916.00
573.00 907.00
488.00 929.00
285.00 906.00
656.00 927.00
406.00 929.00
1133.00 961.00
533.00 963.00
594.00 965.00
1344.00 957.00
902.00 975.00
948.00 975.00
1036.00 978.00
1460.00 971.00
126.00 958.00
30.00 1012.00
806.00 970.00
1184.00 1022.00
399.00 1033.00
1515.00 1004.00
572.00 1035.00
623.00 1037.00
526.00 1036.00
1004.00 1047.00
763.00 1070.00
860.00 1072.00
907.00 1070.00
1036.00 1108.00
1111.00 1086.00
642.00 1094.00
1259.00 1135.00
395.00 1108.00
958.00 1140.00
866.00 1140.00
1044.00 1153.00
1140.00 1150.00
1196.00 1162.00
803.00 1166.00
271.00 1173.00
543.00 1186.00
482.00 1200.00
879.00 1212.00
1155.00 1206.00
711.00 1197.00
634.00 1223.00
816.00 1233.00
1010.00 1242.00
1051.00 1245.00
1523.00 1262.00
436.00 1243.00
539.00 1273.00
735.00 1255.00
1157.00 1272.00
807.00 1276.00
640.00 1264.00
966.00 1293.00
872.00 1288.00
305.00 1285.00
235.00 1288.00
1399.00 1314.00
1552.00 1323.00
1069.00 1319.00
771.00 1340.00
937.00 1353.00
983.00 1338.00
696.00 1369.00
529.00 1346.00
485.00 1373.00
773.00 1383.00
628.00 1382.00
1295.00 1376.00
296.00 1372.00
399.00 1381.00
831.00 1394.00
894.00 1407.00
947.00 1407.00
1449.00 1390.00
720.00 1413.00
1034.00 1435.00
677.00 1431.00
609.00 1451.00
1698.00 1432.00
765.00 1446.00
1194.00 1428.00
822.00 1455.00
972.00 1453.00
1039.00 1499.00
1296.00 1483.00
981.00 1500.00
829.00 1508.00
786.00 1530.00
728.00 1535.00
672.00 1536.00
1051.00 1565.00
966.00 1564.00
839.00 1559.00
771.00 1595.00
701.00 1639.00
514.00 1650.00
1346.00 1669.00
1101.00 1677.00
601.00 1674.00
668.00 1699.00
975.00 1739.00
1544.00 1719.00
1401.00 1720.00
1487.00 1753.00
752.00 1758.00
1284.00 1787.00
808.00 1800.00
1443.00 1801.00
1155.00 1795.00
1026.00 1807.00
1515.00 1834.00
1639.00 1849.00
904.00 1861.00
708.00 1875.00
1077.00 1872.00
978.00 1841.00
1477.00 1906.00
1300.00 1913.00
512.00 1974.00
1639.00 2001.00
730.00 1944.00
1071.00 1965.00
940.00 1968.00
1208.00 2039.00
1961.00 2129.00
