1912.00 227.00
2055.00 208.00
1333.00 450.00
1551.00 370.00
2032.00 298.00
1455.00 602.00
1343.00 691.00
2134.00 553.00
1747.00 685.00
1365.00 788.00
1887.00 660.00
2002.00 614.00
1452.00 794.00
1857.00 834.00
1448.00 925.00
1457.00 1000.00
1543.00 983.00
1613.00 970.00
751.00 1143.00
1203.00 1056.00
1291.00 1054.00
1402.00 1062.00
1660.00 1029.00
2009.00 950.00
1463.00 1067.00
1038.00 1154.00
1863.00 1004.00
1288.00 1151.00
1220.00 1180.00
1833.00 1102.00
2037.00 1127.00
1786.00 1199.00
1491.00 1262.00
1250.00 1370.00
1750.00 1244.00
1823.00 1242.00
1962.00 1255.00
2149.00 1238.00
1311.00 1414.00
2080.00 1241.00
1001.00 1456.00
2057.00 1322.00
1362.00 1460.00
1791.00 1426.00
1470.00 1471.00
1502.00 1518.00
1092.00 1646.00
1197.00 1648.00
1619.00 1564.00
1707.00 1581.00
1803.00 1585.00
1263.00 1669.00
1578.00 1620.00
1791.00 1634.00
1895.00 1610.00
1714.00 1668.00
1366.00 1700.00
1543.00 1810.00
1727.00 1844.00
1781.00 1852.00
1671.00 1860.00
1728.00 1901.00
1783.00 1896.00
1247.00 1992.00
1679.00 1988.00
1825.00 2013.00
1196.00 2054.00
1661.00 2046.00
1768.00 2077.00
1662.00 2096.00
1608.00 2096.00
1260.00 2109.00
1799.00 2129.00
1212.00 2121.00
1378.00 2141.00
1454.00 2158.00
1688.00 2171.00
1295.00 2164.00
1046.00 2234.00
1104.00 2280.00
1640.00 2353.00
1750.00 2385.00
1685.00 2394.00
1050.00 2319.00
1413.00 2407.00
1666.00 2462.00
1272.00 2515.00
