831.00 233.00
432.00 333.00
811.00 308.00
1676.00 329.00
1524.00 395.00
1387.00 450.00
2128.00 473.00
1659.00 510.00
979.00 555.00
1604.00 520.00
1020.00 552.00
1090.00 668.00
807.00 688.00
1014.00 671.00
627.00 725.00
1502.00 683.00
1154.00 715.00
1442.00 702.00
1936.00 708.00
1385.00 716.00
1091.00 728.00
1156.00 771.00
1029.00 783.00
1092.00 771.00
430.00 841.00
188.00 898.00
1669.00 831.00
781.00 881.00
1793.00 829.00
1742.00 844.00
943.00 927.00
1158.00 903.00
186.00 958.00
227.00 960.00
1425.00 901.00
1641.00 872.00
710.00 969.00
1580.00 890.00
1783.00 880.00
554.00 1004.00
307.00 1001.00
1097.00 987.00
1600.00 938.00
495.00 1029.00
183.00 1032.00
1781.00 937.00
411.00 1024.00
708.00 1020.00
1826.00 954.00
1160.00 1012.00
779.00 1016.00
494.00 1073.00
1097.00 1030.00
1315.00 1012.00
745.00 1078.00
1843.00 997.00
1228.00 1040.00
177.00 1117.00
492.00 1114.00
231.00 1131.00
930.00 1097.00
1814.00 1059.00
746.00 1127.00
2139.00 1062.00
294.00 1148.00
685.00 1140.00
869.00 1132.00
1633.00 1099.00
1369.00 1147.00
678.00 1183.00
1233.00 1190.00
352.00 1231.00
1661.00 1180.00
1180.00 1202.00
2110.00 1181.00
464.00 1219.00
245.00 1278.00
1298.00 1231.00
170.00 1249.00
1843.00 1223.00
1664.00 1240.00
1026.00 1286.00
694.00 1307.00
223.00 1320.00
2048.00 1273.00
2118.00 1293.00
797.00 1332.00
460.00 1355.00
595.00 1361.00
743.00 1373.00
276.00 1408.00
2077.00 1336.00
2028.00 1348.00
1311.00 1389.00
1106.00 1392.00
421.00 1398.00
2134.00 1391.00
782.00 1417.00
1584.00 1418.00
1883.00 1424.00
1667.00 1435.00
483.00 1479.00
2091.00 1411.00
1480.00 1444.00
282.00 1461.00
214.00 1462.00
883.00 1457.00
1424.00 1482.00
747.00 1516.00
2098.00 1508.00
599.00 1544.00
241.00 1537.00
906.00 1536.00
672.00 1551.00
296.00 1573.00
1320.00 1558.00
2042.00 1550.00
835.00 1566.00
1112.00 1570.00
1892.00 1563.00
780.00 1575.00
630.00 1597.00
672.00 1598.00
1476.00 1593.00
1262.00 1598.00
1962.00 1576.00
2119.00 1595.00
1765.00 1604.00
749.00 1616.00
303.00 1627.00
1074.00 1634.00
1905.00 1659.00
175.00 1639.00
1379.00 1663.00
1507.00 1656.00
1764.00 1689.00
1183.00 1719.00
1541.00 1759.00
1096.00 1740.00
2052.00 1765.00
1761.00 1797.00
1183.00 1829.00
1492.00 1842.00
1267.00 1842.00
1829.00 1857.00
1900.00 1847.00
181.00 1857.00
1774.00 1869.00
1642.00 1916.00
1203.00 1914.00
1986.00 1925.00
1167.00 2199.00
235.00 2626.00
