1811.00 512.00
538.00 507.00
1426.00 552.00
1188.00 563.00
2027.00 562.00
1230.00 589.00
1979.00 609.00
958.00 694.00
2053.00 718.00
484.00 625.00
2082.00 948.00
2023.00 970.00
1407.00 882.00
1949.00 989.00
1896.00 1004.00
2026.00 1029.00
1854.00 1016.00
1540.00 977.00
1801.00 1032.00
1868.00 1147.00
1809.00 1139.00
38.00 1201.00
1820.00 1254.00
1995.00 1276.00
713.00 1212.00
1269.00 1281.00
47.00 1251.00
1828.00 1335.00
375.00 1279.00
1714.00 1347.00
1603.00 1363.00
2032.00 1454.00
1972.00 1487.00
1305.00 1424.00
1968.00 1530.00
1918.00 1536.00
1674.00 1549.00
1288.00 1556.00
1854.00 1599.00
1535.00 1592.00
1933.00 1648.00
1785.00 1652.00
2040.00 1708.00
141.00 1774.00
1034.00 1720.00
1862.00 1722.00
1315.00 1755.00
228.00 1829.00
608.00 1861.00
116.00 1905.00
1611.00 1848.00
246.00 1918.00
1131.00 1886.00
572.00 1921.00
1330.00 1907.00
381.00 1962.00
1212.00 1929.00
945.00 1958.00
609.00 1988.00
673.00 1985.00
1948.00 1957.00
1827.00 1973.00
1781.00 1983.00
1633.00 1992.00
1434.00 2012.00
2035.00 2000.00
1111.00 2050.00
1037.00 2059.00
725.00 2091.00
639.00 2107.00
229.00 2151.00
50.00 2175.00
1582.00 2073.00
1939.00 2086.00
1654.00 2104.00
1138.00 2135.00
994.00 2154.00
585.00 2218.00
2043.00 2128.00
1202.00 2197.00
1774.00 2198.00
1135.00 2249.00
1240.00 2269.00
760.00 2325.00
1464.00 2277.00
236.00 2425.00
1307.00 2318.00
1143.00 2361.00
1921.00 2339.00
1815.00 2356.00
1702.00 2439.00
1589.00 2460.00
1630.00 2464.00
1499.00 2515.00
1356.00 2571.00
1036.00 2699.00
1224.00 2704.00
