640.00 431.00
649.00 505.00
719.00 604.00
615.00 616.00
703.00 709.00
659.00 700.00
685.00 801.00
961.00 931.00
713.00 1026.00
793.00 1073.00
810.00 1133.00
152.00 1014.00
655.00 1163.00
781.00 1218.00
824.00 1246.00
1079.00 1313.00
807.00 1303.00
455.00 1242.00
967.00 1363.00
639.00 1339.00
238.00 1280.00
964.00 1427.00
284.00 1326.00
665.00 1392.00
352.00 1352.00
528.00 1427.00
891.00 1474.00
575.00 1450.00
1071.00 1536.00
464.00 1471.00
545.00 1505.00
850.00 1519.00
11.00 1465.00
914.00 1562.00
283.00 1569.00
824.00 1616.00
337.00 1670.00
713.00 1702.00
