1347.00 267.00
996.00 370.00
1095.00 407.00
1095.00 474.00
613.00 444.00
1013.00 633.00
1182.00 673.00
898.00 654.00
1529.00 757.00
909.00 708.00
1028.00 793.00
1619.00 867.00
1920.00 902.00
804.00 813.00
995.00 838.00
1058.00 882.00
1631.00 928.00
395.00 847.00
891.00 900.00
974.00 914.00
730.00 917.00
1264.00 971.00
1575.00 975.00
1150.00 970.00
808.00 962.00
880.00 984.00
1931.00 1052.00
130.00 932.00
778.00 1043.00
1417.00 1080.00
1599.00 1095.00
1181.00 1127.00
1922.00 1181.00
1698.00 1168.00
1487.00 1168.00
1837.00 1197.00
1786.00 1215.00
1386.00 1178.00
1642.00 1212.00
1078.00 1187.00
1784.00 1263.00
1537.00 1257.00
1177.00 1249.00
687.00 1249.00
496.00 1192.00
541.00 1248.00
1007.00 1270.00
595.00 1263.00
1255.00 1323.00
1756.00 1381.00
538.00 1310.00
1869.00 1400.00
1621.00 1413.00
719.00 1356.00
938.00 1419.00
998.00 1434.00
597.00 1437.00
1293.00 1498.00
759.00 1435.00
1351.00 1499.00
1469.00 1534.00
1185.00 1555.00
1412.00 1614.00
816.00 1584.00
1651.00 1672.00
978.00 1630.00
1118.00 1711.00
1421.00 1755.00
1058.00 1739.00
838.00 1729.00
1111.00 1777.00
1002.00 1831.00
1461.00 1991.00
1647.00 2146.00
