654.00 39.00
1174.00 133.00
1889.00 266.00
296.00 37.00
643.00 89.00
684.00 102.00
1209.00 185.00
1125.00 173.00
1055.00 177.00
1336.00 249.00
1669.00 360.00
1398.00 354.00
1081.00 275.00
1029.00 332.00
1124.00 349.00
108.00 255.00
1032.00 378.00
1470.00 461.00
1124.00 419.00
1221.00 448.00
1737.00 471.00
1547.00 500.00
1034.00 465.00
14.00 359.00
581.00 389.00
1079.00 496.00
1937.00 597.00
1125.00 543.00
1286.00 560.00
213.00 449.00
1510.00 591.00
1567.00 604.00
1680.00 654.00
1908.00 683.00
1075.00 630.00
1186.00 637.00
108.00 530.00
208.00 536.00
2057.00 735.00
1543.00 671.00
1214.00 711.00
1034.00 680.00
1398.00 728.00
1921.00 773.00
122.00 619.00
222.00 645.00
1246.00 783.00
1809.00 778.00
1032.00 740.00
310.00 681.00
382.00 699.00
1824.00 826.00
1484.00 810.00
1740.00 857.00
1160.00 777.00
1442.00 835.00
1582.00 863.00
322.00 737.00
12.00 730.00
379.00 750.00
1378.00 864.00
1047.00 818.00
1128.00 847.00
291.00 782.00
1169.00 855.00
1531.00 878.00
222.00 786.00
1248.00 892.00
966.00 924.00
1923.00 960.00
18.00 876.00
1766.00 985.00
1452.00 975.00
1940.00 1001.00
2087.00 1028.00
1818.00 1026.00
1399.00 1011.00
1726.00 1031.00
70.00 949.00
682.00 1013.00
1418.00 1053.00
34.00 993.00
1362.00 1058.00
1674.00 1075.00
1037.00 1063.00
1946.00 1102.00
160.00 1030.00
1598.00 1102.00
455.00 1070.00
1860.00 1149.00
1738.00 1146.00
1678.00 1155.00
1623.00 1173.00
1131.00 1175.00
1752.00 1194.00
2082.00 1220.00
1016.00 1190.00
1626.00 1217.00
1228.00 1274.00
1721.00 1262.00
1164.00 1262.00
2120.00 1297.00
1091.00 1290.00
1009.00 1292.00
2073.00 1316.00
1524.00 1309.00
2003.00 1320.00
561.00 1295.00
884.00 1326.00
1964.00 1385.00
1573.00 1387.00
1300.00 1403.00
1695.00 1415.00
2085.00 1428.00
556.00 1434.00
1155.00 1454.00
977.00 1456.00
1216.00 1470.00
1591.00 1503.00
1836.00 1505.00
1505.00 1515.00
547.00 1527.00
1883.00 1518.00
1081.00 1524.00
2002.00 1528.00
936.00 1540.00
1931.00 1531.00
2107.00 1531.00
1183.00 1549.00
1285.00 1558.00
546.00 1573.00
629.00 1586.00
2057.00 1568.00
855.00 1594.00
1375.00 1588.00
1416.00 1611.00
1798.00 1612.00
738.00 1653.00
2095.00 1615.00
2044.00 1660.00
826.00 1715.00
372.00 1741.00
1229.00 1746.00
581.00 1789.00
1259.00 1790.00
2011.00 1773.00
578.00 1852.00
1526.00 1843.00
715.00 1883.00
847.00 1882.00
238.00 1928.00
623.00 1922.00
364.00 1952.00
1922.00 1878.00
665.00 1953.00
1331.00 1929.00
840.00 1970.00
2112.00 1900.00
2006.00 1951.00
734.00 2006.00
560.00 2017.00
935.00 2012.00
2102.00 1948.00
817.00 2032.00
1266.00 2027.00
1088.00 2074.00
