1390.00 563.00
619.00 420.00
1266.00 642.00
1213.00 656.00
515.00 512.00
1200.00 735.00
1106.00 699.00
1000.00 707.00
544.00 621.00
597.00 655.00
1449.00 850.00
1152.00 787.00
82.00 561.00
1065.00 775.00
927.00 751.00
735.00 725.00
315.00 654.00
1401.00 877.00
1360.00 863.00
168.00 643.00
487.00 762.00
1062.00 853.00
223.00 703.00
1008.00 875.00
541.00 814.00
942.00 885.00
1296.00 973.00
1250.00 975.00
514.00 884.00
1085.00 1016.00
1460.00 1054.00
211.00 914.00
437.00 942.00
722.00 970.00
1200.00 1045.00
1052.00 1132.00
746.00 1133.00
539.00 1092.00
876.00 1151.00
1038.00 1213.00
968.00 1207.00
908.00 1203.00
539.00 1172.00
673.00 1220.00
1094.00 1299.00
770.00 1281.00
831.00 1246.00
457.00 1242.00
303.00 1238.00
775.00 1337.00
1101.00 1361.00
459.00 1339.00
1148.00 1405.00
105.00 1304.00
397.00 1336.00
948.00 1393.00
560.00 1396.00
610.00 1410.00
1104.00 1448.00
308.00 1400.00
353.00 1416.00
952.00 1459.00
123.00 1386.00
508.00 1435.00
901.00 1466.00
8.00 1410.00
709.00 1486.00
158.00 1480.00
212.00 1482.00
562.00 1521.00
509.00 1519.00
887.00 1557.00
457.00 1532.00
842.00 1520.00
685.00 1534.00
1436.00 1642.00
1128.00 1569.00
190.00 1550.00
99.00 1547.00
676.00 1586.00
283.00 1603.00
284.00 1647.00
312.00 1750.00
621.00 1741.00
832.00 1754.00
302.00 1791.00
698.00 1825.00
406.00 1859.00
786.00 1826.00
984.00 1955.00
620.00 1973.00
930.00 2005.00
792.00 2011.00
553.00 2051.00
268.00 2061.00
790.00 2123.00
375.00 2156.00
59.00 2180.00
300.00 2236.00
432.00 2226.00
1123.00 2221.00
313.00 2294.00
882.00 2244.00
524.00 2343.00
1081.00 2561.00
