1247.00 68.00
1740.00 176.00
121.00 115.00
236.00 155.00
1900.00 331.00
1420.00 296.00
1259.00 306.00
355.00 235.00
1781.00 303.00
40.00 274.00
1078.00 384.00
1963.00 458.00
1432.00 490.00
1269.00 487.00
1286.00 538.00
1958.00 570.00
2011.00 552.00
1401.00 647.00
1984.00 653.00
1654.00 681.00
1000.00 682.00
1148.00 723.00
36.00 691.00
2113.00 751.00
1812.00 767.00
1528.00 763.00
1284.00 756.00
463.00 729.00
1579.00 792.00
582.00 809.00
850.00 783.00
2091.00 807.00
1414.00 850.00
2135.00 794.00
1455.00 855.00
1036.00 871.00
2107.00 864.00
1931.00 883.00
1213.00 884.00
1420.00 930.00
1698.00 896.00
1890.00 927.00
2131.00 908.00
1821.00 960.00
578.00 986.00
193.00 946.00
524.00 966.00
731.00 942.00
1920.00 986.00
1708.00 1010.00
1558.00 1033.00
1806.00 1050.00
1884.00 1041.00
1925.00 1036.00
1192.00 1053.00
1421.00 1083.00
2101.00 1075.00
521.00 1131.00
1004.00 1117.00
936.00 1145.00
1778.00 1134.00
1423.00 1156.00
758.00 1120.00
1638.00 1137.00
887.00 1165.00
597.00 1178.00
1837.00 1144.00
1426.00 1202.00
1658.00 1203.00
1723.00 1193.00
1183.00 1221.00
821.00 1244.00
2040.00 1220.00
1430.00 1254.00
1481.00 1254.00
1136.00 1235.00
1229.00 1224.00
878.00 1301.00
1966.00 1254.00
541.00 1281.00
836.00 1290.00
1307.00 1283.00
1925.00 1301.00
987.00 1274.00
734.00 1327.00
839.00 1373.00
154.00 1363.00
502.00 1346.00
1248.00 1322.00
943.00 1396.00
1151.00 1340.00
890.00 1364.00
1438.00 1377.00
1042.00 1344.00
703.00 1386.00
560.00 1358.00
1934.00 1364.00
1706.00 1378.00
501.00 1421.00
1633.00 1394.00
1245.00 1384.00
1133.00 1404.00
651.00 1445.00
1740.00 1437.00
969.00 1459.00
1230.00 1476.00
1916.00 1432.00
751.00 1484.00
419.00 1512.00
1047.00 1473.00
840.00 1476.00
2151.00 1451.00
1133.00 1472.00
687.00 1497.00
1793.00 1490.00
1867.00 1492.00
1462.00 1514.00
1488.00 1558.00
984.00 1557.00
800.00 1599.00
1064.00 1604.00
1961.00 1561.00
1303.00 1615.00
1807.00 1613.00
1209.00 1689.00
499.00 1728.00
670.00 1706.00
1065.00 1680.00
1164.00 1668.00
872.00 1733.00
1976.00 1661.00
951.00 1734.00
1280.00 1693.00
1137.00 1775.00
1430.00 1697.00
754.00 1755.00
940.00 1776.00
1066.00 1737.00
1194.00 1740.00
1178.00 1793.00
1453.00 1784.00
1012.00 1815.00
1339.00 1842.00
1696.00 1812.00
1140.00 1850.00
1810.00 1847.00
1342.00 1891.00
1794.00 1899.00
899.00 1975.00
1016.00 1981.00
1153.00 1964.00
1558.00 1961.00
1476.00 1964.00
1147.00 2044.00
903.00 2042.00
2024.00 1980.00
1562.00 2018.00
1089.00 2053.00
1350.00 2043.00
1284.00 2037.00
889.00 2090.00
1678.00 2081.00
1566.00 2080.00
1212.00 2069.00
1350.00 2093.00
1983.00 2088.00
1882.00 2136.00
2012.00 2129.00
1272.00 2222.00
1813.00 2191.00
1355.00 2196.00
1878.00 2200.00
1720.00 2211.00
688.00 2284.00
1577.00 2281.00
1364.00 2282.00
1304.00 2341.00
1434.00 2352.00
1128.00 2375.00
734.00 2506.00
