548.00 251.00
1632.00 46.00
1030.00 66.00
866.00 207.00
496.00 359.00
867.00 279.00
1451.00 170.00
1322.00 164.00
1272.00 163.00
623.00 390.00
982.00 314.00
421.00 492.00
1287.00 316.00
396.00 563.00
921.00 438.00
2004.00 483.00
1360.00 386.00
318.00 644.00
394.00 610.00
2133.00 540.00
926.00 524.00
728.00 573.00
1966.00 547.00
316.00 715.00
601.00 673.00
872.00 579.00
1336.00 483.00
398.00 698.00
1206.00 572.00
576.00 750.00
414.00 780.00
219.00 802.00
480.00 851.00
1995.00 646.00
1211.00 644.00
438.00 829.00
1870.00 681.00
1062.00 681.00
312.00 891.00
164.00 904.00
1925.00 753.00
994.00 761.00
1838.00 770.00
310.00 940.00
491.00 922.00
380.00 973.00
1481.00 774.00
308.00 981.00
587.00 977.00
2147.00 815.00
959.00 872.00
1698.00 843.00
660.00 1008.00
1587.00 871.00
1267.00 852.00
1879.00 872.00
72.00 1067.00
307.00 1041.00
1118.00 890.00
1061.00 906.00
1337.00 879.00
1009.00 933.00
924.00 952.00
1491.00 958.00
668.00 1097.00
1114.00 971.00
1277.00 960.00
1696.00 1006.00
1354.00 956.00
993.00 990.00
1226.00 987.00
1960.00 961.00
878.00 1046.00
2150.00 1031.00
725.00 1164.00
2044.00 1031.00
982.00 1090.00
1284.00 1078.00
1061.00 1068.00
1128.00 1087.00
1179.00 1079.00
1622.00 1111.00
503.00 1221.00
61.00 1238.00
1704.00 1125.00
151.00 1243.00
745.00 1240.00
270.00 1241.00
1207.00 1131.00
1111.00 1144.00
1039.00 1159.00
2063.00 1124.00
1496.00 1169.00
221.00 1299.00
1776.00 1171.00
880.00 1226.00
951.00 1218.00
1027.00 1217.00
566.00 1327.00
1711.00 1208.00
346.00 1336.00
58.00 1349.00
484.00 1347.00
1494.00 1227.00
1646.00 1250.00
145.00 1365.00
2107.00 1263.00
2039.00 1277.00
1850.00 1289.00
74.00 1425.00
1230.00 1304.00
1302.00 1308.00
1078.00 1313.00
2087.00 1318.00
1503.00 1362.00
2145.00 1349.00
1255.00 1372.00
64.00 1515.00
1401.00 1374.00
533.00 1505.00
1159.00 1429.00
1216.00 1432.00
869.00 1495.00
1506.00 1434.00
2104.00 1407.00
114.00 1567.00
1372.00 1423.00
1409.00 1534.00
1517.00 1543.00
1800.00 1569.00
1937.00 1574.00
2040.00 1572.00
1738.00 1600.00
1117.00 1619.00
1006.00 1655.00
1873.00 1645.00
1416.00 1641.00
1712.00 1650.00
2107.00 1682.00
1487.00 1704.00
1419.00 1708.00
2151.00 1696.00
1212.00 1727.00
133.00 1797.00
1364.00 1777.00
1421.00 1782.00
1224.00 1790.00
1730.00 1787.00
1881.00 1770.00
1284.00 1748.00
1738.00 1830.00
1269.00 1858.00
1843.00 1883.00
1721.00 1894.00
1306.00 1903.00
1167.00 1941.00
2106.00 1938.00
1330.00 1954.00
1853.00 1949.00
1501.00 1942.00
1226.00 1995.00
1747.00 2015.00
1492.00 2063.00
1928.00 2053.00
1136.00 2092.00
1263.00 2081.00
995.00 2104.00
746.00 2135.00
1554.00 2164.00
1442.00 2180.00
835.00 2195.00
1520.00 2295.00
1628.00 2259.00
670.00 2291.00
1174.00 2321.00
1372.00 2348.00
1112.00 2355.00
1495.00 2371.00
1254.00 2402.00
20.00 2353.00
1077.00 2438.00
934.00 2439.00
1574.00 2471.00
1520.00 2551.00
123.00 2483.00
840.00 2629.00
523.00 2518.00
1915.00 2677.00
1643.00 2679.00
1729.00 2651.00
1586.00 2694.00
1052.00 2742.00
655.00 2762.00
1364.00 2814.00
1590.00 2771.00
2100.00 2798.00
1960.00 2839.00
