1708.00 413.00
1710.00 457.00
704.00 264.00
1464.00 449.00
1378.00 431.00
1715.00 513.00
1243.00 419.00
1550.00 526.00
1380.00 485.00
1232.00 502.00
1381.00 545.00
663.00 257.00
1494.00 581.00
1681.00 644.00
1384.00 606.00
1452.00 620.00
1453.00 681.00
1455.00 735.00
1099.00 671.00
1310.00 717.00
770.00 650.00
1228.00 719.00
1519.00 783.00
1094.00 735.00
951.00 738.00
1458.00 827.00
1068.00 787.00
1400.00 846.00
883.00 769.00
1191.00 801.00
1532.00 857.00
1614.00 912.00
1403.00 929.00
1678.00 955.00
763.00 824.00
1604.00 987.00
704.00 850.00
1317.00 948.00
1465.00 1035.00
1214.00 973.00
701.00 925.00
1161.00 980.00
1318.00 992.00
974.00 991.00
643.00 951.00
600.00 918.00
595.00 976.00
1560.00 1098.00
1466.00 1093.00
999.00 1035.00
1626.00 1104.00
1097.00 1061.00
1257.00 1093.00
1704.00 1162.00
1307.00 1112.00
1193.00 1113.00
367.00 1001.00
1245.00 1136.00
788.00 1081.00
1132.00 1131.00
1432.00 1183.00
1488.00 1189.00
1580.00 1197.00
1192.00 1171.00
1056.00 1154.00
1145.00 1173.00
20.00 1045.00
1098.00 1173.00
308.00 1070.00
679.00 1136.00
1004.00 1170.00
1251.00 1203.00
768.00 1162.00
1185.00 1215.00
837.00 1182.00
1608.00 1269.00
1085.00 1214.00
1029.00 1225.00
1322.00 1251.00
133.00 1129.00
1433.00 1269.00
557.00 1186.00
289.00 1164.00
198.00 1164.00
379.00 1195.00
1048.00 1268.00
1492.00 1323.00
995.00 1280.00
951.00 1266.00
740.00 1256.00
11.00 1195.00
635.00 1273.00
1324.00 1325.00
347.00 1251.00
528.00 1255.00
1000.00 1326.00
1495.00 1374.00
580.00 1303.00
709.00 1317.00
655.00 1314.00
485.00 1324.00
989.00 1372.00
315.00 1313.00
1107.00 1367.00
650.00 1357.00
821.00 1378.00
1541.00 1442.00
1429.00 1413.00
578.00 1376.00
276.00 1372.00
168.00 1341.00
1476.00 1436.00
515.00 1388.00
967.00 1431.00
1594.00 1482.00
1161.00 1438.00
1303.00 1471.00
199.00 1397.00
1021.00 1427.00
1242.00 1464.00
411.00 1416.00
1438.00 1498.00
1551.00 1509.00
1065.00 1463.00
293.00 1423.00
1480.00 1533.00
1116.00 1493.00
1600.00 1525.00
140.00 1430.00
1315.00 1512.00
706.00 1469.00
888.00 1506.00
643.00 1457.00
991.00 1504.00
1645.00 1564.00
1597.00 1571.00
1555.00 1574.00
462.00 1503.00
867.00 1555.00
302.00 1496.00
61.00 1494.00
964.00 1558.00
1241.00 1578.00
1194.00 1590.00
1064.00 1596.00
310.00 1542.00
1485.00 1645.00
454.00 1592.00
1269.00 1626.00
1644.00 1665.00
128.00 1574.00
636.00 1628.00
404.00 1619.00
538.00 1627.00
775.00 1645.00
1443.00 1678.00
840.00 1671.00
1487.00 1693.00
81.00 1632.00
1246.00 1694.00
723.00 1673.00
294.00 1655.00
1086.00 1665.00
569.00 1692.00
150.00 1662.00
514.00 1685.00
1291.00 1707.00
1111.00 1719.00
802.00 1717.00
658.00 1697.00
1459.00 1739.00
758.00 1714.00
923.00 1723.00
1049.00 1728.00
797.00 1761.00
650.00 1752.00
752.00 1764.00
1471.00 1798.00
263.00 1738.00
634.00 1807.00
502.00 1806.00
392.00 1808.00
1337.00 1854.00
1278.00 1862.00
539.00 1873.00
1682.00 1888.00
642.00 1874.00
977.00 1879.00
1082.00 1895.00
1275.00 1910.00
480.00 1889.00
925.00 1916.00
1129.00 1907.00
1232.00 1921.00
1538.00 1935.00
789.00 1908.00
592.00 1918.00
744.00 1923.00
466.00 1934.00
1166.00 1970.00
924.00 1962.00
652.00 1968.00
969.00 1983.00
703.00 1964.00
228.00 1958.00
1286.00 1983.00
495.00 1975.00
1010.00 1986.00
870.00 1970.00
355.00 1971.00
636.00 2013.00
879.00 2025.00
1343.00 2035.00
1019.00 2033.00
1176.00 2043.00
1219.00 2046.00
686.00 2070.00
892.00 2074.00
1439.00 2095.00
1020.00 2105.00
1504.00 2100.00
1195.00 2100.00
635.00 2067.00
1590.00 2127.00
1506.00 2165.00
434.00 2104.00
748.00 2167.00
528.00 2189.00
1590.00 2173.00
430.00 2199.00
632.00 2176.00
1443.00 2197.00
746.00 2248.00
948.00 2222.00
1178.00 2192.00
1611.00 2248.00
1510.00 2260.00
629.00 2271.00
426.00 2302.00
745.00 2304.00
1019.00 2281.00
522.00 2321.00
932.00 2314.00
1179.00 2322.00
1480.00 2312.00
628.00 2343.00
295.00 2369.00
222.00 2336.00
144.00 2380.00
1535.00 2367.00
874.00 2394.00
85.00 2396.00
745.00 2367.00
751.00 2415.00
1019.00 2423.00
41.00 2437.00
82.00 2464.00
273.00 2443.00
1449.00 2432.00
333.00 2459.00
1181.00 2457.00
541.00 2500.00
1354.00 2493.00
71.00 2505.00
1027.00 2517.00
330.00 2555.00
1466.00 2476.00
985.00 2530.00
18.00 2503.00
73.00 2562.00
1518.00 2498.00
266.00 2572.00
1312.00 2541.00
612.00 2583.00
208.00 2590.00
167.00 2604.00
1520.00 2561.00
93.00 2621.00
1447.00 2578.00
727.00 2612.00
235.00 2643.00
1597.00 2598.00
1348.00 2618.00
173.00 2651.00
960.00 2635.00
100.00 2669.00
1138.00 2649.00
1322.00 2660.00
268.00 2707.00
1475.00 2657.00
915.00 2699.00
1179.00 2693.00
715.00 2721.00
1546.00 2671.00
956.00 2716.00
772.00 2772.00
241.00 2771.00
1097.00 2729.00
1585.00 2717.00
1047.00 2750.00
602.00 2839.00
811.00 2727.00
234.00 2863.00
993.00 2803.00
884.00 2823.00
