1643.00 68.00
1698.00 123.00
1642.00 123.00
1975.00 237.00
844.00 53.00
1543.00 307.00
493.00 185.00
1692.00 338.00
1126.00 238.00
1439.00 362.00
1870.00 393.00
1550.00 389.00
1474.00 415.00
686.00 350.00
751.00 500.00
1591.00 634.00
843.00 587.00
884.00 619.00
783.00 601.00
842.00 635.00
1496.00 686.00
1490.00 728.00
1303.00 723.00
130.00 598.00
655.00 640.00
128.00 656.00
319.00 732.00
1776.00 835.00
204.00 722.00
233.00 763.00
735.00 799.00
275.00 776.00
1145.00 810.00
1295.00 932.00
1336.00 944.00
751.00 919.00
1894.00 1019.00
880.00 987.00
790.00 974.00
1265.00 1004.00
1370.00 1037.00
1998.00 1090.00
936.00 1019.00
1415.00 1028.00
1483.00 1065.00
1008.00 1063.00
967.00 1094.00
1515.00 1120.00
2023.00 1149.00
2072.00 1140.00
1102.00 1128.00
1465.00 1115.00
1143.00 1119.00
1835.00 1187.00
815.00 1143.00
1012.00 1154.00
1593.00 1182.00
2008.00 1203.00
911.00 1171.00
2011.00 1247.00
788.00 1225.00
1242.00 1280.00
714.00 1266.00
1310.00 1313.00
773.00 1328.00
1506.00 1365.00
1939.00 1489.00
1253.00 1485.00
1519.00 1516.00
2028.00 1542.00
887.00 1457.00
1561.00 1569.00
1764.00 1571.00
1227.00 1529.00
1685.00 1573.00
615.00 1524.00
2097.00 1649.00
2047.00 1662.00
1359.00 1618.00
1994.00 1666.00
1484.00 1658.00
940.00 1609.00
1400.00 1650.00
1648.00 1699.00
1277.00 1662.00
2010.00 1736.00
1155.00 1697.00
1949.00 1802.00
472.00 1696.00
971.00 1735.00
2063.00 1805.00
657.00 1747.00
1251.00 1797.00
1210.00 1800.00
1995.00 1860.00
1550.00 1915.00
1452.00 1915.00
2030.00 1947.00
749.00 1894.00
1932.00 1953.00
1362.00 2029.00
965.00 2012.00
1260.00 2045.00
1641.00 2060.00
1303.00 2075.00
1861.00 2143.00
1951.00 2148.00
1186.00 2205.00
1957.00 2213.00
1129.00 2222.00
1655.00 2240.00
1195.00 2289.00
1980.00 2294.00
1562.00 2310.00
820.00 2333.00
1800.00 2315.00
2040.00 2339.00
1404.00 2373.00
412.00 2417.00
862.00 2426.00
942.00 2459.00
393.00 2477.00
477.00 2484.00
1647.00 2459.00
1444.00 2481.00
907.00 2500.00
746.00 2542.00
1551.00 2522.00
306.00 2566.00
377.00 2576.00
1641.00 2547.00
1468.00 2585.00
957.00 2657.00
1525.00 2645.00
1213.00 2659.00
1475.00 2684.00
1379.00 2687.00
1287.00 2719.00
936.00 2747.00
