1515.00 768.00
1573.00 783.00
1848.00 860.00
1408.00 832.00
1926.00 950.00
1149.00 938.00
1973.00 1085.00
1090.00 982.00
1146.00 992.00
1277.00 976.00
1424.00 956.00
1345.00 1000.00
1292.00 1048.00
1872.00 1150.00
569.00 1092.00
763.00 1126.00
2011.00 1235.00
1843.00 1257.00
1030.00 1180.00
814.00 1228.00
1927.00 1356.00
2024.00 1372.00
1860.00 1362.00
1030.00 1300.00
1257.00 1292.00
1779.00 1393.00
1194.00 1305.00
700.00 1336.00
2029.00 1418.00
969.00 1303.00
1256.00 1334.00
1302.00 1351.00
932.00 1368.00
871.00 1377.00
1119.00 1372.00
564.00 1389.00
1160.00 1385.00
605.00 1436.00
1240.00 1437.00
672.00 1443.00
1155.00 1429.00
923.00 1465.00
1970.00 1578.00
990.00 1460.00
1536.00 1448.00
1633.00 1484.00
1758.00 1542.00
784.00 1494.00
1374.00 1430.00
825.00 1505.00
866.00 1517.00
1018.00 1501.00
1148.00 1500.00
1901.00 1581.00
976.00 1506.00
1408.00 1513.00
1616.00 1568.00
1920.00 1622.00
1469.00 1551.00
1166.00 1604.00
233.00 1629.00
557.00 1616.00
762.00 1621.00
925.00 1622.00
822.00 1625.00
1250.00 1619.00
1812.00 1680.00
1301.00 1669.00
1232.00 1676.00
1169.00 1704.00
747.00 1747.00
1112.00 1735.00
996.00 1759.00
884.00 1770.00
1194.00 1854.00
714.00 2571.00
