2141.00 77.00
1356.00 243.00
2113.00 169.00
1392.00 296.00
1481.00 432.00
1706.00 488.00
1544.00 488.00
1843.00 515.00
1774.00 537.00
1680.00 562.00
1587.00 556.00
1849.00 586.00
1331.00 595.00
1550.00 625.00
1753.00 614.00
1394.00 643.00
1903.00 616.00
1798.00 631.00
1607.00 655.00
1677.00 635.00
1415.00 700.00
1719.00 657.00
1953.00 728.00
1520.00 708.00
1639.00 711.00
1356.00 763.00
1820.00 733.00
1397.00 750.00
1961.00 858.00
1863.00 802.00
1468.00 814.00
1775.00 823.00
584.00 652.00
1627.00 858.00
1411.00 909.00
1869.00 914.00
378.00 668.00
1639.00 910.00
1520.00 955.00
1755.00 951.00
1970.00 993.00
1436.00 972.00
459.00 735.00
676.00 794.00
552.00 773.00
1492.00 1027.00
1964.00 1100.00
1402.00 1031.00
1560.00 1039.00
1799.00 1039.00
1912.00 1058.00
1691.00 1095.00
1493.00 1098.00
2095.00 1138.00
1548.00 1123.00
1900.00 1195.00
1280.00 1185.00
1987.00 1209.00
1852.00 1171.00
797.00 1203.00
2143.00 1238.00
1405.00 1180.00
1570.00 1187.00
1705.00 1152.00
1345.00 1270.00
1547.00 1242.00
2104.00 1285.00
1071.00 1301.00
1892.00 1257.00
1813.00 1269.00
1760.00 1275.00
1174.00 1298.00
1943.00 1298.00
1868.00 1305.00
1499.00 1312.00
1201.00 1369.00
949.00 1336.00
1995.00 1353.00
2139.00 1401.00
1707.00 1350.00
1409.00 1375.00
2023.00 1312.00
1910.00 1340.00
1503.00 1387.00
1330.00 1397.00
1260.00 1406.00
1917.00 1435.00
2143.00 1487.00
1083.00 1427.00
1750.00 1462.00
2026.00 1577.00
2046.00 1480.00
1536.00 1482.00
2088.00 1511.00
1832.00 1505.00
1741.00 1513.00
1462.00 1486.00
1391.00 1477.00
1152.00 1489.00
2079.00 1576.00
1337.00 1532.00
1972.00 1567.00
1545.00 1561.00
1647.00 1569.00
1194.00 1575.00
2057.00 1619.00
1688.00 1547.00
1927.00 1584.00
1796.00 1614.00
2098.00 1638.00
1398.00 1615.00
1493.00 1605.00
1846.00 1636.00
1993.00 1646.00
1600.00 1651.00
475.00 1592.00
2063.00 1679.00
722.00 1599.00
1442.00 1587.00
1512.00 1648.00
1864.00 1698.00
1680.00 1668.00
1633.00 1707.00
1922.00 1709.00
2008.00 1711.00
1149.00 1695.00
2061.00 1775.00
1859.00 1752.00
1808.00 1753.00
1757.00 1754.00
1836.00 1831.00
1948.00 1864.00
1228.00 1807.00
1676.00 1822.00
749.00 1866.00
1548.00 1898.00
1914.00 1922.00
1628.00 1962.00
1765.00 1972.00
2085.00 1996.00
297.00 1985.00
1956.00 2012.00
1217.00 2005.00
1490.00 1996.00
2117.00 2088.00
1607.00 2045.00
1440.00 2086.00
1981.00 2084.00
1836.00 2102.00
1559.00 2134.00
1766.00 2105.00
2122.00 2140.00
1724.00 2103.00
1317.00 2161.00
1950.00 2158.00
1417.00 2197.00
1859.00 2177.00
2061.00 2185.00
1609.00 2161.00
1968.00 2224.00
1709.00 2230.00
1795.00 2242.00
1298.00 2332.00
1444.00 2320.00
1958.00 2269.00
1740.00 2283.00
1896.00 2324.00
1332.00 2390.00
1628.00 2367.00
1488.00 2414.00
1571.00 2451.00
2008.00 2484.00
362.00 2511.00
1618.00 2549.00
1228.00 2552.00
