1185.00 450.00
1950.00 559.00
1985.00 607.00
1271.00 539.00
901.00 578.00
1322.00 593.00
1970.00 659.00
2013.00 679.00
1369.00 641.00
2056.00 720.00
1994.00 732.00
1413.00 687.00
1593.00 747.00
1454.00 729.00
1099.00 759.00
1185.00 797.00
467.00 745.00
1615.00 897.00
1975.00 922.00
2118.00 934.00
11.00 838.00
1316.00 920.00
1360.00 908.00
324.00 979.00
759.00 913.00
78.00 877.00
2139.00 1031.00
1038.00 1042.00
1761.00 1049.00
1487.00 1048.00
1805.00 1095.00
1622.00 1119.00
735.00 1116.00
1867.00 1159.00
1129.00 1199.00
885.00 1192.00
1719.00 1198.00
930.00 1192.00
1339.00 1211.00
1047.00 1249.00
2001.00 1284.00
411.00 1308.00
1250.00 1310.00
170.00 1425.00
1978.00 1332.00
846.00 1336.00
1923.00 1340.00
267.00 1454.00
656.00 1356.00
1051.00 1349.00
118.00 1452.00
1796.00 1355.00
747.00 1354.00
1656.00 1358.00
481.00 1371.00
1463.00 1403.00
889.00 1412.00
416.00 1515.00
1099.00 1441.00
362.00 1519.00
1579.00 1387.00
1318.00 1420.00
249.00 1540.00
529.00 1566.00
695.00 1456.00
1691.00 1493.00
576.00 1567.00
856.00 1551.00
1748.00 1507.00
1152.00 1500.00
1591.00 1508.00
1118.00 1601.00
227.00 1655.00
1801.00 1545.00
244.00 1699.00
1863.00 1563.00
529.00 1673.00
1074.00 1603.00
1779.00 1619.00
1693.00 1624.00
1986.00 1661.00
1629.00 1694.00
704.00 1792.00
1430.00 1713.00
343.00 1860.00
1717.00 1735.00
519.00 1852.00
890.00 1821.00
782.00 1838.00
629.00 1863.00
731.00 1868.00
1622.00 1842.00
341.00 1956.00
519.00 1949.00
621.00 1942.00
565.00 1964.00
1790.00 1895.00
1335.00 1935.00
624.00 2007.00
829.00 2038.00
1230.00 1947.00
656.00 2055.00
1843.00 1980.00
1944.00 1960.00
1486.00 2099.00
1078.00 2108.00
1058.00 2151.00
1075.00 2217.00
513.00 2306.00
338.00 2353.00
1004.00 2308.00
1880.00 2270.00
2072.00 2493.00
