1919.00 126.00
1277.00 298.00
894.00 404.00
1921.00 211.00
1135.00 426.00
1932.00 320.00
1184.00 498.00
1534.00 531.00
1940.00 405.00
1128.00 623.00
1389.00 544.00
1614.00 501.00
1482.00 557.00
1576.00 552.00
1632.00 562.00
1696.00 571.00
658.00 710.00
1342.00 622.00
1404.00 612.00
1763.00 577.00
1030.00 693.00
1821.00 594.00
1949.00 538.00
1487.00 653.00
1687.00 631.00
616.00 791.00
1624.00 640.00
1303.00 684.00
2056.00 546.00
1826.00 664.00
986.00 802.00
1452.00 735.00
795.00 827.00
1248.00 772.00
1317.00 730.00
1365.00 763.00
639.00 884.00
1028.00 843.00
1254.00 828.00
1350.00 814.00
893.00 889.00
1511.00 826.00
1755.00 792.00
1411.00 864.00
1635.00 845.00
1253.00 888.00
1579.00 857.00
931.00 947.00
1217.00 939.00
1334.00 938.00
1638.00 900.00
750.00 1033.00
1255.00 983.00
1154.00 1031.00
942.00 1038.00
1446.00 957.00
2033.00 875.00
629.00 1091.00
1299.00 1024.00
714.00 1098.00
912.00 1109.00
1111.00 1093.00
1256.00 1057.00
2063.00 960.00
2099.00 1001.00
1413.00 1040.00
860.00 1128.00
1552.00 1052.00
991.00 1146.00
1134.00 1137.00
720.00 1175.00
1767.00 1034.00
1476.00 1071.00
1050.00 1181.00
882.00 1175.00
1320.00 1127.00
1256.00 1158.00
1974.00 1074.00
1477.00 1132.00
1410.00 1154.00
783.00 1245.00
699.00 1259.00
1860.00 1139.00
1021.00 1223.00
1146.00 1230.00
1257.00 1205.00
1190.00 1232.00
1560.00 1202.00
1701.00 1166.00
1494.00 1223.00
1054.00 1281.00
1418.00 1224.00
1011.00 1287.00
2145.00 1170.00
1363.00 1224.00
1863.00 1180.00
1224.00 1290.00
1301.00 1255.00
789.00 1312.00
1119.00 1309.00
880.00 1316.00
1419.00 1266.00
925.00 1336.00
1011.00 1340.00
1869.00 1264.00
1063.00 1343.00
1329.00 1306.00
2070.00 1274.00
1540.00 1327.00
1245.00 1339.00
1808.00 1287.00
1129.00 1362.00
672.00 1368.00
839.00 1367.00
925.00 1385.00
880.00 1368.00
2121.00 1299.00
1977.00 1318.00
1678.00 1321.00
1378.00 1357.00
1932.00 1351.00
1287.00 1356.00
1026.00 1391.00
874.00 1434.00
924.00 1429.00
1787.00 1374.00
969.00 1431.00
1445.00 1380.00
1875.00 1362.00
1976.00 1389.00
801.00 1462.00
744.00 1469.00
1591.00 1402.00
1869.00 1416.00
1015.00 1474.00
1161.00 1461.00
1378.00 1434.00
800.00 1521.00
1446.00 1433.00
1825.00 1436.00
1205.00 1481.00
1755.00 1447.00
986.00 1524.00
741.00 1545.00
1360.00 1497.00
1659.00 1461.00
2151.00 1494.00
797.00 1575.00
2003.00 1501.00
1943.00 1506.00
1713.00 1507.00
2093.00 1513.00
663.00 1572.00
839.00 1565.00
1145.00 1560.00
1205.00 1559.00
1781.00 1524.00
985.00 1586.00
2145.00 1544.00
1040.00 1583.00
1887.00 1514.00
708.00 1613.00
1472.00 1598.00
1173.00 1615.00
1293.00 1572.00
1910.00 1608.00
1383.00 1619.00
903.00 1654.00
1452.00 1640.00
759.00 1667.00
839.00 1665.00
967.00 1666.00
1015.00 1682.00
1973.00 1637.00
1387.00 1672.00
1586.00 1662.00
1167.00 1692.00
1221.00 1692.00
1774.00 1648.00
1714.00 1690.00
1435.00 1694.00
888.00 1711.00
1122.00 1717.00
1339.00 1752.00
871.00 1757.00
1112.00 1767.00
1395.00 1774.00
886.00 1810.00
1260.00 1810.00
1008.00 1828.00
1356.00 1823.00
1200.00 1833.00
1110.00 1846.00
1435.00 1880.00
1273.00 1895.00
954.00 1942.00
1180.00 1904.00
1746.00 1922.00
1111.00 1938.00
2140.00 1954.00
1388.00 1944.00
1439.00 1947.00
1274.00 1957.00
1018.00 1952.00
906.00 1955.00
1333.00 1978.00
1098.00 1997.00
1276.00 2017.00
919.00 2010.00
1897.00 2064.00
878.00 2026.00
1977.00 2092.00
2038.00 2094.00
1100.00 2039.00
1276.00 2058.00
1011.00 2063.00
1886.00 2111.00
1323.00 2081.00
1097.00 2101.00
684.00 2108.00
1277.00 2099.00
1446.00 2153.00
1348.00 2162.00
1061.00 2190.00
1182.00 2161.00
1137.00 2174.00
1284.00 2180.00
1456.00 2223.00
2124.00 2283.00
2048.00 2283.00
1933.00 2273.00
1206.00 2231.00
1160.00 2261.00
1844.00 2278.00
1097.00 2235.00
1371.00 2259.00
1271.00 2256.00
1191.00 2313.00
1031.00 2434.00
1135.00 2437.00
1246.00 2472.00
851.00 2433.00
1089.00 2553.00
891.00 2504.00
950.00 2622.00
1141.00 2648.00
