1870.00 34.00
1808.00 78.00
1871.00 89.00
1589.00 83.00
632.00 13.00
682.00 26.00
502.00 35.00
724.00 46.00
1531.00 105.00
947.00 70.00
802.00 68.00
1794.00 141.00
184.00 43.00
835.00 143.00
1621.00 165.00
1740.00 189.00
316.00 81.00
1549.00 177.00
386.00 105.00
602.00 162.00
370.00 153.00
510.00 188.00
1369.00 249.00
1535.00 265.00
1145.00 249.00
656.00 221.00
1186.00 263.00
1923.00 310.00
70.00 189.00
1417.00 267.00
125.00 203.00
168.00 218.00
221.00 229.00
1620.00 343.00
350.00 297.00
1816.00 360.00
419.00 305.00
206.00 277.00
1572.00 368.00
262.00 291.00
1622.00 413.00
560.00 315.00
47.00 328.00
638.00 336.00
695.00 349.00
1573.00 412.00
299.00 334.00
552.00 362.00
419.00 367.00
480.00 375.00
1575.00 487.00
597.00 395.00
312.00 387.00
244.00 385.00
1863.00 479.00
373.00 400.00
1728.00 521.00
1911.00 520.00
616.00 456.00
189.00 459.00
242.00 479.00
863.00 519.00
382.00 509.00
1619.00 577.00
1661.00 581.00
1578.00 583.00
452.00 523.00
1073.00 564.00
502.00 534.00
224.00 524.00
550.00 545.00
1885.00 629.00
156.00 557.00
1697.00 637.00
208.00 565.00
1580.00 640.00
1436.00 645.00
63.00 618.00
549.00 601.00
590.00 604.00
449.00 610.00
1581.00 688.00
227.00 644.00
456.00 657.00
317.00 659.00
20.00 649.00
362.00 665.00
1642.00 733.00
1582.00 732.00
708.00 684.00
406.00 674.00
67.00 684.00
1687.00 770.00
132.00 694.00
1779.00 784.00
417.00 723.00
372.00 723.00
326.00 722.00
68.00 725.00
817.00 758.00
1543.00 797.00
223.00 748.00
1371.00 806.00
1725.00 823.00
1322.00 810.00
438.00 775.00
1644.00 863.00
259.00 798.00
1725.00 864.00
319.00 804.00
376.00 814.00
1586.00 880.00
451.00 824.00
616.00 847.00
1793.00 902.00
698.00 860.00
239.00 850.00
1739.00 909.00
832.00 873.00
1280.00 898.00
907.00 890.00
953.00 892.00
1124.00 900.00
1693.00 925.00
473.00 893.00
573.00 893.00
1587.00 929.00
1641.00 940.00
172.00 920.00
231.00 895.00
1032.00 942.00
1703.00 970.00
1408.00 965.00
688.00 937.00
1252.00 962.00
571.00 939.00
854.00 953.00
962.00 968.00
1363.00 981.00
1490.00 993.00
280.00 951.00
1544.00 1001.00
1412.00 1008.00
1617.00 1016.00
13.00 960.00
527.00 977.00
1279.00 1004.00
806.00 980.00
1674.00 1045.00
1333.00 1031.00
863.00 1015.00
577.00 1012.00
685.00 1023.00
1164.00 1033.00
434.00 1037.00
1558.00 1083.00
1044.00 1074.00
1832.00 1103.00
630.00 1067.00
704.00 1077.00
1131.00 1095.00
1467.00 1110.00
1282.00 1122.00
810.00 1111.00
1203.00 1114.00
1542.00 1149.00
921.00 1120.00
962.00 1123.00
1364.00 1147.00
670.00 1130.00
510.00 1127.00
1744.00 1164.00
1156.00 1139.00
1293.00 1165.00
437.00 1148.00
1209.00 1168.00
996.00 1171.00
812.00 1179.00
1488.00 1200.00
273.00 1167.00
1483.00 1158.00
103.00 1171.00
1415.00 1204.00
1611.00 1228.00
921.00 1224.00
995.00 1212.00
11.00 1240.00
1104.00 1265.00
697.00 1262.00
1581.00 1271.00
1029.00 1273.00
1720.00 1318.00
1807.00 1314.00
1559.00 1323.00
1615.00 1330.00
926.00 1327.00
1275.00 1343.00
1895.00 1376.00
1782.00 1361.00
1003.00 1329.00
1483.00 1376.00
867.00 1371.00
1232.00 1386.00
1273.00 1391.00
874.00 1428.00
1011.00 1420.00
966.00 1424.00
940.00 1469.00
986.00 1469.00
877.00 1475.00
207.00 1467.00
753.00 1476.00
673.00 1470.00
381.00 1469.00
1526.00 1478.00
625.00 1496.00
724.00 1521.00
1617.00 1541.00
489.00 1521.00
1839.00 1550.00
1005.00 1568.00
777.00 1571.00
1667.00 1594.00
1469.00 1586.00
449.00 1576.00
1511.00 1597.00
1730.00 1610.00
1740.00 1662.00
1598.00 1596.00
340.00 1666.00
1784.00 1660.00
85.00 1688.00
764.00 1706.00
152.00 1739.00
78.00 1744.00
1551.00 1791.00
102.00 1812.00
21.00 1861.00
1552.00 1849.00
1593.00 1896.00
1639.00 1901.00
1070.00 1918.00
1639.00 1958.00
1599.00 2141.00
