1298.00 97.00
2117.00 226.00
2118.00 327.00
2098.00 371.00
1062.00 377.00
1510.00 462.00
920.00 447.00
1127.00 476.00
1374.00 510.00
879.00 461.00
1513.00 509.00
969.00 487.00
926.00 498.00
1405.00 553.00
1517.00 565.00
385.00 598.00
1520.00 620.00
434.00 610.00
562.00 606.00
1671.00 626.00
1351.00 660.00
1523.00 662.00
494.00 682.00
376.00 689.00
1239.00 690.00
1341.00 713.00
1526.00 704.00
255.00 722.00
1450.00 747.00
1706.00 776.00
1514.00 822.00
1403.00 783.00
1562.00 841.00
1107.00 877.00
1516.00 867.00
1716.00 874.00
1297.00 900.00
1540.00 923.00
1720.00 917.00
1619.00 949.00
1547.00 964.00
1274.00 971.00
1476.00 976.00
1978.00 984.00
1723.00 960.00
2088.00 981.00
1531.00 1022.00
1727.00 1015.00
901.00 1059.00
1656.00 1081.00
1735.00 1081.00
1955.00 1079.00
663.00 1111.00
1294.00 1101.00
974.00 1109.00
1799.00 1096.00
1205.00 1121.00
1663.00 1128.00
1117.00 1156.00
172.00 1155.00
1730.00 1147.00
1440.00 1163.00
1908.00 1126.00
1062.00 1167.00
138.00 1207.00
1772.00 1192.00
1672.00 1194.00
658.00 1223.00
1190.00 1207.00
587.00 1233.00
210.00 1231.00
96.00 1252.00
475.00 1278.00
1763.00 1244.00
1720.00 1249.00
1641.00 1262.00
862.00 1276.00
1943.00 1254.00
678.00 1304.00
1470.00 1281.00
1556.00 1277.00
2019.00 1267.00
591.00 1327.00
1778.00 1298.00
1976.00 1295.00
242.00 1353.00
1837.00 1304.00
696.00 1347.00
948.00 1347.00
429.00 1359.00
23.00 1379.00
607.00 1384.00
1918.00 1315.00
557.00 1384.00
1523.00 1354.00
1626.00 1350.00
212.00 1412.00
1583.00 1379.00
1923.00 1376.00
1889.00 1419.00
1985.00 1400.00
1678.00 1421.00
695.00 1464.00
1439.00 1460.00
1526.00 1453.00
1930.00 1458.00
1809.00 1477.00
1366.00 1522.00
1707.00 1471.00
1478.00 1505.00
1472.00 1553.00
2050.00 1558.00
1967.00 1541.00
1692.00 1576.00
1942.00 1592.00
514.00 1692.00
2000.00 1605.00
1888.00 1599.00
1368.00 1664.00
1710.00 1691.00
1429.00 1734.00
2138.00 1679.00
2037.00 1681.00
2081.00 1680.00
1984.00 1728.00
2071.00 1724.00
1792.00 1853.00
1544.00 1889.00
1968.00 1870.00
1875.00 1870.00
1834.00 1884.00
1792.00 1899.00
1676.00 1918.00
2042.00 1998.00
1848.00 2030.00
788.00 2148.00
2024.00 2058.00
1744.00 2076.00
1561.00 2102.00
1755.00 2120.00
1815.00 2127.00
1889.00 2132.00
1561.00 2158.00
1648.00 2155.00
987.00 2294.00
906.00 2292.00
1029.00 2371.00
807.00 2384.00
1279.00 2396.00
369.00 2500.00
525.00 2501.00
289.00 2513.00
909.00 2518.00
1972.00 2405.00
790.00 2528.00
284.00 2580.00
368.00 2599.00
926.00 2585.00
1056.00 2587.00
808.00 2644.00
1722.00 2567.00
206.00 2716.00
962.00 2627.00
