1934.00 75.00
1936.00 138.00
36.00 235.00
405.00 255.00
335.00 281.00
1068.00 230.00
456.00 282.00
1439.00 299.00
1232.00 235.00
174.00 321.00
1511.00 338.00
891.00 373.00
953.00 363.00
1187.00 456.00
1107.00 455.00
405.00 484.00
1431.00 469.00
837.00 495.00
318.00 533.00
750.00 535.00
986.00 576.00
1164.00 646.00
309.00 624.00
1738.00 621.00
707.00 644.00
795.00 672.00
987.00 695.00
170.00 708.00
298.00 721.00
1744.00 707.00
1206.00 700.00
1747.00 763.00
988.00 786.00
1181.00 744.00
600.00 800.00
358.00 818.00
1716.00 826.00
974.00 840.00
780.00 830.00
407.00 832.00
700.00 825.00
1160.00 810.00
116.00 832.00
883.00 855.00
1967.00 867.00
786.00 874.00
1809.00 884.00
1696.00 885.00
1329.00 878.00
407.00 896.00
299.00 918.00
592.00 913.00
2048.00 921.00
1442.00 922.00
1116.00 902.00
972.00 927.00
1816.00 950.00
1512.00 954.00
918.00 964.00
1580.00 967.00
2039.00 971.00
1993.00 979.00
633.00 975.00
211.00 984.00
294.00 992.00
993.00 968.00
1253.00 975.00
1192.00 980.00
1715.00 990.00
549.00 1009.00
1480.00 1019.00
1541.00 1026.00
1779.00 1049.00
919.00 1019.00
1217.00 1024.00
98.00 1042.00
1099.00 1003.00
2023.00 1065.00
178.00 1048.00
236.00 1055.00
1004.00 1057.00
411.00 1047.00
625.00 1072.00
799.00 1077.00
1721.00 1092.00
1980.00 1109.00
459.00 1091.00
1165.00 1088.00
2067.00 1091.00
972.00 1111.00
1211.00 1115.00
395.00 1137.00
168.00 1136.00
223.00 1140.00
1509.00 1130.00
285.00 1122.00
591.00 1151.00
1962.00 1179.00
496.00 1149.00
918.00 1168.00
154.00 1183.00
109.00 1184.00
356.00 1211.00
2149.00 1232.00
647.00 1202.00
1144.00 1214.00
1258.00 1207.00
1904.00 1239.00
1693.00 1230.00
975.00 1196.00
419.00 1236.00
133.00 1250.00
2037.00 1276.00
2091.00 1282.00
1819.00 1295.00
1895.00 1288.00
839.00 1261.00
1723.00 1275.00
180.00 1274.00
1076.00 1277.00
1680.00 1290.00
902.00 1283.00
1339.00 1289.00
1540.00 1263.00
303.00 1293.00
1026.00 1287.00
1612.00 1308.00
1449.00 1319.00
1106.00 1330.00
1058.00 1341.00
1157.00 1340.00
974.00 1353.00
1530.00 1373.00
1112.00 1377.00
1021.00 1389.00
1067.00 1389.00
1265.00 1391.00
724.00 1400.00
462.00 1418.00
1109.00 1432.00
1124.00 1479.00
776.00 1470.00
995.00 1484.00
298.00 1479.00
1155.00 1524.00
1312.00 1529.00
947.00 1531.00
835.00 1541.00
790.00 1529.00
125.00 1538.00
930.00 1581.00
331.00 1647.00
1587.00 1705.00
1054.00 1735.00
1383.00 1854.00
933.00 1836.00
1484.00 1867.00
732.00 1823.00
739.00 1925.00
795.00 1955.00
1244.00 2077.00
1512.00 2094.00
1323.00 2085.00
170.00 2060.00
