955.00 39.00
1499.00 40.00
1040.00 84.00
729.00 69.00
1880.00 56.00
436.00 54.00
1763.00 107.00
1091.00 114.00
730.00 135.00
1567.00 164.00
1685.00 140.00
1072.00 177.00
1139.00 206.00
659.00 197.00
1707.00 187.00
1300.00 227.00
1197.00 243.00
1010.00 260.00
1615.00 250.00
734.00 279.00
1258.00 318.00
884.00 314.00
1694.00 288.00
946.00 311.00
1900.00 305.00
1634.00 311.00
366.00 309.00
1815.00 338.00
1251.00 385.00
1748.00 349.00
804.00 370.00
884.00 397.00
1301.00 397.00
1652.00 386.00
1541.00 411.00
1755.00 419.00
1071.00 433.00
731.00 440.00
1301.00 446.00
1232.00 473.00
1441.00 464.00
880.00 458.00
1181.00 488.00
1839.00 479.00
941.00 510.00
1050.00 508.00
1410.00 537.00
1765.00 518.00
848.00 559.00
1238.00 577.00
1009.00 567.00
942.00 567.00
1122.00 571.00
1492.00 563.00
1187.00 626.00
1442.00 584.00
1370.00 597.00
1773.00 594.00
1602.00 609.00
1044.00 626.00
1673.00 627.00
889.00 697.00
1300.00 682.00
1349.00 672.00
659.00 653.00
1577.00 707.00
1019.00 678.00
1504.00 680.00
731.00 665.00
1835.00 700.00
1192.00 700.00
1440.00 723.00
1575.00 758.00
1015.00 721.00
1319.00 737.00
893.00 770.00
1786.00 719.00
438.00 828.00
514.00 839.00
659.00 828.00
1436.00 811.00
1338.00 810.00
1192.00 747.00
1093.00 766.00
946.00 805.00
380.00 869.00
701.00 839.00
1796.00 788.00
620.00 883.00
737.00 883.00
1272.00 860.00
893.00 894.00
689.00 884.00
1801.00 850.00
1426.00 852.00
948.00 888.00
1330.00 869.00
1550.00 930.00
1697.00 878.00
698.00 944.00
1113.00 916.00
1591.00 905.00
1265.00 924.00
1064.00 932.00
494.00 995.00
605.00 1001.00
1700.00 920.00
1458.00 940.00
1918.00 927.00
881.00 947.00
1842.00 909.00
1156.00 989.00
1200.00 972.00
1538.00 971.00
1404.00 978.00
352.00 1036.00
660.00 1010.00
1258.00 992.00
726.00 994.00
1065.00 995.00
224.00 1106.00
903.00 1003.00
1204.00 1019.00
1683.00 1003.00
688.00 1067.00
636.00 1071.00
1158.00 1050.00
1261.00 1053.00
1402.00 1049.00
1615.00 1037.00
939.00 1058.00
1467.00 1049.00
1938.00 1103.00
1206.00 1077.00
1302.00 1075.00
2140.00 1108.00
1246.00 1140.00
1360.00 1092.00
1825.00 1093.00
937.00 1111.00
1606.00 1117.00
1518.00 1137.00
1339.00 1141.00
1720.00 1141.00
699.00 1137.00
1455.00 1165.00
1272.00 1243.00
2098.00 1207.00
1152.00 1196.00
662.00 1245.00
1490.00 1214.00
791.00 1240.00
1411.00 1212.00
1568.00 1224.00
539.00 1272.00
2049.00 1261.00
718.00 1248.00
1771.00 1254.00
1957.00 1272.00
851.00 1288.00
605.00 1311.00
445.00 1292.00
964.00 1286.00
1237.00 1368.00
1789.00 1303.00
663.00 1300.00
485.00 1359.00
1883.00 1272.00
1374.00 1327.00
425.00 1364.00
1556.00 1341.00
1109.00 1358.00
1674.00 1368.00
1626.00 1382.00
898.00 1406.00
1855.00 1400.00
696.00 1413.00
1358.00 1411.00
1745.00 1415.00
1923.00 1420.00
1468.00 1435.00
910.00 1468.00
1330.00 1469.00
1282.00 1475.00
652.00 1506.00
1794.00 1482.00
2079.00 1511.00
1978.00 1480.00
1550.00 1502.00
1557.00 1557.00
1594.00 1505.00
1129.00 1582.00
1673.00 1584.00
1764.00 1625.00
1681.00 1645.00
607.00 1671.00
2118.00 1694.00
1569.00 1696.00
1772.00 1704.00
1697.00 1737.00
1620.00 1727.00
2135.00 1735.00
1565.00 1744.00
1438.00 1755.00
2093.00 1763.00
1302.00 1826.00
2020.00 1860.00
2142.00 1867.00
1758.00 1841.00
1520.00 1846.00
218.00 1930.00
1408.00 1907.00
1466.00 1954.00
1533.00 1958.00
1746.00 1960.00
1586.00 1993.00
1648.00 1996.00
1916.00 2006.00
1800.00 2008.00
204.00 2057.00
2038.00 2035.00
1865.00 2048.00
635.00 2070.00
1483.00 2118.00
1583.00 2144.00
1384.00 2161.00
1624.00 2144.00
682.00 2200.00
1465.00 2189.00
474.00 2222.00
1892.00 2210.00
1375.00 2205.00
1419.00 2217.00
1732.00 2221.00
1204.00 2272.00
1779.00 2290.00
459.00 2318.00
1945.00 2316.00
1489.00 2320.00
1639.00 2354.00
1746.00 2362.00
1878.00 2371.00
681.00 2407.00
1148.00 2368.00
1575.00 2394.00
199.00 2463.00
1498.00 2473.00
805.00 2482.00
2123.00 2523.00
688.00 2545.00
