509.00 50.00
1986.00 348.00
449.00 43.00
525.00 127.00
1256.00 278.00
455.00 112.00
638.00 170.00
1762.00 442.00
566.00 216.00
1852.00 440.00
105.00 154.00
519.00 211.00
616.00 243.00
292.00 210.00
335.00 220.00
293.00 252.00
380.00 267.00
1862.00 544.00
626.00 365.00
928.00 428.00
1806.00 647.00
913.00 495.00
376.00 427.00
1752.00 616.00
480.00 469.00
447.00 523.00
522.00 521.00
1479.00 685.00
1196.00 633.00
39.00 498.00
1772.00 731.00
333.00 543.00
553.00 572.00
1439.00 738.00
112.00 583.00
546.00 621.00
262.00 629.00
50.00 614.00
792.00 746.00
69.00 666.00
1190.00 817.00
70.00 710.00
117.00 742.00
1231.00 857.00
1390.00 897.00
73.00 760.00
1477.00 934.00
874.00 879.00
77.00 814.00
119.00 856.00
212.00 885.00
765.00 948.00
80.00 902.00
580.00 978.00
95.00 978.00
48.00 973.00
240.00 987.00
297.00 990.00
350.00 1012.00
497.00 1006.00
362.00 1063.00
1486.00 1169.00
1058.00 1084.00
1649.00 1183.00
174.00 1041.00
108.00 1059.00
334.00 1114.00
1022.00 1131.00
575.00 1112.00
945.00 1141.00
480.00 1113.00
563.00 1166.00
1404.00 1286.00
401.00 1175.00
1681.00 1267.00
1204.00 1242.00
456.00 1211.00
1593.00 1359.00
1595.00 1422.00
1807.00 1448.00
356.00 1489.00
1463.00 1551.00
1677.00 1562.00
1615.00 1615.00
1679.00 1621.00
1759.00 1688.00
1424.00 1789.00
1529.00 1764.00
1808.00 1756.00
1475.00 1804.00
1684.00 1795.00
1728.00 1804.00
1235.00 1845.00
1374.00 1854.00
1476.00 1856.00
1693.00 1855.00
1063.00 1907.00
1519.00 1888.00
1734.00 1864.00
1661.00 1905.00
1483.00 1934.00
1426.00 1940.00
1608.00 1934.00
1732.00 1925.00
1662.00 1946.00
1541.00 1979.00
1736.00 1967.00
