654.00 510.00
635.00 551.00
711.00 692.00
899.00 717.00
991.00 746.00
609.00 728.00
200.00 762.00
1200.00 873.00
493.00 840.00
1255.00 880.00
403.00 863.00
912.00 949.00
1165.00 1052.00
225.00 1044.00
11.00 1045.00
351.00 1104.00
679.00 1173.00
1083.00 1175.00
381.00 1162.00
901.00 1181.00
428.00 1174.00
45.00 1179.00
90.00 1186.00
483.00 1211.00
680.00 1217.00
329.00 1200.00
724.00 1224.00
1422.00 1273.00
934.00 1263.00
314.00 1241.00
1017.00 1277.00
8.00 1225.00
528.00 1290.00
1378.00 1309.00
1146.00 1300.00
1072.00 1316.00
856.00 1317.00
803.00 1327.00
1001.00 1324.00
1381.00 1359.00
1171.00 1352.00
1124.00 1351.00
201.00 1347.00
892.00 1363.00
308.00 1373.00
1060.00 1375.00
1110.00 1392.00
1014.00 1401.00
306.00 1414.00
390.00 1439.00
35.00 1432.00
141.00 1424.00
836.00 1456.00
1103.00 1451.00
881.00 1442.00
999.00 1477.00
253.00 1474.00
575.00 1538.00
136.00 1517.00
886.00 1519.00
1013.00 1532.00
243.00 1526.00
1088.00 1539.00
778.00 1528.00
948.00 1536.00
1184.00 1547.00
524.00 1572.00
289.00 1546.00
483.00 1570.00
1578.00 1682.00
878.00 1567.00
1381.00 1660.00
188.00 1560.00
1449.00 1699.00
1116.00 1657.00
1158.00 1662.00
637.00 1650.00
1562.00 1731.00
947.00 1649.00
1064.00 1658.00
1095.00 1704.00
1136.00 1705.00
834.00 1654.00
1555.00 1772.00
436.00 1709.00
113.00 1704.00
1064.00 1749.00
1390.00 1780.00
1443.00 1778.00
397.00 1753.00
1104.00 1806.00
337.00 1796.00
391.00 1845.00
332.00 1853.00
223.00 1855.00
468.00 1904.00
890.00 1841.00
1284.00 1882.00
152.00 1884.00
73.00 1886.00
1462.00 1910.00
754.00 1917.00
1327.00 1925.00
1126.00 1931.00
1391.00 1930.00
1519.00 1930.00
1275.00 1930.00
101.00 1945.00
888.00 1950.00
275.00 1963.00
1225.00 1974.00
739.00 1970.00
1176.00 1979.00
625.00 1962.00
480.00 1977.00
584.00 1975.00
64.00 1997.00
866.00 2015.00
638.00 2029.00
1165.00 2064.00
125.00 2102.00
60.00 2077.00
14.00 2108.00
1329.00 2144.00
180.00 2151.00
430.00 2168.00
122.00 2178.00
366.00 2211.00
1169.00 2215.00
469.00 2220.00
1271.00 2235.00
1165.00 2256.00
957.00 2260.00
1035.00 2279.00
1013.00 2387.00
795.00 2453.00
1433.00 2447.00
424.00 2490.00
1346.00 2523.00
637.00 2538.00
