541.00 692.00
932.00 782.00
804.00 727.00
1143.00 770.00
1239.00 826.00
1424.00 846.00
1544.00 834.00
1298.00 844.00
825.00 953.00
1098.00 946.00
880.00 951.00
1557.00 952.00
1694.00 938.00
994.00 1011.00
1694.00 984.00
1482.00 1038.00
1750.00 1002.00
1389.00 1035.00
871.00 994.00
1861.00 1069.00
1634.00 1081.00
1256.00 1098.00
679.00 1058.00
1181.00 1125.00
1799.00 1089.00
1239.00 1151.00
1583.00 1181.00
852.00 1107.00
766.00 1146.00
1997.00 1220.00
715.00 1152.00
1390.00 1212.00
1520.00 1222.00
870.00 1191.00
1897.00 1216.00
1579.00 1235.00
1840.00 1261.00
515.00 1205.00
1884.00 1286.00
1579.00 1318.00
1359.00 1314.00
677.00 1288.00
987.00 1318.00
1845.00 1394.00
515.00 1295.00
1143.00 1377.00
162.00 1285.00
718.00 1322.00
1573.00 1407.00
16.00 1303.00
1318.00 1409.00
1658.00 1462.00
1143.00 1423.00
1788.00 1431.00
1261.00 1442.00
50.00 1359.00
142.00 1370.00
760.00 1373.00
192.00 1379.00
934.00 1457.00
1708.00 1465.00
1261.00 1513.00
1058.00 1527.00
627.00 1472.00
578.00 1496.00
1429.00 1569.00
1319.00 1585.00
722.00 1532.00
423.00 1528.00
486.00 1530.00
105.00 1557.00
1513.00 1679.00
1262.00 1681.00
695.00 1581.00
749.00 1616.00
539.00 1630.00
241.00 1579.00
987.00 1681.00
1117.00 1760.00
772.00 1659.00
1536.00 1769.00
1859.00 1773.00
709.00 1772.00
881.00 1796.00
1117.00 1801.00
1263.00 1805.00
1439.00 1821.00
974.00 1817.00
1375.00 1898.00
138.00 1909.00
1401.00 1962.00
1494.00 1945.00
256.00 1959.00
1973.00 2039.00
43.00 2021.00
1996.00 2110.00
1681.00 2163.00
2028.00 2201.00
1866.00 2212.00
1345.00 2237.00
1746.00 2240.00
1936.00 2272.00
131.00 2278.00
435.00 2386.00
2005.00 2389.00
279.00 2507.00
550.00 2508.00
241.00 2628.00
1026.00 2539.00
