1094.00 422.00
1143.00 469.00
1435.00 722.00
1369.00 754.00
810.00 625.00
1475.00 824.00
957.00 790.00
1145.00 877.00
1017.00 885.00
929.00 912.00
1293.00 1030.00
1470.00 1075.00
208.00 817.00
874.00 953.00
123.00 810.00
766.00 958.00
647.00 992.00
787.00 1024.00
848.00 1063.00
1397.00 1171.00
1048.00 1114.00
379.00 1008.00
539.00 1043.00
450.00 1031.00
849.00 1104.00
1450.00 1208.00
648.00 1082.00
586.00 1115.00
671.00 1146.00
1036.00 1222.00
92.00 1091.00
1420.00 1301.00
360.00 1149.00
732.00 1207.00
540.00 1183.00
598.00 1202.00
38.00 1078.00
740.00 1277.00
1360.00 1383.00
715.00 1333.00
1074.00 1350.00
634.00 1299.00
1021.00 1356.00
540.00 1316.00
963.00 1371.00
1267.00 1405.00
246.00 1319.00
1293.00 1491.00
354.00 1381.00
1402.00 1533.00
398.00 1466.00
622.00 1500.00
811.00 1576.00
839.00 1692.00
1038.00 1826.00
640.00 1864.00
564.00 1953.00
624.00 1940.00
804.00 2027.00
605.00 2071.00
714.00 2074.00
1042.00 2086.00
811.00 2119.00
567.00 2195.00
658.00 2251.00
773.00 2244.00
828.00 2247.00
1244.00 2481.00
630.00 2608.00
1257.00 2737.00
