2054.00 529.00
136.00 495.00
601.00 558.00
506.00 641.00
1775.00 709.00
1030.00 693.00
615.00 703.00
718.00 724.00
663.00 719.00
1574.00 765.00
1603.00 806.00
1439.00 822.00
920.00 771.00
942.00 818.00
1308.00 847.00
1117.00 848.00
742.00 842.00
1109.00 917.00
2134.00 983.00
1032.00 940.00
1511.00 941.00
1173.00 953.00
1393.00 924.00
979.00 944.00
473.00 935.00
1352.00 979.00
392.00 933.00
1288.00 980.00
1985.00 1013.00
1450.00 1005.00
1117.00 1079.00
2073.00 1047.00
1883.00 1043.00
1818.00 1083.00
1237.00 1055.00
728.00 1107.00
1595.00 1088.00
1657.00 1152.00
1168.00 1116.00
2083.00 1132.00
1810.00 1131.00
708.00 1166.00
1231.00 1131.00
914.00 1176.00
1539.00 1160.00
955.00 1168.00
1291.00 1219.00
1570.00 1236.00
954.00 1243.00
1825.00 1278.00
1025.00 1243.00
1623.00 1260.00
1138.00 1268.00
1264.00 1279.00
882.00 1306.00
1088.00 1284.00
1138.00 1315.00
1532.00 1332.00
1266.00 1338.00
598.00 1346.00
755.00 1346.00
1646.00 1350.00
1702.00 1372.00
1139.00 1370.00
882.00 1347.00
1634.00 1397.00
595.00 1416.00
144.00 1364.00
394.00 1432.00
991.00 1407.00
1595.00 1467.00
1140.00 1464.00
1641.00 1442.00
1336.00 1460.00
1317.00 1519.00
565.00 1516.00
794.00 1528.00
1204.00 1499.00
1875.00 1606.00
1477.00 1584.00
1413.00 1701.00
636.00 1683.00
1574.00 1706.00
1532.00 1714.00
517.00 1713.00
633.00 1767.00
1157.00 1747.00
382.00 1777.00
1781.00 1798.00
1690.00 1845.00
1240.00 1992.00
1346.00 1986.00
884.00 1976.00
1648.00 2014.00
314.00 2042.00
1711.00 2056.00
1650.00 2058.00
111.00 2089.00
1590.00 2067.00
189.00 2092.00
838.00 2075.00
2026.00 2072.00
508.00 2074.00
1653.00 2118.00
1713.00 2118.00
1174.00 2111.00
1999.00 2124.00
225.00 2171.00
1792.00 2152.00
1727.00 2161.00
1619.00 2165.00
612.00 2197.00
790.00 2199.00
1542.00 2189.00
530.00 2210.00
1465.00 2200.00
445.00 2235.00
1411.00 2207.00
1824.00 2222.00
1326.00 2220.00
1260.00 2228.00
805.00 2262.00
1202.00 2236.00
695.00 2261.00
1677.00 2295.00
1440.00 2299.00
1339.00 2303.00
190.00 2372.00
657.00 2348.00
928.00 2336.00
586.00 2373.00
1427.00 2346.00
1342.00 2369.00
138.00 2408.00
632.00 2400.00
285.00 2464.00
212.00 2512.00
862.00 2467.00
1472.00 2476.00
282.00 2521.00
561.00 2513.00
1348.00 2485.00
1735.00 2559.00
1337.00 2540.00
903.00 2569.00
1618.00 2563.00
1555.00 2583.00
33.00 2676.00
1472.00 2609.00
1663.00 2611.00
1740.00 2607.00
788.00 2655.00
556.00 2656.00
449.00 2694.00
929.00 2652.00
1869.00 2660.00
1349.00 2649.00
36.00 2718.00
1304.00 2662.00
1745.00 2695.00
