552.00 128.00
956.00 368.00
826.00 414.00
1075.00 342.00
982.00 409.00
1117.00 364.00
935.00 415.00
543.00 505.00
1114.00 413.00
506.00 571.00
444.00 566.00
731.00 549.00
885.00 585.00
1053.00 576.00
875.00 628.00
689.00 696.00
939.00 636.00
1065.00 617.00
980.00 651.00
690.00 757.00
387.00 792.00
878.00 729.00
1068.00 688.00
377.00 839.00
423.00 847.00
1809.00 699.00
1056.00 794.00
618.00 895.00
1230.00 845.00
1082.00 843.00
895.00 882.00
2127.00 819.00
1125.00 846.00
338.00 985.00
368.00 1026.00
549.00 1023.00
365.00 1067.00
872.00 1042.00
1017.00 988.00
953.00 1051.00
627.00 1171.00
1409.00 999.00
1230.00 1009.00
526.00 1196.00
1403.00 1067.00
891.00 1129.00
1152.00 1170.00
1393.00 1158.00
1111.00 1180.00
1332.00 1192.00
1520.00 1179.00
1312.00 1241.00
976.00 1289.00
1373.00 1273.00
1304.00 1285.00
736.00 1350.00
1754.00 1287.00
1349.00 1426.00
963.00 1463.00
1492.00 1446.00
1063.00 1494.00
1550.00 1502.00
1115.00 1540.00
1224.00 1561.00
555.00 1555.00
1410.00 1515.00
1543.00 1576.00
1316.00 1617.00
1585.00 1618.00
1229.00 1653.00
1292.00 1702.00
660.00 1855.00
1354.00 1759.00
2028.00 1850.00
1116.00 1966.00
939.00 1974.00
646.00 1978.00
724.00 2088.00
823.00 2149.00
462.00 2146.00
935.00 2210.00
714.00 2244.00
1313.00 2252.00
849.00 2268.00
1358.00 2336.00
1419.00 2362.00
1000.00 2351.00
368.00 2365.00
