1344.00 114.00
379.00 83.00
914.00 132.00
356.00 160.00
402.00 182.00
470.00 221.00
1339.00 307.00
394.00 253.00
1437.00 426.00
391.00 330.00
465.00 360.00
346.00 428.00
1616.00 508.00
1827.00 479.00
860.00 417.00
1191.00 556.00
1281.00 552.00
679.00 423.00
1516.00 569.00
805.00 448.00
1881.00 572.00
1620.00 608.00
654.00 538.00
1714.00 638.00
1289.00 674.00
570.00 569.00
334.00 606.00
267.00 632.00
623.00 603.00
567.00 616.00
1062.00 760.00
875.00 800.00
1794.00 744.00
1149.00 815.00
1725.00 775.00
579.00 715.00
988.00 847.00
1856.00 811.00
1128.00 860.00
2028.00 823.00
1799.00 832.00
2146.00 842.00
1527.00 832.00
1275.00 873.00
1888.00 867.00
1136.00 922.00
1588.00 888.00
1338.00 920.00
1455.00 924.00
1921.00 914.00
1867.00 914.00
1637.00 932.00
2090.00 928.00
1103.00 993.00
1354.00 975.00
1818.00 944.00
1887.00 967.00
1269.00 983.00
1531.00 1006.00
1979.00 1007.00
1457.00 998.00
1356.00 1020.00
1315.00 1030.00
1981.00 1055.00
2029.00 1058.00
2141.00 1015.00
953.00 1102.00
1160.00 1108.00
1735.00 1069.00
995.00 1124.00
1843.00 1064.00
2065.00 1107.00
1357.00 1072.00
1173.00 1155.00
1738.00 1117.00
1930.00 1148.00
2007.00 1160.00
1476.00 1141.00
1286.00 1199.00
1885.00 1173.00
1822.00 1185.00
1743.00 1202.00
2150.00 1222.00
824.00 1240.00
1124.00 1254.00
1358.00 1202.00
1497.00 1210.00
1746.00 1269.00
2072.00 1291.00
1023.00 1316.00
1262.00 1327.00
1896.00 1331.00
1529.00 1286.00
950.00 1348.00
2127.00 1346.00
2056.00 1338.00
1655.00 1396.00
1755.00 1408.00
1897.00 1372.00
1606.00 1395.00
1999.00 1384.00
930.00 1460.00
1046.00 1430.00
1534.00 1449.00
1329.00 1465.00
1760.00 1475.00
1959.00 1469.00
1674.00 1491.00
997.00 1485.00
1047.00 1495.00
2023.00 1502.00
1609.00 1464.00
937.00 1506.00
1154.00 1513.00
1905.00 1491.00
1760.00 1517.00
1331.00 1522.00
1676.00 1552.00
2086.00 1557.00
1088.00 1557.00
1025.00 1562.00
1908.00 1539.00
1173.00 1577.00
2131.00 1587.00
1173.00 1619.00
1010.00 1620.00
1749.00 1622.00
1555.00 1622.00
1621.00 1635.00
1850.00 1672.00
1369.00 1664.00
1612.00 1677.00
925.00 1678.00
1559.00 1727.00
2146.00 1760.00
1021.00 1711.00
1614.00 1721.00
906.00 1729.00
1755.00 1756.00
2084.00 1771.00
1480.00 1766.00
1856.00 1768.00
2150.00 1810.00
946.00 1784.00
987.00 1785.00
1645.00 1785.00
1588.00 1862.00
1984.00 1828.00
1544.00 1840.00
1130.00 1832.00
2126.00 1878.00
2053.00 1879.00
1745.00 1875.00
1637.00 1848.00
1019.00 1870.00
1376.00 1875.00
976.00 1871.00
1625.00 1917.00
633.00 1904.00
1698.00 1945.00
1131.00 1948.00
937.00 1941.00
1572.00 1972.00
1744.00 1991.00
1148.00 2001.00
430.00 2026.00
1678.00 2090.00
1631.00 2082.00
2147.00 2149.00
1150.00 2064.00
2018.00 2129.00
1272.00 2121.00
1866.00 2141.00
1775.00 2159.00
1019.00 2121.00
958.00 2168.00
1595.00 2227.00
1167.00 2200.00
225.00 2269.00
1872.00 2248.00
1707.00 2259.00
622.00 2264.00
1280.00 2271.00
1033.00 2270.00
1124.00 2291.00
1844.00 2341.00
1942.00 2351.00
1282.00 2314.00
1634.00 2364.00
2047.00 2405.00
1135.00 2334.00
1737.00 2400.00
1383.00 2362.00
1569.00 2414.00
1293.00 2396.00
1825.00 2466.00
1741.00 2459.00
2096.00 2521.00
1753.00 2500.00
1380.00 2492.00
616.00 2485.00
1055.00 2490.00
1060.00 2649.00
972.00 2655.00
