874.00 271.00
829.00 287.00
1435.00 429.00
652.00 490.00
1995.00 568.00
522.00 690.00
588.00 697.00
1974.00 646.00
1520.00 819.00
1336.00 874.00
1003.00 892.00
1486.00 927.00
292.00 926.00
1360.00 952.00
1000.00 990.00
883.00 995.00
826.00 980.00
311.00 1002.00
1859.00 927.00
359.00 999.00
1064.00 1036.00
743.00 1049.00
439.00 1062.00
1331.00 1130.00
813.00 1153.00
566.00 1162.00
1918.00 1049.00
1710.00 1110.00
1293.00 1196.00
447.00 1192.00
1181.00 1201.00
1077.00 1205.00
959.00 1212.00
554.00 1216.00
906.00 1213.00
804.00 1218.00
736.00 1220.00
668.00 1222.00
496.00 1229.00
231.00 1242.00
14.00 1252.00
65.00 1251.00
1318.00 1253.00
1075.00 1256.00
1004.00 1237.00
1971.00 1132.00
607.00 1271.00
130.00 1283.00
1256.00 1282.00
393.00 1325.00
1090.00 1338.00
1191.00 1282.00
970.00 1322.00
152.00 1327.00
886.00 1326.00
1981.00 1238.00
93.00 1351.00
1199.00 1342.00
539.00 1352.00
720.00 1380.00
1014.00 1353.00
453.00 1368.00
857.00 1372.00
345.00 1387.00
1105.00 1381.00
1055.00 1384.00
546.00 1407.00
1767.00 1296.00
319.00 1456.00
601.00 1451.00
491.00 1458.00
555.00 1461.00
714.00 1464.00
649.00 1465.00
1872.00 1415.00
145.00 1489.00
87.00 1490.00
204.00 1492.00
489.00 1500.00
431.00 1549.00
1344.00 1473.00
1012.00 1512.00
1070.00 1509.00
800.00 1539.00
1010.00 1567.00
1370.00 1521.00
83.00 1598.00
1810.00 1493.00
1649.00 1506.00
895.00 1586.00
955.00 1583.00
1582.00 1504.00
809.00 1608.00
424.00 1623.00
1815.00 1572.00
1690.00 1580.00
1747.00 1580.00
1429.00 1617.00
1721.00 1630.00
1424.00 1683.00
2071.00 1584.00
1152.00 1707.00
1776.00 1656.00
1823.00 1669.00
1735.00 1685.00
1309.00 1754.00
1828.00 1727.00
1914.00 1713.00
1478.00 1767.00
1762.00 1759.00
1644.00 1802.00
1836.00 1803.00
1602.00 1815.00
1013.00 1862.00
1368.00 1866.00
1842.00 1858.00
1615.00 1861.00
1726.00 1897.00
857.00 1990.00
714.00 1998.00
1039.00 1999.00
1177.00 1989.00
630.00 2029.00
637.00 2076.00
1750.00 1991.00
1501.00 2034.00
1055.00 2076.00
554.00 2141.00
1825.00 2041.00
1627.00 2049.00
698.00 2138.00
1471.00 2090.00
1144.00 2138.00
754.00 2161.00
1616.00 2119.00
807.00 2179.00
1187.00 2113.00
1851.00 2111.00
990.00 2193.00
1042.00 2209.00
1155.00 2235.00
1756.00 2184.00
739.00 2258.00
1636.00 2209.00
848.00 2304.00
803.00 2328.00
1047.00 2287.00
1197.00 2305.00
1117.00 2300.00
1238.00 2323.00
893.00 2380.00
997.00 2380.00
825.00 2412.00
1068.00 2419.00
762.00 2469.00
1420.00 2416.00
803.00 2474.00
1884.00 2401.00
753.00 2517.00
1061.00 2502.00
1226.00 2490.00
1140.00 2517.00
2002.00 2459.00
1899.00 2486.00
1815.00 2516.00
1966.00 2511.00
1548.00 2595.00
1392.00 2614.00
720.00 2723.00
2062.00 2571.00
1935.00 2636.00
1270.00 2711.00
1794.00 2704.00
1887.00 2652.00
2021.00 2787.00
