1896.00 98.00
1911.00 204.00
1904.00 303.00
830.00 268.00
2016.00 364.00
1069.00 343.00
1793.00 455.00
1293.00 512.00
588.00 413.00
1905.00 520.00
1798.00 543.00
970.00 524.00
1428.00 560.00
1065.00 548.00
1509.00 583.00
756.00 560.00
1055.00 604.00
2076.00 678.00
1455.00 691.00
2018.00 713.00
2069.00 720.00
1139.00 720.00
2005.00 777.00
207.00 734.00
302.00 760.00
1933.00 834.00
785.00 818.00
1984.00 849.00
232.00 791.00
1559.00 898.00
545.00 864.00
1602.00 911.00
2001.00 946.00
1011.00 946.00
1702.00 970.00
1585.00 991.00
875.00 951.00
1663.00 1014.00
727.00 1008.00
1557.00 1071.00
1716.00 1105.00
1648.00 1092.00
597.00 1071.00
704.00 1113.00
1704.00 1163.00
656.00 1106.00
2022.00 1206.00
1769.00 1233.00
1071.00 1207.00
911.00 1217.00
549.00 1209.00
1239.00 1239.00
1788.00 1295.00
1628.00 1315.00
1946.00 1341.00
1895.00 1336.00
786.00 1347.00
615.00 1344.00
833.00 1353.00
999.00 1366.00
1488.00 1385.00
1747.00 1415.00
1168.00 1386.00
824.00 1403.00
1402.00 1429.00
576.00 1414.00
661.00 1437.00
1009.00 1451.00
1509.00 1478.00
1251.00 1467.00
810.00 1473.00
1745.00 1504.00
952.00 1480.00
1591.00 1503.00
1691.00 1508.00
1184.00 1499.00
1443.00 1527.00
1326.00 1526.00
1003.00 1516.00
1500.00 1555.00
1157.00 1552.00
934.00 1551.00
873.00 1556.00
1595.00 1580.00
1771.00 1590.00
1022.00 1564.00
1074.00 1587.00
1536.00 1611.00
1490.00 1623.00
1033.00 1614.00
1577.00 1635.00
595.00 1622.00
607.00 1668.00
540.00 1679.00
1098.00 1889.00
680.00 1913.00
1065.00 1957.00
723.00 2138.00
650.00 2331.00
784.00 2348.00
1162.00 2376.00
847.00 2380.00
1388.00 2410.00
769.00 2416.00
756.00 2479.00
