387.00 136.00
225.00 195.00
339.00 143.00
423.00 228.00
584.00 274.00
360.00 370.00
889.00 340.00
256.00 435.00
388.00 290.00
630.00 363.00
195.00 441.00
408.00 424.00
560.00 435.00
953.00 443.00
115.00 492.00
1522.00 458.00
186.00 496.00
906.00 484.00
91.00 559.00
371.00 489.00
358.00 565.00
215.00 591.00
1103.00 562.00
400.00 603.00
1259.00 590.00
1153.00 666.00
1105.00 663.00
1310.00 659.00
149.00 686.00
395.00 679.00
876.00 743.00
1091.00 756.00
88.00 775.00
1183.00 761.00
1142.00 770.00
390.00 796.00
153.00 807.00
739.00 810.00
910.00 825.00
82.00 854.00
818.00 842.00
1258.00 864.00
668.00 880.00
228.00 876.00
291.00 881.00
391.00 868.00
584.00 891.00
754.00 907.00
1497.00 919.00
1083.00 914.00
1565.00 934.00
385.00 944.00
488.00 952.00
753.00 962.00
817.00 965.00
661.00 1000.00
889.00 1010.00
752.00 1011.00
1904.00 1017.00
1002.00 1031.00
660.00 1045.00
1600.00 1070.00
1757.00 1069.00
1965.00 1070.00
1259.00 1083.00
979.00 1111.00
54.00 1154.00
372.00 1160.00
1471.00 1138.00
477.00 1162.00
1043.00 1150.00
563.00 1175.00
475.00 1216.00
369.00 1202.00
862.00 1217.00
133.00 1269.00
1489.00 1262.00
1960.00 1223.00
258.00 1272.00
329.00 1277.00
675.00 1274.00
750.00 1275.00
109.00 1316.00
592.00 1337.00
686.00 1354.00
49.00 1550.00
200.00 1783.00
33.00 1810.00
130.00 1919.00
111.00 2004.00
178.00 2046.00
321.00 2126.00
