1972.00 103.00
1843.00 154.00
822.00 268.00
677.00 270.00
544.00 333.00
230.00 378.00
1512.00 373.00
1323.00 434.00
1772.00 403.00
1347.00 615.00
1364.00 664.00
2077.00 736.00
1495.00 696.00
907.00 754.00
404.00 732.00
761.00 770.00
1836.00 768.00
1509.00 766.00
1393.00 783.00
2020.00 806.00
1558.00 821.00
1329.00 826.00
1384.00 854.00
986.00 854.00
1064.00 855.00
1669.00 853.00
1942.00 870.00
929.00 899.00
1551.00 904.00
861.00 911.00
2116.00 919.00
2061.00 932.00
1824.00 961.00
742.00 970.00
467.00 985.00
1076.00 990.00
1154.00 1017.00
959.00 1015.00
1624.00 1024.00
177.00 1048.00
741.00 1084.00
1856.00 1079.00
1760.00 1107.00
1516.00 1113.00
1860.00 1140.00
1384.00 1130.00
1294.00 1221.00
1629.00 1295.00
218.00 1295.00
1763.00 1420.00
91.00 1478.00
1784.00 1485.00
1218.00 1679.00
1172.00 1894.00
