2023.00 108.00
1732.00 95.00
1967.00 132.00
1681.00 120.00
705.00 57.00
1579.00 118.00
1734.00 157.00
1024.00 154.00
666.00 114.00
1852.00 213.00
1736.00 218.00
753.00 134.00
806.00 173.00
2036.00 282.00
2114.00 291.00
1596.00 253.00
1909.00 290.00
1745.00 287.00
25.00 182.00
851.00 294.00
1576.00 319.00
1862.00 380.00
1141.00 345.00
2008.00 376.00
917.00 385.00
747.00 376.00
267.00 344.00
1021.00 376.00
149.00 316.00
1189.00 413.00
1118.00 410.00
1692.00 477.00
789.00 405.00
1750.00 488.00
488.00 358.00
147.00 393.00
990.00 448.00
286.00 385.00
1034.00 516.00
349.00 409.00
77.00 430.00
931.00 530.00
256.00 445.00
1696.00 545.00
1631.00 621.00
913.00 617.00
50.00 529.00
288.00 571.00
1504.00 674.00
1785.00 638.00
169.00 584.00
1452.00 725.00
196.00 637.00
1391.00 725.00
260.00 800.00
192.00 836.00
253.00 902.00
1540.00 1008.00
1038.00 937.00
555.00 972.00
1217.00 968.00
368.00 993.00
1187.00 1013.00
1488.00 1106.00
1233.00 1024.00
1424.00 1117.00
840.00 1072.00
579.00 1105.00
928.00 1139.00
383.00 1140.00
538.00 1197.00
443.00 1175.00
1276.00 1280.00
378.00 1721.00
432.00 1827.00
470.00 1906.00
815.00 1863.00
1548.00 1974.00
