1588.00 118.00
1124.00 180.00
1522.00 187.00
2077.00 96.00
1405.00 246.00
1009.00 251.00
1081.00 266.00
1140.00 288.00
1596.00 286.00
1438.00 297.00
1653.00 256.00
1013.00 326.00
1079.00 345.00
1301.00 352.00
842.00 373.00
1141.00 370.00
1827.00 290.00
1358.00 376.00
1507.00 367.00
951.00 407.00
1080.00 407.00
1442.00 408.00
1228.00 432.00
932.00 459.00
884.00 497.00
1143.00 486.00
1034.00 490.00
930.00 508.00
105.00 590.00
984.00 475.00
1664.00 450.00
1605.00 470.00
33.00 570.00
834.00 563.00
1961.00 538.00
1055.00 541.00
922.00 554.00
1122.00 570.00
1014.00 555.00
1229.00 550.00
1398.00 579.00
1080.00 592.00
1344.00 586.00
902.00 600.00
966.00 599.00
1014.00 596.00
1229.00 608.00
1144.00 613.00
1081.00 640.00
1007.00 642.00
1206.00 651.00
1765.00 664.00
1309.00 661.00
1163.00 671.00
715.00 736.00
1368.00 679.00
855.00 720.00
1271.00 716.00
1104.00 701.00
1401.00 741.00
1726.00 722.00
1051.00 767.00
974.00 816.00
674.00 853.00
1262.00 825.00
1015.00 837.00
938.00 857.00
1147.00 871.00
765.00 933.00
2046.00 858.00
1052.00 892.00
1273.00 899.00
1626.00 875.00
1315.00 909.00
947.00 901.00
810.00 933.00
1373.00 923.00
861.00 976.00
1315.00 957.00
1779.00 986.00
1406.00 969.00
1198.00 996.00
1355.00 1015.00
1667.00 1053.00
1304.00 1030.00
1046.00 1045.00
2070.00 1058.00
1467.00 1070.00
1149.00 1042.00
592.00 1089.00
776.00 1092.00
1208.00 1097.00
901.00 1113.00
2076.00 1109.00
2024.00 1123.00
1715.00 1139.00
657.00 1169.00
752.00 1139.00
1002.00 1143.00
1149.00 1139.00
1428.00 1137.00
911.00 1185.00
1320.00 1151.00
1062.00 1177.00
750.00 1191.00
858.00 1190.00
1471.00 1192.00
1770.00 1225.00
629.00 1239.00
1322.00 1218.00
587.00 1272.00
1151.00 1228.00
539.00 1283.00
774.00 1241.00
727.00 1271.00
2111.00 1259.00
1390.00 1248.00
630.00 1281.00
1058.00 1252.00
674.00 1297.00
865.00 1268.00
1283.00 1281.00
1151.00 1292.00
507.00 1327.00
790.00 1285.00
622.00 1366.00
851.00 1312.00
987.00 1291.00
960.00 1345.00
663.00 1363.00
1262.00 1336.00
1418.00 1333.00
1712.00 1325.00
1626.00 1334.00
750.00 1375.00
889.00 1375.00
1269.00 1383.00
569.00 1390.00
1152.00 1414.00
569.00 1442.00
772.00 1474.00
1479.00 1447.00
1087.00 1487.00
1249.00 1488.00
1170.00 1465.00
441.00 1511.00
759.00 1521.00
712.00 1539.00
1045.00 1527.00
833.00 1544.00
1191.00 1516.00
418.00 1575.00
1175.00 1596.00
1087.00 1528.00
677.00 1590.00
722.00 1589.00
1330.00 1580.00
813.00 1587.00
1275.00 1584.00
1019.00 1588.00
403.00 1616.00
848.00 1632.00
1232.00 1631.00
1400.00 1666.00
388.00 1657.00
1155.00 1658.00
553.00 1654.00
767.00 1702.00
1723.00 1665.00
835.00 1673.00
1589.00 1675.00
1322.00 1706.00
527.00 1705.00
962.00 1703.00
1374.00 1708.00
1658.00 1703.00
1012.00 1717.00
1229.00 1717.00
816.00 1726.00
412.00 1725.00
199.00 1731.00
2036.00 1734.00
1435.00 1764.00
1073.00 1817.00
1195.00 1783.00
865.00 1790.00
1428.00 1806.00
522.00 1814.00
1262.00 1819.00
1000.00 1830.00
1315.00 1856.00
1539.00 1860.00
1382.00 1860.00
924.00 1865.00
1737.00 1886.00
989.00 1880.00
2067.00 1899.00
1626.00 1884.00
1383.00 1925.00
351.00 1905.00
854.00 1949.00
30.00 1927.00
1114.00 1940.00
283.00 1935.00
1158.00 1942.00
1345.00 1999.00
1168.00 2005.00
840.00 1990.00
1690.00 2018.00
900.00 2030.00
1743.00 2032.00
1040.00 2030.00
640.00 2056.00
1301.00 2069.00
1388.00 2079.00
1462.00 2131.00
563.00 2082.00
30.00 2103.00
1673.00 2182.00
1571.00 2199.00
1300.00 2192.00
540.00 2175.00
902.00 2179.00
1352.00 2224.00
1821.00 2256.00
1394.00 2238.00
1716.00 2291.00
778.00 2249.00
384.00 2239.00
1575.00 2307.00
1167.00 2310.00
1349.00 2304.00
903.00 2299.00
936.00 2345.00
1393.00 2347.00
2074.00 2403.00
2134.00 2418.00
1275.00 2377.00
1324.00 2383.00
1568.00 2431.00
1840.00 2451.00
1347.00 2452.00
57.00 2408.00
752.00 2422.00
1658.00 2460.00
706.00 2425.00
1744.00 2489.00
1950.00 2477.00
906.00 2441.00
1980.00 2566.00
1486.00 2548.00
111.00 2485.00
469.00 2503.00
332.00 2615.00
58.00 2661.00
