1860.00 290.00
1048.00 333.00
1669.00 320.00
1786.00 307.00
1654.00 367.00
2120.00 323.00
1837.00 371.00
1458.00 407.00
1889.00 375.00
1589.00 397.00
2126.00 423.00
36.00 549.00
1869.00 456.00
1048.00 512.00
1847.00 497.00
2132.00 470.00
788.00 543.00
1686.00 523.00
993.00 563.00
1324.00 554.00
1899.00 538.00
1765.00 519.00
2137.00 518.00
1851.00 555.00
953.00 617.00
1265.00 577.00
1676.00 574.00
2020.00 552.00
1188.00 583.00
1396.00 588.00
1743.00 594.00
515.00 651.00
474.00 652.00
1208.00 653.00
2139.00 578.00
1885.00 623.00
1959.00 647.00
1540.00 669.00
2146.00 627.00
1857.00 674.00
2084.00 646.00
1666.00 690.00
2151.00 675.00
728.00 723.00
404.00 723.00
1481.00 728.00
1823.00 729.00
1941.00 756.00
1865.00 776.00
1122.00 779.00
1849.00 818.00
1123.00 820.00
1623.00 810.00
1724.00 845.00
1988.00 873.00
1858.00 859.00
2082.00 881.00
1756.00 894.00
247.00 874.00
2006.00 936.00
1664.00 927.00
2056.00 939.00
2097.00 942.00
1844.00 954.00
1847.00 1001.00
2119.00 1055.00
1704.00 1036.00
1417.00 1009.00
2050.00 1052.00
1850.00 1057.00
1618.00 1043.00
1668.00 1081.00
304.00 1008.00
1834.00 1101.00
2002.00 1126.00
1577.00 1077.00
1921.00 1138.00
775.00 1075.00
128.00 1089.00
1858.00 1166.00
190.00 1089.00
762.00 1120.00
1680.00 1147.00
1908.00 1214.00
1963.00 1216.00
1801.00 1190.00
1860.00 1207.00
2012.00 1219.00
1724.00 1198.00
1600.00 1190.00
2058.00 1230.00
1774.00 1234.00
764.00 1186.00
1980.00 1269.00
1840.00 1253.00
1678.00 1271.00
817.00 1212.00
1772.00 1275.00
2025.00 1295.00
1982.00 1314.00
1823.00 1307.00
1868.00 1302.00
1614.00 1299.00
1773.00 1324.00
2047.00 1354.00
1910.00 1356.00
1824.00 1351.00
1545.00 1348.00
1777.00 1388.00
2106.00 1397.00
1925.00 1400.00
1823.00 1400.00
1718.00 1386.00
1874.00 1418.00
1645.00 1399.00
1566.00 1414.00
1943.00 1442.00
1668.00 1476.00
1785.00 1464.00
1832.00 1478.00
1735.00 1476.00
1576.00 1474.00
1621.00 1465.00
1880.00 1468.00
2063.00 1518.00
1789.00 1515.00
1550.00 1518.00
1662.00 1523.00
1834.00 1520.00
1885.00 1534.00
1724.00 1545.00
2148.00 1571.00
1841.00 1579.00
1780.00 1625.00
1727.00 1605.00
2029.00 1603.00
2128.00 1630.00
2079.00 1647.00
2035.00 1660.00
1953.00 1652.00
1839.00 1663.00
1731.00 1672.00
1000.00 1675.00
851.00 1710.00
1785.00 1701.00
1842.00 1704.00
1734.00 1730.00
1787.00 1742.00
859.00 1751.00
1845.00 1754.00
1899.00 1765.00
2064.00 1803.00
1940.00 1804.00
1970.00 1887.00
1704.00 1904.00
