1070.00 576.00
1155.00 574.00
2015.00 384.00
1120.00 621.00
2061.00 439.00
365.00 765.00
1086.00 669.00
1168.00 659.00
455.00 780.00
1757.00 567.00
316.00 907.00
1039.00 840.00
2027.00 710.00
1404.00 836.00
893.00 943.00
460.00 1029.00
1469.00 903.00
1279.00 936.00
1521.00 899.00
1338.00 954.00
957.00 1006.00
655.00 1058.00
892.00 1063.00
374.00 1107.00
1415.00 1001.00
415.00 1113.00
525.00 1154.00
392.00 1186.00
1303.00 1079.00
677.00 1173.00
2014.00 967.00
1517.00 1049.00
576.00 1203.00
1083.00 1123.00
749.00 1173.00
272.00 1268.00
2019.00 1011.00
666.00 1222.00
1708.00 1059.00
840.00 1188.00
586.00 1244.00
1954.00 1070.00
1753.00 1100.00
1582.00 1101.00
749.00 1228.00
1521.00 1155.00
1716.00 1171.00
754.00 1306.00
898.00 1287.00
671.00 1302.00
1212.00 1243.00
1764.00 1174.00
1397.00 1234.00
992.00 1285.00
1953.00 1175.00
578.00 1362.00
1669.00 1224.00
1306.00 1297.00
1532.00 1258.00
851.00 1332.00
1092.00 1340.00
1962.00 1249.00
567.00 1408.00
936.00 1358.00
1457.00 1315.00
1730.00 1294.00
852.00 1388.00
683.00 1408.00
2062.00 1272.00
990.00 1449.00
2150.00 1295.00
1452.00 1377.00
1662.00 1364.00
1593.00 1373.00
1377.00 1395.00
1311.00 1403.00
1920.00 1354.00
1824.00 1365.00
1545.00 1410.00
1473.00 1448.00
1285.00 1497.00
994.00 1524.00
621.00 1571.00
1401.00 1480.00
1766.00 1493.00
1646.00 1475.00
969.00 1583.00
2022.00 1497.00
1289.00 1552.00
908.00 1600.00
1200.00 1588.00
1722.00 1550.00
1042.00 1625.00
1774.00 1560.00
970.00 1632.00
1391.00 1596.00
2037.00 1582.00
1561.00 1680.00
2063.00 1668.00
616.00 1784.00
1057.00 1811.00
1119.00 1788.00
1350.00 1818.00
1135.00 1843.00
553.00 1892.00
1054.00 1868.00
1122.00 1885.00
1932.00 1913.00
1451.00 1996.00
1786.00 2069.00
1369.00 2118.00
1257.00 2161.00
1448.00 2171.00
2058.00 2176.00
1570.00 2202.00
1133.00 2214.00
1303.00 2216.00
1517.00 2200.00
1052.00 2238.00
1196.00 2291.00
1775.00 2265.00
1021.00 2307.00
1325.00 2367.00
1665.00 2338.00
1814.00 2396.00
2014.00 2410.00
1786.00 2462.00
