1945.00 419.00
1113.00 338.00
1253.00 399.00
1031.00 411.00
1122.00 515.00
1178.00 535.00
1062.00 556.00
339.00 520.00
919.00 628.00
1760.00 851.00
1386.00 797.00
1184.00 809.00
1135.00 795.00
1288.00 847.00
1173.00 855.00
1846.00 972.00
1364.00 872.00
1030.00 850.00
2047.00 949.00
1094.00 903.00
2052.00 1018.00
1765.00 1004.00
1321.00 976.00
1913.00 1027.00
1140.00 1017.00
128.00 886.00
2057.00 1076.00
1370.00 1051.00
1574.00 1077.00
1917.00 1076.00
1128.00 1083.00
1533.00 1093.00
1454.00 1098.00
1218.00 1106.00
801.00 1016.00
938.00 1099.00
8.00 1077.00
1466.00 1165.00
1401.00 1175.00
1580.00 1189.00
1484.00 1213.00
1039.00 1173.00
1792.00 1237.00
36.00 1144.00
1487.00 1272.00
1584.00 1282.00
1944.00 1304.00
1330.00 1281.00
1433.00 1321.00
378.00 1222.00
980.00 1304.00
1086.00 1310.00
906.00 1312.00
185.00 1266.00
367.00 1273.00
822.00 1329.00
1588.00 1367.00
1898.00 1378.00
1275.00 1371.00
995.00 1380.00
1370.00 1392.00
1472.00 1392.00
862.00 1397.00
1592.00 1418.00
108.00 1334.00
150.00 1339.00
1484.00 1434.00
1374.00 1434.00
1532.00 1441.00
800.00 1409.00
1979.00 1478.00
1071.00 1466.00
1300.00 1468.00
1639.00 1511.00
181.00 1411.00
2111.00 1479.00
1510.00 1505.00
1173.00 1515.00
1341.00 1519.00
98.00 1452.00
1499.00 1564.00
1602.00 1587.00
1554.00 1609.00
1740.00 1597.00
1147.00 1604.00
1268.00 1626.00
1489.00 1620.00
1417.00 1677.00
1110.00 1672.00
1348.00 1686.00
1281.00 1705.00
1152.00 1699.00
1231.00 1704.00
1513.00 1725.00
1447.00 1727.00
1017.00 1724.00
1346.00 1747.00
1293.00 1753.00
1588.00 1797.00
1661.00 1798.00
1704.00 1800.00
1570.00 1843.00
1513.00 1841.00
1296.00 1855.00
870.00 1916.00
1239.00 1923.00
1196.00 1930.00
1527.00 1952.00
1474.00 1954.00
1844.00 1945.00
1157.00 1989.00
944.00 2020.00
1848.00 1987.00
1041.00 2028.00
1242.00 2030.00
1293.00 2027.00
1158.00 2035.00
951.00 2066.00
1257.00 2072.00
1264.00 2139.00
1905.00 2115.00
757.00 2255.00
1265.00 2231.00
1084.00 2289.00
1426.00 2228.00
869.00 2310.00
689.00 2309.00
1989.00 2202.00
1771.00 2259.00
1604.00 2306.00
1277.00 2352.00
1220.00 2360.00
1880.00 2302.00
1151.00 2374.00
2115.00 2372.00
