1979.00 296.00
1298.00 484.00
1614.00 422.00
1176.00 695.00
1614.00 780.00
1932.00 731.00
1563.00 950.00
1583.00 895.00
2076.00 872.00
1909.00 1014.00
1492.00 1135.00
1742.00 1085.00
1913.00 1078.00
1497.00 1238.00
2116.00 1155.00
1481.00 1281.00
1439.00 1324.00
1708.00 1281.00
2085.00 1284.00
2030.00 1286.00
1489.00 1355.00
1711.00 1361.00
1586.00 1393.00
1442.00 1405.00
1188.00 1434.00
1910.00 1362.00
1732.00 1421.00
2052.00 1402.00
1491.00 1459.00
1223.00 1502.00
1404.00 1511.00
1407.00 1634.00
1463.00 1611.00
1633.00 1603.00
2078.00 1580.00
1580.00 1622.00
1389.00 1688.00
1442.00 1700.00
1503.00 1760.00
1925.00 1787.00
1657.00 1788.00
2146.00 1842.00
2085.00 1845.00
1731.00 1921.00
1389.00 1916.00
1935.00 1962.00
1665.00 2003.00
1222.00 2006.00
1379.00 2020.00
1528.00 2041.00
1470.00 2039.00
1394.00 2068.00
1475.00 2112.00
1835.00 2158.00
1520.00 2185.00
1383.00 2266.00
2032.00 2345.00
1845.00 2334.00
1752.00 2328.00
1395.00 2326.00
1672.00 2369.00
1754.00 2390.00
1940.00 2455.00
1531.00 2697.00
1470.00 2684.00
1387.00 2870.00
