771.00 594.00
64.00 531.00
1581.00 694.00
127.00 545.00
1623.00 701.00
273.00 677.00
1931.00 823.00
633.00 755.00
522.00 747.00
587.00 763.00
929.00 846.00
1210.00 914.00
172.00 850.00
1936.00 969.00
1986.00 987.00
868.00 913.00
1770.00 1093.00
154.00 1054.00
479.00 1070.00
1613.00 1152.00
475.00 1113.00
352.00 1134.00
1492.00 1187.00
407.00 1144.00
491.00 1159.00
359.00 1244.00
1779.00 1222.00
622.00 1192.00
880.00 1207.00
1665.00 1233.00
345.00 1195.00
1536.00 1241.00
1582.00 1247.00
1314.00 1251.00
1419.00 1256.00
1495.00 1272.00
706.00 1268.00
467.00 1243.00
818.00 1337.00
654.00 1320.00
1967.00 1346.00
1342.00 1338.00
1704.00 1350.00
230.00 1449.00
1916.00 1388.00
99.00 1469.00
1737.00 1412.00
718.00 1397.00
1076.00 1405.00
1968.00 1419.00
1349.00 1433.00
614.00 1403.00
1267.00 1425.00
935.00 1426.00
1007.00 1434.00
202.00 1503.00
1927.00 1491.00
875.00 1440.00
1736.00 1466.00
1627.00 1473.00
1239.00 1487.00
202.00 1577.00
1328.00 1486.00
1579.00 1498.00
331.00 1598.00
78.00 1623.00
222.00 1669.00
942.00 1666.00
794.00 1658.00
1688.00 1646.00
1036.00 1728.00
69.00 1780.00
801.00 1720.00
114.00 1786.00
273.00 1762.00
1784.00 1733.00
110.00 1836.00
158.00 1836.00
538.00 1815.00
1173.00 1813.00
1691.00 1847.00
177.00 1931.00
1163.00 1864.00
14.00 2015.00
387.00 1908.00
1034.00 1920.00
1129.00 1928.00
1521.00 1930.00
1570.00 1921.00
310.00 1999.00
143.00 2021.00
1179.00 1984.00
821.00 1986.00
415.00 1997.00
510.00 1993.00
72.00 2044.00
184.00 2033.00
1037.00 1992.00
1095.00 1997.00
1579.00 1979.00
806.00 2034.00
709.00 2047.00
1458.00 2018.00
940.00 2047.00
128.00 2106.00
1351.00 2052.00
216.00 2138.00
697.00 2098.00
1072.00 2088.00
1395.00 2104.00
1643.00 2103.00
1180.00 2122.00
688.00 2147.00
1067.00 2130.00
1238.00 2128.00
522.00 2195.00
417.00 2209.00
1132.00 2165.00
237.00 2231.00
1347.00 2170.00
739.00 2213.00
566.00 2254.00
1010.00 2242.00
1159.00 2224.00
55.00 2313.00
1110.00 2229.00
959.00 2244.00
1349.00 2229.00
867.00 2256.00
224.00 2315.00
1264.00 2220.00
414.00 2324.00
31.00 2369.00
1082.00 2281.00
1022.00 2289.00
1220.00 2280.00
960.00 2300.00
1407.00 2277.00
1168.00 2291.00
73.00 2404.00
808.00 2347.00
114.00 2415.00
1492.00 2304.00
1268.00 2297.00
1424.00 2322.00
666.00 2382.00
735.00 2384.00
1685.00 2336.00
585.00 2407.00
355.00 2416.00
476.00 2423.00
128.00 2498.00
1162.00 2369.00
1319.00 2387.00
681.00 2443.00
660.00 2484.00
82.00 2492.00
735.00 2446.00
1489.00 2403.00
1430.00 2414.00
102.00 2539.00
464.00 2515.00
1097.00 2466.00
240.00 2574.00
827.00 2504.00
968.00 2501.00
1629.00 2452.00
777.00 2528.00
913.00 2526.00
1128.00 2512.00
1065.00 2526.00
1308.00 2506.00
1914.00 2458.00
578.00 2597.00
1194.00 2535.00
320.00 2647.00
270.00 2653.00
1371.00 2529.00
689.00 2603.00
1269.00 2551.00
776.00 2610.00
376.00 2680.00
943.00 2632.00
1022.00 2631.00
1708.00 2580.00
100.00 2829.00
