785.00 230.00
411.00 224.00
288.00 220.00
1178.00 299.00
301.00 288.00
163.00 346.00
1128.00 376.00
286.00 359.00
783.00 419.00
1080.00 443.00
943.00 450.00
215.00 504.00
1041.00 499.00
1725.00 533.00
1557.00 562.00
291.00 512.00
1002.00 558.00
284.00 567.00
968.00 608.00
1566.00 640.00
804.00 648.00
289.00 632.00
933.00 658.00
750.00 733.00
904.00 699.00
284.00 728.00
184.00 743.00
243.00 761.00
848.00 781.00
266.00 842.00
803.00 823.00
745.00 847.00
26.00 854.00
101.00 854.00
591.00 875.00
529.00 883.00
160.00 869.00
784.00 922.00
225.00 932.00
39.00 955.00
1274.00 965.00
591.00 959.00
283.00 940.00
1006.00 1002.00
589.00 1012.00
829.00 990.00
815.00 1045.00
1302.00 1066.00
522.00 1058.00
572.00 1061.00
446.00 1071.00
219.00 1103.00
281.00 1072.00
162.00 1115.00
717.00 1107.00
1359.00 1131.00
8.00 1128.00
386.00 1126.00
824.00 1116.00
768.00 1131.00
555.00 1145.00
1129.00 1161.00
1063.00 1162.00
246.00 1174.00
888.00 1181.00
509.00 1183.00
614.00 1181.00
1369.00 1184.00
120.00 1189.00
70.00 1195.00
178.00 1202.00
346.00 1224.00
461.00 1215.00
784.00 1229.00
1391.00 1228.00
737.00 1233.00
555.00 1208.00
961.00 1236.00
267.00 1251.00
410.00 1298.00
1215.00 1267.00
1157.00 1268.00
1010.00 1271.00
739.00 1279.00
175.00 1293.00
1706.00 1298.00
606.00 1323.00
482.00 1301.00
1434.00 1325.00
739.00 1334.00
1229.00 1341.00
1280.00 1341.00
39.00 1372.00
222.00 1388.00
1579.00 1371.00
1757.00 1369.00
970.00 1394.00
294.00 1412.00
1024.00 1413.00
1146.00 1415.00
111.00 1455.00
804.00 1421.00
594.00 1441.00
1646.00 1425.00
275.00 1456.00
972.00 1459.00
1023.00 1454.00
1198.00 1443.00
893.00 1477.00
634.00 1523.00
1262.00 1510.00
1124.00 1489.00
1216.00 1488.00
973.00 1516.00
1026.00 1498.00
21.00 1552.00
1514.00 1511.00
376.00 1549.00
1432.00 1520.00
1605.00 1516.00
1093.00 1533.00
21.00 1596.00
572.00 1555.00
407.00 1597.00
1547.00 1572.00
76.00 1611.00
1474.00 1595.00
74.00 1657.00
132.00 1665.00
1428.00 1635.00
1496.00 1637.00
286.00 1681.00
149.00 1711.00
1504.00 1745.00
77.00 1961.00
85.00 2107.00
953.00 2098.00
1178.00 2283.00
1664.00 2331.00
71.00 2432.00
1719.00 2330.00
1042.00 2451.00
1767.00 2486.00
1791.00 2656.00
122.00 2700.00
1801.00 2705.00
1482.00 2811.00
