572.00 331.00
1333.00 259.00
1118.00 271.00
818.00 361.00
725.00 336.00
668.00 350.00
1050.00 293.00
600.00 383.00
947.00 326.00
508.00 404.00
772.00 362.00
1386.00 311.00
1049.00 334.00
1532.00 318.00
1114.00 359.00
566.00 429.00
1168.00 329.00
778.00 416.00
998.00 422.00
1169.00 375.00
1214.00 381.00
1079.00 409.00
1506.00 378.00
573.00 510.00
1587.00 407.00
1168.00 435.00
1054.00 476.00
454.00 552.00
905.00 489.00
562.00 555.00
770.00 526.00
841.00 517.00
1228.00 461.00
509.00 578.00
1554.00 497.00
699.00 534.00
1053.00 520.00
811.00 558.00
1622.00 463.00
606.00 597.00
1170.00 515.00
1240.00 510.00
693.00 599.00
904.00 574.00
941.00 622.00
535.00 626.00
1116.00 576.00
332.00 709.00
601.00 672.00
1117.00 620.00
791.00 661.00
380.00 739.00
724.00 677.00
702.00 732.00
1727.00 626.00
777.00 708.00
632.00 736.00
420.00 782.00
1657.00 642.00
1007.00 724.00
352.00 831.00
859.00 752.00
1762.00 676.00
627.00 806.00
313.00 882.00
1181.00 740.00
738.00 799.00
976.00 779.00
678.00 815.00
1454.00 716.00
1124.00 765.00
456.00 849.00
410.00 849.00
1399.00 727.00
1182.00 782.00
1788.00 721.00
617.00 849.00
1094.00 809.00
239.00 922.00
838.00 870.00
591.00 919.00
643.00 892.00
1720.00 739.00
1121.00 857.00
729.00 907.00
253.00 966.00
1042.00 851.00
952.00 899.00
415.00 969.00
908.00 918.00
512.00 973.00
297.00 998.00
1067.00 919.00
811.00 927.00
367.00 999.00
951.00 943.00
1157.00 930.00
612.00 997.00
907.00 959.00
1374.00 894.00
734.00 970.00
1094.00 969.00
838.00 997.00
253.00 1072.00
482.00 1037.00
643.00 1045.00
426.00 1047.00
1417.00 918.00
696.00 1029.00
1589.00 917.00
1903.00 897.00
1031.00 1002.00
968.00 1021.00
1472.00 965.00
469.00 1087.00
1526.00 969.00
916.00 1023.00
428.00 1097.00
686.00 1079.00
539.00 1092.00
1865.00 945.00
341.00 1124.00
832.00 1084.00
1728.00 985.00
741.00 1096.00
1304.00 1073.00
1134.00 1060.00
1346.00 1015.00
1292.00 1013.00
256.00 1156.00
1699.00 1026.00
1621.00 1018.00
705.00 1155.00
1137.00 1110.00
1191.00 1098.00
991.00 1130.00
2002.00 1050.00
1259.00 1085.00
271.00 1213.00
1601.00 1087.00
1071.00 1127.00
1959.00 1070.00
760.00 1184.00
936.00 1149.00
1647.00 1066.00
1157.00 1152.00
1715.00 1085.00
1481.00 1111.00
403.00 1244.00
877.00 1219.00
1991.00 1111.00
954.00 1207.00
1601.00 1129.00
1034.00 1205.00
1270.00 1143.00
1532.00 1142.00
1664.00 1136.00
1075.00 1230.00
757.00 1265.00
1198.00 1210.00
2048.00 1125.00
1778.00 1161.00
556.00 1288.00
973.00 1257.00
1894.00 1164.00
1140.00 1214.00
1065.00 1280.00
1381.00 1205.00
440.00 1320.00
1553.00 1226.00
2051.00 1174.00
678.00 1319.00
1109.00 1278.00
1256.00 1220.00
628.00 1333.00
572.00 1340.00
1743.00 1208.00
791.00 1354.00
1671.00 1237.00
256.00 1380.00
1959.00 1235.00
1788.00 1263.00
682.00 1374.00
628.00 1379.00
2104.00 1251.00
1615.00 1291.00
443.00 1409.00
553.00 1399.00
815.00 1413.00
1224.00 1352.00
1793.00 1320.00
1965.00 1327.00
1676.00 1361.00
447.00 1452.00
2033.00 1333.00
977.00 1443.00
1533.00 1374.00
1797.00 1376.00
1973.00 1383.00
780.00 1466.00
1295.00 1401.00
496.00 1512.00
872.00 1482.00
1440.00 1433.00
1393.00 1443.00
689.00 1521.00
1338.00 1443.00
396.00 1543.00
1957.00 1424.00
1802.00 1435.00
816.00 1532.00
1536.00 1426.00
1626.00 1449.00
2052.00 1424.00
1228.00 1469.00
343.00 1580.00
2002.00 1447.00
645.00 1564.00
411.00 1584.00
604.00 1583.00
687.00 1572.00
2118.00 1484.00
1630.00 1507.00
2046.00 1471.00
1677.00 1509.00
1540.00 1475.00
1809.00 1507.00
468.00 1615.00
1989.00 1510.00
754.00 1597.00
307.00 1635.00
1622.00 1562.00
2065.00 1544.00
1681.00 1562.00
748.00 1647.00
547.00 1653.00
1966.00 1563.00
2014.00 1553.00
472.00 1669.00
1637.00 1607.00
1737.00 1599.00
1684.00 1603.00
667.00 1665.00
1548.00 1615.00
799.00 1676.00
529.00 1701.00
2016.00 1597.00
428.00 1713.00
2069.00 1592.00
597.00 1705.00
469.00 1717.00
986.00 1695.00
1596.00 1627.00
1050.00 1672.00
383.00 1736.00
1760.00 1643.00
1641.00 1664.00
1688.00 1648.00
735.00 1741.00
803.00 1722.00
1553.00 1687.00
1912.00 1663.00
332.00 1753.00
515.00 1762.00
1758.00 1685.00
2007.00 1706.00
1188.00 1734.00
399.00 1788.00
1709.00 1689.00
1594.00 1734.00
2081.00 1718.00
751.00 1794.00
1827.00 1718.00
488.00 1828.00
1764.00 1730.00
300.00 1795.00
545.00 1810.00
1117.00 1776.00
1644.00 1716.00
315.00 1846.00
415.00 1834.00
1576.00 1795.00
932.00 1817.00
1716.00 1772.00
607.00 1828.00
763.00 1839.00
1833.00 1786.00
1883.00 1775.00
658.00 1841.00
1634.00 1798.00
1046.00 1833.00
1463.00 1795.00
1190.00 1832.00
309.00 1927.00
533.00 1881.00
1768.00 1790.00
409.00 1893.00
1676.00 1832.00
1991.00 1789.00
654.00 1892.00
719.00 1888.00
1837.00 1831.00
833.00 1894.00
577.00 1900.00
1035.00 1893.00
618.00 1943.00
1893.00 1872.00
377.00 1979.00
1844.00 1888.00
1084.00 1931.00
770.00 1961.00
511.00 1960.00
1992.00 1892.00
938.00 1972.00
1935.00 1918.00
1621.00 1938.00
723.00 1988.00
888.00 1987.00
1102.00 1981.00
478.00 2014.00
274.00 2028.00
1849.00 1951.00
732.00 2032.00
949.00 2026.00
552.00 2069.00
883.00 2044.00
1855.00 2009.00
437.00 2087.00
1006.00 2047.00
494.00 2089.00
599.00 2082.00
1069.00 2068.00
1230.00 2069.00
662.00 2073.00
2005.00 2048.00
923.00 2120.00
879.00 2104.00
2082.00 2052.00
551.00 2127.00
1157.00 2105.00
399.00 2149.00
1233.00 2127.00
669.00 2145.00
1633.00 2105.00
1788.00 2108.00
535.00 2182.00
1701.00 2143.00
737.00 2186.00
397.00 2195.00
1234.00 2182.00
1853.00 2154.00
1638.00 2167.00
595.00 2215.00
691.00 2213.00
1175.00 2199.00
1443.00 2193.00
735.00 2236.00
1236.00 2238.00
1109.00 2178.00
650.00 2255.00
521.00 2256.00
570.00 2267.00
449.00 2283.00
396.00 2277.00
2147.00 2201.00
1178.00 2259.00
848.00 2283.00
2098.00 2225.00
508.00 2310.00
549.00 2319.00
1016.00 2295.00
680.00 2315.00
929.00 2314.00
1855.00 2239.00
366.00 2319.00
636.00 2320.00
1241.00 2319.00
732.00 2336.00
1709.00 2296.00
593.00 2367.00
782.00 2356.00
539.00 2381.00
372.00 2402.00
1059.00 2375.00
740.00 2412.00
1912.00 2351.00
931.00 2410.00
800.00 2422.00
1734.00 2389.00
584.00 2469.00
689.00 2488.00
764.00 2481.00
1166.00 2460.00
1909.00 2449.00
508.00 2488.00
299.00 2522.00
1743.00 2466.00
501.00 2583.00
1663.00 2551.00
429.00 2598.00
