1440.00 48.00
306.00 138.00
693.00 57.00
216.00 251.00
641.00 135.00
1125.00 277.00
640.00 225.00
944.00 351.00
1542.00 291.00
639.00 293.00
8.00 489.00
738.00 507.00
155.00 583.00
1530.00 613.00
1462.00 616.00
1660.00 635.00
1705.00 638.00
1317.00 678.00
1904.00 726.00
1956.00 758.00
690.00 811.00
1077.00 882.00
259.00 867.00
438.00 936.00
116.00 921.00
724.00 951.00
256.00 963.00
204.00 980.00
770.00 970.00
301.00 984.00
148.00 998.00
615.00 989.00
880.00 1011.00
522.00 1001.00
448.00 1011.00
138.00 1053.00
741.00 1069.00
276.00 1088.00
61.00 1134.00
450.00 1123.00
337.00 1118.00
268.00 1147.00
812.00 1156.00
197.00 1165.00
408.00 1168.00
877.00 1178.00
139.00 1206.00
218.00 1222.00
445.00 1245.00
732.00 1277.00
449.00 1287.00
309.00 1301.00
55.00 1291.00
2149.00 1242.00
824.00 1364.00
302.00 1466.00
84.00 1523.00
32.00 1514.00
332.00 1538.00
245.00 1535.00
101.00 1565.00
943.00 1594.00
144.00 1627.00
64.00 1616.00
217.00 1658.00
126.00 1681.00
71.00 1681.00
819.00 1703.00
225.00 1733.00
168.00 1781.00
18.00 1804.00
802.00 1826.00
64.00 1808.00
166.00 1845.00
271.00 1921.00
404.00 2098.00
