1418.00 142.00
1567.00 189.00
1668.00 277.00
1422.00 305.00
1757.00 336.00
906.00 336.00
1915.00 352.00
1863.00 364.00
442.00 352.00
2060.00 378.00
1362.00 395.00
974.00 373.00
924.00 377.00
1538.00 440.00
581.00 424.00
1953.00 442.00
1382.00 440.00
2004.00 453.00
1777.00 434.00
901.00 462.00
2010.00 522.00
1782.00 522.00
1389.00 529.00
1545.00 538.00
895.00 552.00
433.00 591.00
1785.00 570.00
2063.00 607.00
1610.00 599.00
2019.00 640.00
1791.00 648.00
1113.00 660.00
1375.00 670.00
558.00 676.00
1750.00 681.00
941.00 696.00
1195.00 676.00
1885.00 679.00
135.00 683.00
673.00 686.00
604.00 708.00
1999.00 705.00
1015.00 704.00
836.00 740.00
1890.00 736.00
1500.00 739.00
143.00 764.00
437.00 752.00
1091.00 756.00
1231.00 771.00
1341.00 776.00
551.00 789.00
1896.00 802.00
602.00 807.00
915.00 810.00
326.00 793.00
100.00 795.00
1240.00 817.00
2040.00 871.00
526.00 833.00
1627.00 854.00
820.00 869.00
1375.00 879.00
386.00 876.00
427.00 880.00
1846.00 904.00
484.00 894.00
1798.00 887.00
734.00 894.00
553.00 894.00
814.00 910.00
1681.00 932.00
2046.00 937.00
1636.00 915.00
1002.00 926.00
1905.00 918.00
704.00 935.00
1380.00 924.00
1067.00 945.00
1491.00 941.00
1151.00 948.00
260.00 956.00
301.00 963.00
1780.00 960.00
567.00 994.00
795.00 959.00
1847.00 962.00
1672.00 975.00
1594.00 989.00
1552.00 976.00
1997.00 973.00
1152.00 997.00
1737.00 987.00
1104.00 995.00
2053.00 1008.00
956.00 1018.00
724.00 1033.00
1820.00 1024.00
1096.00 1037.00
1141.00 1045.00
1819.00 1067.00
1245.00 1054.00
1776.00 1045.00
463.00 1061.00
2025.00 1084.00
350.00 1073.00
1674.00 1055.00
197.00 1048.00
1398.00 1076.00
285.00 1084.00
1512.00 1082.00
1888.00 1078.00
601.00 1093.00
741.00 1092.00
1591.00 1101.00
958.00 1115.00
1827.00 1116.00
1537.00 1136.00
1386.00 1125.00
700.00 1136.00
1922.00 1159.00
862.00 1138.00
1280.00 1136.00
531.00 1144.00
784.00 1144.00
2050.00 1155.00
635.00 1142.00
1768.00 1173.00
548.00 1187.00
783.00 1189.00
1167.00 1192.00
1094.00 1195.00
2009.00 1185.00
1411.00 1176.00
1473.00 1195.00
916.00 1186.00
735.00 1217.00
1365.00 1209.00
1296.00 1215.00
864.00 1220.00
1252.00 1219.00
1593.00 1219.00
783.00 1231.00
1427.00 1237.00
549.00 1255.00
1982.00 1248.00
1192.00 1260.00
1367.00 1263.00
1837.00 1262.00
863.00 1262.00
1138.00 1257.00
1628.00 1275.00
1297.00 1268.00
1776.00 1266.00
1902.00 1274.00
1194.00 1307.00
2099.00 1301.00
1522.00 1313.00
1118.00 1326.00
1026.00 1329.00
1842.00 1333.00
701.00 1323.00
1368.00 1319.00
1906.00 1342.00
1797.00 1345.00
2137.00 1356.00
1750.00 1361.00
1845.00 1378.00
2022.00 1379.00
1272.00 1385.00
1622.00 1412.00
1674.00 1415.00
1906.00 1431.00
1767.00 1438.00
1995.00 1422.00
669.00 1464.00
1088.00 1476.00
1146.00 1481.00
1321.00 1487.00
1717.00 1485.00
930.00 1501.00
1479.00 1486.00
1801.00 1510.00
595.00 1525.00
672.00 1524.00
2003.00 1528.00
783.00 1535.00
1351.00 1528.00
1594.00 1561.00
858.00 1587.00
1133.00 1580.00
1196.00 1595.00
540.00 1605.00
1538.00 1591.00
1495.00 1604.00
935.00 1622.00
535.00 1652.00
1214.00 1657.00
1510.00 1669.00
1562.00 1679.00
1605.00 1703.00
1312.00 1696.00
2040.00 1676.00
710.00 1717.00
589.00 1724.00
1119.00 1772.00
1953.00 1724.00
1308.00 1772.00
1254.00 1727.00
1578.00 1747.00
1466.00 1798.00
1515.00 1778.00
620.00 1787.00
1635.00 1767.00
1350.00 1778.00
1832.00 1781.00
2026.00 1805.00
2117.00 1803.00
1823.00 1842.00
1277.00 1863.00
1378.00 1889.00
1896.00 1883.00
1310.00 1918.00
1196.00 1922.00
1429.00 1917.00
1261.00 1928.00
1436.00 1963.00
1863.00 1957.00
1692.00 1975.00
1218.00 1987.00
1352.00 1989.00
1264.00 2020.00
555.00 2050.00
805.00 2051.00
1807.00 2042.00
