853.00 636.00
1651.00 696.00
664.00 652.00
828.00 688.00
1444.00 786.00
976.00 784.00
1409.00 856.00
1543.00 857.00
1446.00 897.00
1584.00 867.00
485.00 1055.00
919.00 1068.00
863.00 1065.00
482.00 1124.00
1064.00 1109.00
1665.00 1081.00
1023.00 1129.00
818.00 1145.00
1025.00 1173.00
1494.00 1198.00
1021.00 1218.00
1863.00 1231.00
558.00 1324.00
2006.00 1291.00
574.00 1392.00
998.00 1393.00
442.00 1425.00
576.00 1440.00
1090.00 1461.00
583.00 1496.00
1024.00 1473.00
1230.00 1469.00
881.00 1488.00
967.00 1487.00
1141.00 1500.00
471.00 1555.00
525.00 1553.00
580.00 1552.00
633.00 1550.00
687.00 1547.00
832.00 1542.00
880.00 1539.00
967.00 1536.00
1008.00 1535.00
1053.00 1534.00
1211.00 1528.00
1445.00 1523.00
1127.00 1545.00
632.00 1607.00
1568.00 1562.00
804.00 1608.00
877.00 1593.00
1447.00 1567.00
1279.00 1574.00
1129.00 1611.00
628.00 1665.00
780.00 1653.00
680.00 1660.00
732.00 1656.00
1313.00 1619.00
1009.00 1639.00
1170.00 1628.00
842.00 1670.00
1417.00 1659.00
517.00 1730.00
1350.00 1664.00
571.00 1726.00
626.00 1722.00
729.00 1713.00
780.00 1710.00
1172.00 1678.00
1130.00 1682.00
1000.00 1701.00
1514.00 1696.00
1451.00 1701.00
1352.00 1711.00
1207.00 1724.00
361.00 1803.00
676.00 1774.00
458.00 1796.00
625.00 1780.00
779.00 1764.00
825.00 1760.00
873.00 1755.00
515.00 1791.00
1090.00 1737.00
963.00 1748.00
1545.00 1737.00
1486.00 1744.00
1419.00 1751.00
1352.00 1758.00
1208.00 1774.00
826.00 1816.00
775.00 1824.00
963.00 1801.00
920.00 1806.00
729.00 1828.00
873.00 1813.00
514.00 1851.00
581.00 1844.00
624.00 1838.00
1550.00 1781.00
1509.00 1786.00
1454.00 1793.00
1354.00 1805.00
1282.00 1814.00
1183.00 1828.00
1131.00 1834.00
1006.00 1850.00
964.00 1856.00
918.00 1862.00
725.00 1885.00
776.00 1879.00
674.00 1891.00
566.00 1904.00
623.00 1898.00
356.00 1930.00
1412.00 1799.00
1247.00 1855.00
1632.00 1839.00
1589.00 1845.00
824.00 1912.00
725.00 1926.00
390.00 1971.00
1722.00 1863.00
1262.00 1907.00
1462.00 1893.00
860.00 1993.00
1096.00 1968.00
419.00 2041.00
1052.00 1961.00
