554.00 253.00
651.00 312.00
717.00 347.00
644.00 381.00
828.00 370.00
940.00 395.00
779.00 434.00
645.00 484.00
1995.00 389.00
347.00 504.00
686.00 493.00
839.00 501.00
980.00 490.00
1024.00 573.00
336.00 618.00
1712.00 541.00
1515.00 534.00
698.00 601.00
1572.00 547.00
870.00 621.00
1265.00 586.00
1917.00 572.00
194.00 637.00
281.00 669.00
974.00 695.00
1356.00 681.00
1429.00 676.00
394.00 685.00
1626.00 676.00
1555.00 696.00
917.00 774.00
1723.00 754.00
1559.00 801.00
1333.00 823.00
1951.00 789.00
2030.00 821.00
1884.00 829.00
1382.00 873.00
1475.00 871.00
692.00 904.00
745.00 905.00
1090.00 915.00
319.00 943.00
264.00 946.00
1786.00 903.00
1399.00 951.00
1891.00 936.00
1359.00 999.00
1587.00 975.00
574.00 1019.00
1401.00 1024.00
1087.00 1040.00
314.00 1059.00
798.00 1050.00
1372.00 1083.00
653.00 1118.00
68.00 1080.00
416.00 1130.00
578.00 1129.00
1655.00 1085.00
1809.00 1079.00
1757.00 1104.00
762.00 1180.00
1404.00 1125.00
434.00 1183.00
806.00 1160.00
1559.00 1141.00
632.00 1213.00
1819.00 1143.00
1764.00 1160.00
1879.00 1165.00
2133.00 1168.00
1385.00 1196.00
831.00 1222.00
1308.00 1229.00
1538.00 1184.00
1914.00 1214.00
1042.00 1247.00
642.00 1275.00
524.00 1290.00
421.00 1268.00
1719.00 1232.00
998.00 1302.00
565.00 1317.00
1530.00 1281.00
421.00 1343.00
342.00 1378.00
1067.00 1342.00
1466.00 1292.00
1303.00 1340.00
1420.00 1402.00
570.00 1391.00
1072.00 1422.00
402.00 1504.00
587.00 1488.00
475.00 1501.00
857.00 1482.00
264.00 1491.00
1602.00 1487.00
358.00 1545.00
524.00 1484.00
586.00 1530.00
1887.00 1514.00
961.00 1540.00
2148.00 1525.00
318.00 1611.00
741.00 1591.00
196.00 1641.00
394.00 1644.00
1220.00 1627.00
1469.00 1675.00
279.00 1685.00
1929.00 1692.00
1264.00 1740.00
375.00 1813.00
1662.00 1791.00
978.00 1829.00
1038.00 1841.00
1617.00 1858.00
663.00 1902.00
140.00 1931.00
1352.00 1859.00
952.00 1901.00
571.00 1925.00
1712.00 1912.00
1217.00 1934.00
1466.00 1970.00
1967.00 1984.00
133.00 2039.00
1782.00 1991.00
1650.00 1984.00
567.00 2026.00
1285.00 2004.00
418.00 2032.00
666.00 2023.00
760.00 2020.00
1202.00 2006.00
1912.00 2067.00
1786.00 2073.00
1358.00 2079.00
1435.00 2091.00
1280.00 2098.00
947.00 2114.00
664.00 2125.00
241.00 2134.00
334.00 2142.00
1854.00 2153.00
1724.00 2162.00
1656.00 2166.00
1587.00 2171.00
1513.00 2176.00
1439.00 2180.00
1205.00 2196.00
1119.00 2202.00
799.00 2223.00
655.00 2231.00
555.00 2237.00
447.00 2244.00
2043.00 2221.00
1922.00 2231.00
1857.00 2237.00
1795.00 2242.00
1726.00 2249.00
1660.00 2254.00
1588.00 2260.00
1517.00 2265.00
1208.00 2293.00
1118.00 2301.00
2049.00 2302.00
1036.00 2308.00
1990.00 2308.00
1928.00 2316.00
753.00 2330.00
1862.00 2321.00
656.00 2337.00
1799.00 2328.00
544.00 2347.00
447.00 2356.00
214.00 2364.00
335.00 2365.00
1592.00 2349.00
1519.00 2358.00
1444.00 2365.00
1362.00 2373.00
1284.00 2382.00
1203.00 2391.00
658.00 2428.00
1934.00 2399.00
934.00 2419.00
1805.00 2417.00
541.00 2455.00
1521.00 2450.00
330.00 2476.00
1442.00 2460.00
84.00 2503.00
712.00 2475.00
1365.00 2468.00
1287.00 2479.00
1939.00 2487.00
1204.00 2488.00
1874.00 2496.00
1117.00 2500.00
1032.00 2509.00
942.00 2520.00
2070.00 2530.00
1597.00 2533.00
748.00 2543.00
1952.00 2548.00
1526.00 2544.00
542.00 2569.00
1447.00 2555.00
1812.00 2568.00
207.00 2610.00
1672.00 2590.00
1205.00 2589.00
2095.00 2608.00
1117.00 2601.00
1031.00 2614.00
850.00 2649.00
1371.00 2635.00
746.00 2653.00
1314.00 2647.00
644.00 2668.00
1039.00 2685.00
304.00 2717.00
2124.00 2719.00
185.00 2734.00
841.00 2716.00
2015.00 2706.00
1544.00 2770.00
417.00 2784.00
1763.00 2753.00
184.00 2820.00
1234.00 2837.00
1577.00 2840.00
1442.00 2829.00
1240.00 2796.00
1795.00 2811.00
