226.00 359.00
1787.00 501.00
1016.00 568.00
1354.00 638.00
73.00 547.00
1610.00 688.00
1357.00 687.00
1403.00 757.00
1317.00 764.00
247.00 637.00
1781.00 796.00
1402.00 798.00
450.00 674.00
1405.00 852.00
1319.00 820.00
1561.00 825.00
1463.00 905.00
944.00 852.00
408.00 765.00
1857.00 961.00
185.00 781.00
1632.00 962.00
2021.00 1002.00
489.00 850.00
1408.00 926.00
1323.00 921.00
2047.00 1131.00
1568.00 1079.00
1048.00 1011.00
897.00 1007.00
1262.00 1024.00
760.00 997.00
614.00 987.00
557.00 988.00
1569.00 1146.00
1494.00 1145.00
2038.00 1197.00
105.00 957.00
921.00 1048.00
853.00 1044.00
1327.00 1088.00
756.00 1039.00
298.00 1001.00
1578.00 1197.00
1991.00 1221.00
1627.00 1205.00
885.00 1100.00
745.00 1127.00
481.00 1103.00
21.00 1057.00
1996.00 1275.00
1444.00 1221.00
906.00 1169.00
1875.00 1290.00
560.00 1154.00
283.00 1136.00
2053.00 1345.00
508.00 1203.00
1724.00 1339.00
553.00 1204.00
294.00 1215.00
1103.00 1289.00
81.00 1231.00
551.00 1271.00
1209.00 1322.00
742.00 1291.00
701.00 1290.00
338.00 1282.00
1682.00 1445.00
1167.00 1343.00
1022.00 1384.00
327.00 1348.00
1781.00 1477.00
2032.00 1534.00
1739.00 1516.00
1161.00 1436.00
1785.00 1529.00
1156.00 1603.00
331.00 1408.00
1844.00 1587.00
831.00 1441.00
484.00 1421.00
161.00 1406.00
2042.00 1641.00
288.00 1496.00
12.00 1523.00
1349.00 1593.00
221.00 1524.00
1434.00 1593.00
1929.00 1690.00
278.00 1546.00
1762.00 1681.00
1367.00 1665.00
467.00 1607.00
337.00 1608.00
267.00 1608.00
63.00 1607.00
1982.00 1768.00
1045.00 1788.00
1672.00 1768.00
1629.00 1756.00
1446.00 1781.00
1938.00 1799.00
1811.00 1844.00
76.00 1746.00
1536.00 1831.00
1469.00 1831.00
1226.00 1802.00
878.00 1835.00
159.00 1821.00
2069.00 1944.00
581.00 1862.00
196.00 1877.00
1699.00 1963.00
1423.00 1937.00
1577.00 1948.00
1785.00 1969.00
1861.00 1975.00
1904.00 1979.00
1950.00 1982.00
46.00 1935.00
1276.00 1951.00
141.00 1983.00
1455.00 2016.00
564.00 1975.00
1509.00 2025.00
1583.00 2037.00
1808.00 2042.00
1705.00 2067.00
1852.00 2102.00
2049.00 2100.00
1966.00 2104.00
1922.00 2105.00
1560.00 2121.00
1006.00 2078.00
1784.00 2101.00
1707.00 2122.00
176.00 2143.00
1778.00 2166.00
1359.00 2176.00
1536.00 2199.00
1713.00 2213.00
1649.00 2214.00
1592.00 2218.00
1895.00 2225.00
154.00 2263.00
324.00 2259.00
1436.00 2263.00
1379.00 2270.00
1719.00 2280.00
1439.00 2309.00
1599.00 2341.00
441.00 2349.00
1806.00 2312.00
1721.00 2334.00
1332.00 2375.00
1937.00 2364.00
1724.00 2386.00
1600.00 2395.00
1638.00 2492.00
1952.00 2500.00
1508.00 2569.00
429.00 2612.00
634.00 2598.00
1763.00 2562.00
629.00 2678.00
