1586.00 55.00
1664.00 117.00
1611.00 139.00
1722.00 181.00
1175.00 71.00
1517.00 182.00
1244.00 97.00
1245.00 145.00
1618.00 238.00
1002.00 113.00
351.00 60.00
624.00 79.00
1670.00 269.00
846.00 122.00
1352.00 219.00
711.00 114.00
755.00 137.00
821.00 166.00
292.00 95.00
1141.00 199.00
1476.00 282.00
933.00 215.00
1850.00 370.00
1622.00 330.00
289.00 170.00
1234.00 347.00
1353.00 328.00
637.00 240.00
1089.00 284.00
552.00 222.00
1153.00 311.00
439.00 255.00
850.00 300.00
1764.00 431.00
564.00 280.00
844.00 349.00
633.00 393.00
846.00 418.00
361.00 395.00
1248.00 500.00
464.00 422.00
519.00 442.00
771.00 451.00
631.00 454.00
999.00 488.00
1360.00 544.00
359.00 451.00
1248.00 549.00
703.00 476.00
748.00 494.00
807.00 513.00
404.00 514.00
434.00 558.00
833.00 559.00
648.00 543.00
209.00 521.00
339.00 546.00
328.00 649.00
120.00 605.00
681.00 632.00
543.00 708.00
256.00 700.00
625.00 728.00
251.00 777.00
601.00 843.00
644.00 851.00
697.00 861.00
297.00 874.00
397.00 887.00
25.00 920.00
635.00 934.00
312.00 940.00
774.00 981.00
238.00 1005.00
650.00 1061.00
14.00 1069.00
610.00 1193.00
675.00 1208.00
688.00 1267.00
334.00 1259.00
77.00 1297.00
25.00 1309.00
605.00 1336.00
491.00 1380.00
629.00 1405.00
440.00 1440.00
209.00 1459.00
10.00 1467.00
599.00 1490.00
21.00 1548.00
152.00 1546.00
254.00 1582.00
378.00 1590.00
239.00 1647.00
300.00 1676.00
591.00 1712.00
160.00 1768.00
296.00 1766.00
603.00 1773.00
504.00 1899.00
330.00 1950.00
146.00 1975.00
563.00 2005.00
431.00 2020.00
582.00 2071.00
341.00 2072.00
462.00 2128.00
537.00 2126.00
716.00 2139.00
924.00 2130.00
