1741.00 422.00
1746.00 466.00
1236.00 415.00
1757.00 534.00
1292.00 503.00
1809.00 607.00
1181.00 499.00
1247.00 558.00
1205.00 555.00
1699.00 727.00
963.00 640.00
1626.00 810.00
1449.00 799.00
1585.00 812.00
1135.00 826.00
1579.00 921.00
1574.00 867.00
946.00 823.00
1510.00 941.00
1256.00 903.00
1600.00 976.00
1025.00 886.00
1549.00 985.00
1245.00 948.00
1288.00 984.00
1464.00 1027.00
1209.00 997.00
1605.00 1067.00
1253.00 1078.00
1513.00 1113.00
1210.00 1076.00
1618.00 1155.00
1252.00 1161.00
1515.00 1178.00
1410.00 1208.00
1256.00 1210.00
1192.00 1212.00
450.00 1144.00
1337.00 1281.00
1086.00 1260.00
1246.00 1327.00
1205.00 1326.00
1302.00 1344.00
1360.00 1369.00
1429.00 1404.00
440.00 1383.00
1367.00 1463.00
1205.00 1465.00
1580.00 1507.00
1439.00 1510.00
1327.00 1513.00
437.00 1453.00
1372.00 1518.00
570.00 1466.00
1027.00 1516.00
970.00 1518.00
825.00 1521.00
393.00 1496.00
1050.00 1565.00
338.00 1532.00
963.00 1602.00
828.00 1621.00
1199.00 1633.00
1513.00 1698.00
1026.00 1674.00
883.00 1668.00
979.00 1706.00
1499.00 1740.00
538.00 1938.00
922.00 1980.00
233.00 2227.00
1017.00 2463.00
