1698.00 365.00
893.00 456.00
1616.00 435.00
1772.00 437.00
924.00 497.00
1692.00 500.00
1612.00 516.00
1091.00 528.00
892.00 553.00
1598.00 577.00
1439.00 583.00
1651.00 625.00
1255.00 601.00
1438.00 653.00
1610.00 657.00
1509.00 642.00
1557.00 693.00
1441.00 694.00
2080.00 742.00
1299.00 702.00
1361.00 713.00
846.00 719.00
1364.00 754.00
2116.00 923.00
1236.00 785.00
1183.00 802.00
1736.00 870.00
1809.00 881.00
1243.00 847.00
258.00 850.00
1183.00 859.00
720.00 862.00
1134.00 870.00
1629.00 931.00
1916.00 895.00
1741.00 931.00
648.00 874.00
794.00 881.00
1087.00 914.00
1004.00 954.00
1055.00 962.00
1675.00 1031.00
784.00 979.00
1530.00 1026.00
933.00 1016.00
1531.00 1081.00
963.00 1065.00
146.00 1077.00
96.00 1097.00
893.00 1106.00
838.00 1097.00
196.00 1104.00
1091.00 1111.00
429.00 1112.00
478.00 1117.00
641.00 1129.00
844.00 1156.00
1381.00 1172.00
895.00 1178.00
751.00 1192.00
380.00 1193.00
1195.00 1244.00
848.00 1228.00
91.00 1226.00
159.00 1220.00
1579.00 1209.00
442.00 1247.00
356.00 1251.00
709.00 1259.00
964.00 1353.00
638.00 1315.00
44.00 1322.00
1011.00 1344.00
1187.00 1377.00
324.00 1335.00
406.00 1338.00
911.00 1369.00
232.00 1355.00
1153.00 1336.00
1285.00 1314.00
490.00 1386.00
751.00 1430.00
692.00 1443.00
354.00 1422.00
572.00 1416.00
421.00 1462.00
490.00 1428.00
171.00 1447.00
268.00 1450.00
609.00 1488.00
932.00 1495.00
708.00 1496.00
658.00 1494.00
372.00 1495.00
553.00 1517.00
843.00 1529.00
1204.00 1531.00
154.00 1555.00
670.00 1567.00
453.00 1585.00
402.00 1596.00
1163.00 1636.00
246.00 1636.00
378.00 1651.00
436.00 1650.00
588.00 1635.00
667.00 1684.00
852.00 1721.00
748.00 1755.00
747.00 1800.00
481.00 1835.00
524.00 1821.00
274.00 1860.00
595.00 1883.00
794.00 1918.00
405.00 1980.00
1493.00 2057.00
786.00 2039.00
458.00 2190.00
264.00 2221.00
626.00 2215.00
309.00 2283.00
260.00 2309.00
258.00 2353.00
254.00 2409.00
381.00 2480.00
595.00 2568.00
