1536.00 298.00
1597.00 327.00
1631.00 372.00
774.00 523.00
733.00 548.00
835.00 558.00
401.00 641.00
1698.00 506.00
569.00 632.00
523.00 647.00
1747.00 526.00
1107.00 662.00
1152.00 622.00
585.00 681.00
1200.00 636.00
1772.00 601.00
541.00 747.00
1822.00 624.00
365.00 782.00
463.00 825.00
360.00 859.00
1880.00 737.00
768.00 863.00
405.00 876.00
661.00 864.00
1231.00 820.00
1173.00 837.00
1398.00 826.00
1439.00 826.00
813.00 867.00
663.00 905.00
797.00 930.00
1672.00 828.00
1988.00 837.00
366.00 956.00
413.00 972.00
750.00 954.00
555.00 1022.00
632.00 967.00
966.00 1015.00
2057.00 936.00
1038.00 1006.00
631.00 1023.00
411.00 1075.00
1490.00 996.00
1637.00 989.00
1447.00 1009.00
667.00 1073.00
822.00 1080.00
998.00 1071.00
504.00 1116.00
870.00 1108.00
1696.00 1073.00
465.00 1158.00
552.00 1138.00
719.00 1149.00
1176.00 1117.00
2128.00 1072.00
1127.00 1129.00
1082.00 1141.00
1221.00 1138.00
789.00 1165.00
918.00 1159.00
1637.00 1131.00
1397.00 1157.00
1691.00 1132.00
1285.00 1168.00
486.00 1232.00
1058.00 1207.00
404.00 1256.00
896.00 1230.00
1169.00 1208.00
598.00 1272.00
1411.00 1228.00
644.00 1282.00
937.00 1260.00
462.00 1314.00
1569.00 1221.00
1883.00 1206.00
1111.00 1257.00
745.00 1277.00
997.00 1270.00
1935.00 1230.00
1233.00 1275.00
1842.00 1243.00
1621.00 1251.00
1792.00 1255.00
696.00 1332.00
547.00 1339.00
818.00 1328.00
1894.00 1277.00
1339.00 1298.00
447.00 1371.00
1447.00 1300.00
932.00 1350.00
2089.00 1304.00
1361.00 1339.00
719.00 1388.00
1928.00 1327.00
1319.00 1356.00
1573.00 1320.00
944.00 1400.00
1666.00 1346.00
1814.00 1346.00
1007.00 1416.00
1475.00 1385.00
1527.00 1387.00
1051.00 1424.00
868.00 1415.00
1877.00 1381.00
394.00 1469.00
1320.00 1402.00
2013.00 1383.00
1249.00 1451.00
1389.00 1434.00
1669.00 1395.00
1931.00 1411.00
1130.00 1462.00
965.00 1468.00
1713.00 1439.00
1616.00 1467.00
1672.00 1448.00
2145.00 1451.00
1837.00 1467.00
2052.00 1462.00
1713.00 1484.00
1281.00 1530.00
1994.00 1504.00
1899.00 1527.00
1758.00 1537.00
2035.00 1547.00
1841.00 1528.00
1783.00 1586.00
1905.00 1594.00
1739.00 1605.00
2066.00 1616.00
1786.00 1629.00
681.00 1777.00
1603.00 1747.00
1811.00 1812.00
1710.00 1878.00
1836.00 1898.00
1655.00 1910.00
1745.00 1923.00
684.00 1969.00
965.00 2006.00
1840.00 2016.00
718.00 2058.00
1020.00 2080.00
1305.00 2112.00
957.00 2123.00
1217.00 2126.00
1000.00 2129.00
1895.00 2141.00
664.00 2147.00
1899.00 2244.00
880.00 2284.00
1526.00 2307.00
1702.00 2327.00
1077.00 2309.00
1440.00 2335.00
1641.00 2352.00
1388.00 2352.00
1851.00 2368.00
1584.00 2379.00
1495.00 2416.00
2036.00 2431.00
1684.00 2456.00
1355.00 2477.00
1616.00 2491.00
1557.00 2523.00
1223.00 2533.00
1158.00 2561.00
1821.00 2590.00
1350.00 2632.00
1794.00 2692.00
1198.00 2667.00
1168.00 2754.00
