994.00 140.00
953.00 178.00
348.00 203.00
952.00 523.00
338.00 451.00
1459.00 588.00
757.00 672.00
1229.00 633.00
1904.00 636.00
1539.00 668.00
1785.00 702.00
858.00 686.00
573.00 747.00
1916.00 772.00
351.00 788.00
333.00 838.00
1984.00 837.00
1922.00 845.00
1583.00 869.00
799.00 873.00
351.00 884.00
352.00 965.00
187.00 987.00
1935.00 994.00
872.00 1005.00
674.00 1060.00
562.00 1051.00
296.00 1045.00
1102.00 1056.00
933.00 1067.00
1157.00 1089.00
853.00 1085.00
1700.00 1095.00
1248.00 1098.00
1958.00 1114.00
795.00 1102.00
354.00 1106.00
593.00 1172.00
1212.00 1164.00
309.00 1197.00
1662.00 1211.00
686.00 1225.00
1853.00 1226.00
1536.00 1227.00
876.00 1245.00
1214.00 1234.00
1006.00 1278.00
924.00 1270.00
1880.00 1284.00
1952.00 1288.00
1264.00 1274.00
1730.00 1303.00
318.00 1306.00
1632.00 1326.00
1800.00 1315.00
877.00 1294.00
1951.00 1344.00
792.00 1328.00
361.00 1330.00
1258.00 1332.00
1464.00 1346.00
1023.00 1385.00
1616.00 1373.00
1882.00 1386.00
61.00 1374.00
518.00 1386.00
1075.00 1395.00
1589.00 1441.00
718.00 1409.00
487.00 1467.00
784.00 1442.00
1909.00 1475.00
1677.00 1504.00
1220.00 1466.00
1555.00 1486.00
404.00 1488.00
1352.00 1528.00
477.00 1510.00
283.00 1528.00
1778.00 1573.00
1260.00 1536.00
1309.00 1607.00
1379.00 1618.00
566.00 1624.00
192.00 1611.00
723.00 1654.00
1869.00 1686.00
877.00 1664.00
410.00 1630.00
1828.00 1706.00
491.00 1693.00
424.00 1689.00
1296.00 1751.00
1646.00 1772.00
1170.00 1764.00
937.00 1765.00
1457.00 1783.00
420.00 1736.00
1825.00 1827.00
1684.00 1825.00
967.00 1829.00
868.00 1843.00
1739.00 1857.00
1798.00 1890.00
797.00 1875.00
1831.00 1934.00
1175.00 1922.00
928.00 1921.00
1762.00 1952.00
1882.00 1965.00
340.00 1936.00
1751.00 2073.00
629.00 2011.00
588.00 2032.00
874.00 2053.00
1756.00 2118.00
585.00 2081.00
1761.00 2184.00
1179.00 2229.00
1658.00 2270.00
1060.00 2411.00
1104.00 2445.00
