268.00 753.00
649.00 900.00
435.00 948.00
1154.00 1027.00
620.00 1036.00
1206.00 1031.00
1247.00 1028.00
622.00 1080.00
810.00 1077.00
981.00 1091.00
1036.00 1170.00
2104.00 1175.00
823.00 1283.00
938.00 1289.00
377.00 1339.00
1682.00 1345.00
1022.00 1311.00
907.00 1339.00
561.00 1343.00
744.00 1362.00
794.00 1364.00
383.00 1413.00
704.00 1430.00
747.00 1431.00
1570.00 1400.00
795.00 1457.00
863.00 1509.00
967.00 1506.00
809.00 1521.00
1906.00 1485.00
1557.00 1516.00
671.00 1559.00
1412.00 1560.00
908.00 1624.00
436.00 1713.00
1806.00 1904.00
