639.00 718.00
801.00 648.00
808.00 809.00
720.00 924.00
235.00 854.00
1537.00 893.00
1551.00 952.00
752.00 1043.00
243.00 1005.00
508.00 1089.00
1418.00 1071.00
366.00 1043.00
1878.00 1032.00
790.00 1155.00
1668.00 1096.00
1936.00 1165.00
263.00 1159.00
815.00 1200.00
1579.00 1184.00
1425.00 1187.00
1756.00 1178.00
1855.00 1157.00
464.00 1203.00
1416.00 1241.00
1683.00 1227.00
1779.00 1236.00
760.00 1296.00
505.00 1273.00
1002.00 1278.00
2022.00 1226.00
1073.00 1290.00
263.00 1267.00
1865.00 1258.00
1270.00 1293.00
1607.00 1300.00
1874.00 1330.00
2036.00 1328.00
740.00 1373.00
224.00 1349.00
1139.00 1314.00
379.00 1350.00
811.00 1390.00
427.00 1353.00
1152.00 1365.00
634.00 1421.00
465.00 1405.00
1913.00 1411.00
1098.00 1446.00
2054.00 1428.00
926.00 1461.00
326.00 1433.00
284.00 1454.00
1795.00 1473.00
865.00 1495.00
2029.00 1476.00
430.00 1458.00
1056.00 1481.00
916.00 1508.00
633.00 1516.00
1908.00 1498.00
2062.00 1545.00
645.00 1559.00
735.00 1545.00
1508.00 1548.00
689.00 1567.00
2132.00 1543.00
205.00 1539.00
1325.00 1557.00
281.00 1559.00
158.00 1565.00
1916.00 1578.00
1680.00 1591.00
200.00 1592.00
485.00 1646.00
1756.00 1608.00
1489.00 1609.00
724.00 1632.00
260.00 1609.00
1824.00 1616.00
1150.00 1634.00
150.00 1622.00
1924.00 1659.00
301.00 1625.00
1714.00 1636.00
1670.00 1632.00
206.00 1648.00
876.00 1668.00
654.00 1688.00
990.00 1690.00
2077.00 1674.00
885.00 1710.00
1064.00 1694.00
1226.00 1733.00
587.00 1731.00
1649.00 1731.00
1009.00 1741.00
1966.00 1730.00
146.00 1751.00
1495.00 1742.00
2063.00 1773.00
1116.00 1785.00
1669.00 1788.00
1966.00 1798.00
1009.00 1798.00
1624.00 1794.00
1752.00 1807.00
1519.00 1817.00
810.00 1815.00
866.00 1814.00
1050.00 1831.00
632.00 1845.00
1272.00 1837.00
479.00 1866.00
1230.00 1872.00
1329.00 1864.00
1118.00 1895.00
749.00 1897.00
1031.00 1895.00
605.00 1892.00
564.00 1908.00
1735.00 1935.00
1016.00 1940.00
1517.00 1950.00
650.00 1941.00
1438.00 1947.00
1566.00 1964.00
1354.00 1967.00
2078.00 2076.00
1922.00 2096.00
1219.00 2110.00
2069.00 2119.00
1926.00 2138.00
1754.00 2164.00
1828.00 2191.00
1348.00 2177.00
1454.00 2180.00
1128.00 2209.00
1248.00 2219.00
1296.00 2326.00
1229.00 2349.00
1341.00 2389.00
1966.00 2493.00
469.00 2453.00
