437.00 512.00
1798.00 707.00
1975.00 735.00
482.00 595.00
1715.00 719.00
1847.00 744.00
1801.00 748.00
42.00 627.00
1806.00 812.00
1911.00 803.00
1462.00 765.00
1670.00 797.00
1370.00 795.00
1033.00 765.00
1108.00 774.00
1848.00 852.00
1807.00 855.00
1920.00 870.00
1284.00 835.00
37.00 723.00
1452.00 847.00
1813.00 913.00
1037.00 851.00
1475.00 906.00
237.00 816.00
278.00 824.00
1385.00 910.00
1724.00 941.00
1080.00 909.00
1178.00 924.00
1502.00 954.00
1543.00 951.00
1039.00 980.00
901.00 1012.00
1754.00 1071.00
1853.00 1106.00
1626.00 1119.00
1780.00 1144.00
1709.00 1148.00
1668.00 1159.00
1559.00 1205.00
1464.00 1209.00
1671.00 1220.00
555.00 1166.00
1423.00 1211.00
381.00 1168.00
596.00 1171.00
843.00 1191.00
1723.00 1260.00
631.00 1221.00
1090.00 1249.00
1471.00 1278.00
1032.00 1223.00
755.00 1242.00
957.00 1286.00
562.00 1249.00
412.00 1252.00
684.00 1269.00
879.00 1299.00
1086.00 1309.00
1321.00 1319.00
1030.00 1282.00
1502.00 1324.00
585.00 1322.00
1380.00 1353.00
1272.00 1379.00
734.00 1360.00
1682.00 1403.00
1400.00 1400.00
1343.00 1412.00
1077.00 1427.00
1273.00 1452.00
1192.00 1459.00
150.00 1412.00
1687.00 1469.00
691.00 1441.00
1563.00 1456.00
614.00 1441.00
1400.00 1465.00
1032.00 1429.00
393.00 1501.00
615.00 1506.00
1411.00 1519.00
1475.00 1556.00
566.00 1621.00
1684.00 1626.00
990.00 1642.00
1642.00 1662.00
1260.00 1677.00
1573.00 1715.00
1670.00 1703.00
1262.00 1721.00
1067.00 1732.00
1419.00 1747.00
1680.00 1762.00
1772.00 1771.00
1513.00 1764.00
1011.00 1789.00
1582.00 1805.00
1165.00 1819.00
966.00 1826.00
1659.00 1866.00
1051.00 1873.00
406.00 1919.00
818.00 1917.00
871.00 1916.00
994.00 1915.00
647.00 1921.00
698.00 1919.00
764.00 1919.00
936.00 1916.00
1416.00 1909.00
1831.00 1904.00
588.00 1922.00
1603.00 1908.00
1689.00 1907.00
1730.00 1906.00
544.00 1924.00
1542.00 1910.00
647.00 1966.00
744.00 1982.00
586.00 1984.00
698.00 1981.00
874.00 1978.00
931.00 1978.00
974.00 1977.00
463.00 1989.00
1056.00 1975.00
1148.00 1974.00
1294.00 1973.00
1355.00 1972.00
1414.00 1973.00
1482.00 1971.00
1544.00 1972.00
1608.00 1971.00
1735.00 1969.00
1667.00 1970.00
1858.00 1967.00
643.00 2043.00
697.00 2042.00
932.00 2039.00
1059.00 2038.00
1113.00 2038.00
1355.00 2036.00
1548.00 2034.00
1484.00 2037.00
1670.00 2032.00
1274.00 2044.00
1734.00 2033.00
1797.00 2029.00
351.00 2073.00
642.00 2103.00
588.00 2121.00
1298.00 2100.00
415.00 2142.00
1423.00 2124.00
582.00 2168.00
752.00 2166.00
802.00 2165.00
932.00 2165.00
995.00 2167.00
395.00 2192.00
1055.00 2166.00
1114.00 2165.00
1175.00 2165.00
1301.00 2164.00
1362.00 2165.00
1551.00 2163.00
463.00 2210.00
1807.00 2161.00
1491.00 2179.00
876.00 2205.00
639.00 2229.00
693.00 2230.00
832.00 2227.00
994.00 2229.00
1055.00 2231.00
1115.00 2231.00
1302.00 2230.00
1620.00 2230.00
1488.00 2240.00
533.00 2294.00
638.00 2294.00
936.00 2293.00
1023.00 2294.00
1117.00 2294.00
1261.00 2293.00
1323.00 2308.00
1368.00 2296.00
1432.00 2295.00
1559.00 2293.00
1621.00 2294.00
1684.00 2294.00
528.00 2354.00
637.00 2356.00
1789.00 2295.00
1884.00 2298.00
817.00 2357.00
994.00 2359.00
1044.00 2359.00
1120.00 2360.00
1622.00 2335.00
1208.00 2361.00
1249.00 2361.00
533.00 2402.00
383.00 2413.00
1326.00 2362.00
192.00 2418.00
1663.00 2346.00
1500.00 2361.00
1575.00 2358.00
1758.00 2361.00
110.00 2459.00
1832.00 2361.00
1888.00 2360.00
543.00 2443.00
730.00 2443.00
486.00 2470.00
925.00 2435.00
1571.00 2407.00
1628.00 2407.00
332.00 2490.00
1314.00 2441.00
218.00 2511.00
90.00 2545.00
1018.00 2465.00
1073.00 2467.00
854.00 2484.00
1252.00 2469.00
374.00 2516.00
1847.00 2441.00
290.00 2536.00
243.00 2557.00
18.00 2551.00
665.00 2534.00
1675.00 2472.00
1927.00 2456.00
841.00 2531.00
1082.00 2531.00
1256.00 2524.00
284.00 2599.00
904.00 2556.00
990.00 2555.00
1460.00 2530.00
1680.00 2532.00
641.00 2611.00
1255.00 2571.00
274.00 2656.00
1127.00 2600.00
408.00 2655.00
484.00 2712.00
1510.00 2635.00
295.00 2784.00
