542.00 46.00
885.00 139.00
711.00 196.00
773.00 254.00
1689.00 239.00
924.00 240.00
327.00 449.00
523.00 468.00
1663.00 395.00
958.00 430.00
785.00 502.00
1923.00 518.00
408.00 633.00
487.00 623.00
1715.00 557.00
531.00 631.00
770.00 550.00
461.00 684.00
506.00 689.00
1574.00 700.00
956.00 668.00
1750.00 774.00
2043.00 842.00
813.00 750.00
1664.00 833.00
912.00 780.00
2001.00 823.00
561.00 816.00
1262.00 700.00
292.00 871.00
2046.00 904.00
1890.00 877.00
488.00 915.00
412.00 905.00
969.00 848.00
1033.00 849.00
1759.00 908.00
561.00 888.00
769.00 875.00
1888.00 923.00
1805.00 938.00
885.00 900.00
323.00 1014.00
1039.00 890.00
1573.00 947.00
1177.00 911.00
435.00 987.00
1855.00 975.00
491.00 979.00
1291.00 941.00
768.00 986.00
844.00 949.00
1613.00 1027.00
960.00 983.00
425.00 1028.00
1187.00 979.00
1819.00 1051.00
1090.00 987.00
501.00 1029.00
1736.00 1073.00
825.00 1013.00
1611.00 1076.00
782.00 1042.00
1163.00 1039.00
1784.00 1099.00
345.00 1094.00
1464.00 1115.00
845.00 1059.00
769.00 1085.00
1518.00 1146.00
1676.00 1145.00
2133.00 1191.00
400.00 1140.00
505.00 1155.00
1775.00 1181.00
1340.00 1141.00
600.00 1155.00
847.00 1204.00
1276.00 1245.00
1762.00 1277.00
799.00 1223.00
1853.00 1275.00
893.00 1227.00
983.00 1242.00
719.00 1278.00
608.00 1277.00
1281.00 1306.00
1182.00 1303.00
554.00 1284.00
1533.00 1311.00
892.00 1283.00
1183.00 1377.00
1282.00 1369.00
357.00 1381.00
891.00 1385.00
666.00 1418.00
1184.00 1420.00
1128.00 1438.00
583.00 1506.00
613.00 1557.00
686.00 1528.00
405.00 1568.00
783.00 1553.00
1038.00 1621.00
385.00 1666.00
751.00 1704.00
702.00 1741.00
516.00 1790.00
801.00 1863.00
889.00 1865.00
747.00 1843.00
697.00 1910.00
914.00 1941.00
