1154.00 214.00
1899.00 361.00
1395.00 298.00
1802.00 368.00
547.00 231.00
2056.00 446.00
963.00 277.00
1118.00 361.00
1093.00 404.00
1738.00 502.00
1167.00 411.00
1863.00 514.00
2129.00 635.00
1573.00 457.00
1401.00 462.00
418.00 389.00
1767.00 546.00
1719.00 562.00
829.00 453.00
1652.00 584.00
2062.00 656.00
1411.00 593.00
1376.00 640.00
1666.00 679.00
1102.00 664.00
1614.00 708.00
1851.00 840.00
784.00 751.00
1646.00 851.00
728.00 773.00
1590.00 896.00
1391.00 889.00
1818.00 926.00
2105.00 1061.00
1033.00 950.00
830.00 967.00
1209.00 1005.00
163.00 900.00
688.00 991.00
1302.00 1061.00
997.00 1045.00
1214.00 1084.00
80.00 1005.00
1644.00 1183.00
714.00 1116.00
1217.00 1162.00
602.00 1146.00
1028.00 1196.00
2024.00 1258.00
1166.00 1219.00
1643.00 1226.00
659.00 1195.00
877.00 1216.00
447.00 1187.00
1258.00 1259.00
1439.00 1277.00
1000.00 1282.00
292.00 1228.00
1383.00 1277.00
428.00 1252.00
1213.00 1296.00
220.00 1245.00
54.00 1243.00
292.00 1286.00
865.00 1347.00
217.00 1303.00
2103.00 1437.00
488.00 1358.00
763.00 1379.00
409.00 1407.00
585.00 1405.00
1331.00 1443.00
1416.00 1467.00
1917.00 1494.00
825.00 1481.00
2030.00 1518.00
115.00 1549.00
2068.00 1935.00
2034.00 2023.00
184.00 2286.00
2092.00 2211.00
771.00 2345.00
2040.00 2212.00
2012.00 2303.00
1108.00 2424.00
505.00 2513.00
1341.00 2408.00
2115.00 2345.00
1213.00 2448.00
2054.00 2409.00
2014.00 2453.00
895.00 2807.00
