970.00 105.00
1829.00 55.00
1059.00 154.00
979.00 182.00
1874.00 71.00
1047.00 204.00
1206.00 209.00
951.00 230.00
538.00 297.00
1657.00 208.00
941.00 302.00
1644.00 259.00
1022.00 320.00
1603.00 263.00
1093.00 325.00
557.00 388.00
1158.00 330.00
1222.00 335.00
1282.00 340.00
1345.00 344.00
1410.00 348.00
2066.00 277.00
1471.00 354.00
551.00 465.00
1594.00 362.00
641.00 458.00
1068.00 475.00
1867.00 448.00
1136.00 526.00
1086.00 539.00
1177.00 559.00
1798.00 513.00
2072.00 489.00
527.00 648.00
1993.00 534.00
538.00 689.00
659.00 679.00
2138.00 591.00
597.00 698.00
669.00 723.00
550.00 734.00
761.00 731.00
608.00 754.00
1076.00 757.00
810.00 783.00
975.00 783.00
638.00 805.00
1019.00 804.00
1067.00 802.00
1847.00 766.00
1573.00 784.00
1893.00 763.00
529.00 850.00
636.00 853.00
746.00 849.00
1120.00 830.00
961.00 873.00
1271.00 837.00
1324.00 839.00
857.00 880.00
1104.00 883.00
1533.00 870.00
1175.00 886.00
2006.00 828.00
700.00 923.00
828.00 929.00
1745.00 885.00
899.00 931.00
1478.00 905.00
1155.00 937.00
743.00 956.00
1534.00 920.00
1078.00 947.00
1593.00 922.00
1395.00 937.00
970.00 940.00
647.00 997.00
1230.00 974.00
1661.00 955.00
1581.00 995.00
1760.00 970.00
1536.00 1012.00
630.00 1056.00
1673.00 1000.00
1254.00 1018.00
1050.00 1028.00
1909.00 992.00
1148.00 1030.00
1353.00 1048.00
1583.00 1046.00
1057.00 1075.00
1102.00 1064.00
1343.00 1092.00
1056.00 1120.00
1314.00 1139.00
761.00 1140.00
720.00 1143.00
2150.00 1099.00
876.00 1146.00
969.00 1144.00
2092.00 1123.00
1383.00 1150.00
1432.00 1151.00
802.00 1166.00
2022.00 1177.00
1821.00 1152.00
1705.00 1149.00
874.00 1195.00
946.00 1196.00
1012.00 1198.00
523.00 1193.00
626.00 1199.00
1870.00 1180.00
1058.00 1204.00
761.00 1206.00
1106.00 1187.00
1370.00 1212.00
946.00 1244.00
1590.00 1243.00
720.00 1246.00
1262.00 1252.00
508.00 1284.00
1037.00 1272.00
779.00 1290.00
560.00 1295.00
1320.00 1289.00
1729.00 1304.00
1832.00 1292.00
1121.00 1327.00
835.00 1332.00
983.00 1318.00
789.00 1347.00
1457.00 1349.00
1067.00 1370.00
1149.00 1373.00
629.00 1380.00
909.00 1402.00
1155.00 1414.00
1857.00 1457.00
1432.00 1457.00
981.00 1452.00
866.00 1477.00
916.00 1484.00
1732.00 1509.00
1152.00 1514.00
819.00 1515.00
907.00 1525.00
1939.00 1562.00
1099.00 1555.00
2087.00 1562.00
835.00 1556.00
1580.00 1579.00
2018.00 1591.00
878.00 1572.00
1507.00 1582.00
1021.00 1592.00
1253.00 1599.00
1652.00 1614.00
928.00 1584.00
1371.00 1615.00
846.00 1621.00
1048.00 1639.00
1615.00 1664.00
1119.00 1644.00
990.00 1641.00
941.00 1630.00
1793.00 1674.00
1723.00 1679.00
1197.00 1673.00
1425.00 1696.00
1046.00 1680.00
1552.00 1714.00
834.00 1683.00
1725.00 1749.00
924.00 1704.00
581.00 1722.00
860.00 1744.00
649.00 1776.00
1064.00 1748.00
1989.00 1828.00
812.00 1776.00
763.00 1776.00
883.00 1790.00
693.00 1785.00
1129.00 1795.00
604.00 1805.00
547.00 1802.00
765.00 1830.00
1021.00 1810.00
1730.00 1862.00
1175.00 1830.00
1149.00 1885.00
614.00 1863.00
1098.00 1893.00
831.00 1891.00
1803.00 1922.00
1027.00 1939.00
1138.00 1937.00
954.00 1941.00
668.00 1931.00
585.00 1933.00
769.00 1972.00
1181.00 1982.00
549.00 2017.00
718.00 2003.00
972.00 2027.00
1452.00 2039.00
1811.00 2087.00
832.00 2032.00
784.00 2032.00
1643.00 2095.00
774.00 2090.00
775.00 2138.00
