1062.00 261.00
1541.00 360.00
1005.00 478.00
422.00 551.00
1300.00 548.00
1016.00 540.00
896.00 563.00
643.00 552.00
1660.00 539.00
1204.00 570.00
1606.00 562.00
1476.00 579.00
1115.00 651.00
960.00 662.00
683.00 705.00
1650.00 606.00
1487.00 648.00
1065.00 713.00
1171.00 745.00
1009.00 731.00
2103.00 635.00
640.00 755.00
740.00 798.00
1132.00 861.00
260.00 1126.00
1694.00 798.00
1496.00 832.00
1750.00 806.00
432.00 919.00
1392.00 869.00
648.00 899.00
1662.00 873.00
1891.00 857.00
333.00 1020.00
1948.00 909.00
2114.00 885.00
1655.00 927.00
1843.00 950.00
1475.00 1016.00
2010.00 944.00
2144.00 959.00
1659.00 1000.00
1915.00 1000.00
1806.00 1009.00
1972.00 1010.00
840.00 1133.00
900.00 1148.00
1019.00 1121.00
1851.00 1098.00
566.00 1216.00
1810.00 1112.00
908.00 1197.00
701.00 1220.00
992.00 1203.00
743.00 1224.00
606.00 1263.00
1406.00 1197.00
1091.00 1235.00
1967.00 1172.00
960.00 1278.00
743.00 1282.00
695.00 1290.00
1034.00 1303.00
575.00 1321.00
1141.00 1313.00
1082.00 1318.00
732.00 1343.00
587.00 1370.00
843.00 1373.00
1477.00 1360.00
775.00 1436.00
1687.00 1437.00
1083.00 1434.00
894.00 1475.00
1559.00 1438.00
829.00 1486.00
942.00 1487.00
1511.00 1448.00
1408.00 1476.00
1728.00 1460.00
935.00 1530.00
1601.00 1515.00
660.00 1550.00
467.00 1560.00
768.00 1559.00
1278.00 1532.00
1198.00 1538.00
982.00 1580.00
902.00 1588.00
547.00 1601.00
1814.00 1597.00
1200.00 1594.00
1617.00 1576.00
1421.00 1596.00
1068.00 1632.00
908.00 1635.00
795.00 1645.00
509.00 1648.00
449.00 1672.00
1330.00 1644.00
938.00 1711.00
1076.00 1714.00
1186.00 1766.00
1425.00 1703.00
459.00 1735.00
1130.00 1727.00
839.00 1748.00
1351.00 1729.00
1028.00 1765.00
458.00 1779.00
718.00 1789.00
1744.00 1789.00
611.00 1806.00
676.00 1809.00
1431.00 1818.00
908.00 1827.00
731.00 1843.00
1735.00 1848.00
1154.00 1859.00
783.00 1869.00
917.00 1868.00
1211.00 1878.00
496.00 1887.00
836.00 1952.00
1076.00 1964.00
1400.00 2134.00
282.00 2238.00
1084.00 2552.00
268.00 2472.00
649.00 2490.00
209.00 2494.00
1013.00 2593.00
268.00 2550.00
460.00 2583.00
679.00 2664.00
574.00 2716.00
406.00 2740.00
