1510.00 172.00
1357.00 173.00
1556.00 153.00
682.00 420.00
1233.00 326.00
1295.00 339.00
1191.00 363.00
1644.00 360.00
1167.00 444.00
725.00 551.00
1646.00 426.00
1225.00 488.00
1302.00 483.00
1512.00 487.00
1129.00 542.00
1984.00 453.00
881.00 612.00
1312.00 553.00
1548.00 543.00
794.00 805.00
1272.00 636.00
589.00 856.00
988.00 887.00
933.00 908.00
1044.00 925.00
1097.00 927.00
986.00 955.00
941.00 956.00
1279.00 922.00
1336.00 922.00
1424.00 961.00
1096.00 1041.00
1847.00 967.00
1216.00 1086.00
1465.00 1075.00
1284.00 1151.00
1707.00 1120.00
584.00 1237.00
1316.00 1228.00
1613.00 1223.00
1629.00 1273.00
1245.00 1332.00
1347.00 1359.00
1215.00 1394.00
1408.00 1368.00
1289.00 1419.00
1843.00 1395.00
734.00 1478.00
1377.00 1481.00
1501.00 1464.00
830.00 1535.00
1581.00 1562.00
1576.00 1611.00
938.00 1668.00
1520.00 1653.00
984.00 1671.00
974.00 1731.00
1618.00 1812.00
1045.00 1814.00
709.00 1838.00
861.00 1834.00
1302.00 1889.00
1833.00 2358.00
886.00 2582.00
