686.00 502.00
435.00 624.00
55.00 801.00
571.00 807.00
812.00 829.00
1564.00 855.00
1817.00 836.00
497.00 1000.00
676.00 1018.00
1661.00 1029.00
389.00 1080.00
687.00 1161.00
381.00 1177.00
475.00 1181.00
576.00 1196.00
643.00 1201.00
438.00 1232.00
1609.00 1157.00
206.00 1258.00
284.00 1274.00
844.00 1258.00
413.00 1305.00
666.00 1307.00
308.00 1345.00
239.00 1325.00
528.00 1312.00
310.00 1386.00
559.00 1424.00
482.00 1432.00
100.00 1437.00
626.00 1440.00
841.00 1415.00
246.00 1461.00
704.00 1456.00
887.00 1425.00
710.00 1532.00
226.00 1523.00
851.00 1541.00
987.00 1569.00
593.00 1660.00
437.00 1708.00
962.00 1675.00
545.00 1737.00
680.00 1863.00
616.00 2054.00
831.00 2069.00
484.00 2103.00
1573.00 2125.00
556.00 2156.00
