681.00 154.00
1141.00 90.00
736.00 202.00
1141.00 136.00
694.00 216.00
660.00 353.00
1294.00 273.00
854.00 389.00
900.00 384.00
798.00 386.00
1456.00 286.00
1722.00 348.00
975.00 467.00
891.00 445.00
1085.00 477.00
1149.00 477.00
820.00 561.00
1753.00 451.00
1194.00 488.00
1376.00 422.00
1022.00 507.00
1969.00 427.00
1506.00 461.00
889.00 561.00
1183.00 544.00
775.00 600.00
1729.00 495.00
969.00 608.00
1022.00 622.00
1084.00 589.00
1465.00 523.00
822.00 615.00
1510.00 557.00
1732.00 548.00
724.00 653.00
876.00 627.00
1148.00 630.00
1452.00 586.00
2016.00 535.00
1424.00 633.00
1617.00 596.00
960.00 661.00
1684.00 609.00
1215.00 613.00
1014.00 671.00
822.00 686.00
1511.00 612.00
1764.00 606.00
1084.00 651.00
865.00 691.00
1619.00 653.00
1675.00 669.00
1739.00 660.00
657.00 719.00
1021.00 735.00
814.00 727.00
1513.00 683.00
1149.00 694.00
1410.00 729.00
902.00 765.00
1360.00 742.00
1148.00 754.00
1052.00 791.00
1558.00 724.00
1426.00 787.00
1188.00 813.00
872.00 831.00
678.00 857.00
1096.00 845.00
1104.00 799.00
1842.00 814.00
1147.00 888.00
841.00 877.00
2038.00 809.00
1299.00 860.00
1362.00 837.00
1076.00 887.00
831.00 926.00
743.00 896.00
1889.00 899.00
1231.00 925.00
1519.00 893.00
1052.00 952.00
1557.00 955.00
710.00 987.00
901.00 989.00
1006.00 990.00
1888.00 966.00
742.00 946.00
1229.00 983.00
1687.00 983.00
1754.00 964.00
1150.00 1010.00
703.00 1034.00
2135.00 960.00
1203.00 1025.00
972.00 1051.00
1639.00 997.00
1525.00 1056.00
1728.00 1009.00
1436.00 1037.00
1042.00 1066.00
1101.00 1073.00
1150.00 1074.00
968.00 1092.00
1350.00 1083.00
1614.00 1046.00
1527.00 1116.00
1121.00 1119.00
977.00 1134.00
928.00 1151.00
1352.00 1143.00
1117.00 1176.00
1296.00 1169.00
1820.00 1176.00
2020.00 1179.00
1346.00 1193.00
1424.00 1195.00
1675.00 1221.00
1031.00 1242.00
1882.00 1217.00
1534.00 1245.00
1214.00 1262.00
1443.00 1260.00
1980.00 1272.00
853.00 1324.00
1607.00 1282.00
926.00 1293.00
1242.00 1328.00
1195.00 1319.00
1365.00 1356.00
1847.00 1382.00
1048.00 1364.00
1498.00 1403.00
1558.00 1377.00
1153.00 1379.00
1207.00 1382.00
1302.00 1431.00
806.00 1388.00
1354.00 1403.00
1772.00 1415.00
1046.00 1411.00
1561.00 1426.00
1839.00 1434.00
1195.00 1438.00
848.00 1406.00
1151.00 1446.00
819.00 1460.00
1065.00 1463.00
1011.00 1479.00
1210.00 1479.00
1125.00 1488.00
737.00 1502.00
818.00 1503.00
966.00 1522.00
721.00 1594.00
1186.00 1564.00
939.00 1600.00
1923.00 1675.00
1180.00 1634.00
914.00 1651.00
853.00 1660.00
968.00 1676.00
896.00 1697.00
1139.00 1707.00
1185.00 1710.00
728.00 1741.00
940.00 1725.00
1118.00 1757.00
1074.00 1763.00
1033.00 1766.00
800.00 1728.00
843.00 1774.00
956.00 1801.00
1028.00 1825.00
786.00 1799.00
1214.00 1836.00
1216.00 1899.00
1438.00 1960.00
759.00 1906.00
1216.00 1967.00
1474.00 2011.00
