1809.00 171.00
1574.00 195.00
1738.00 183.00
1578.00 294.00
1000.00 333.00
1121.00 376.00
576.00 392.00
1062.00 455.00
1886.00 486.00
1833.00 493.00
1371.00 518.00
1353.00 560.00
1877.00 632.00
1003.00 697.00
708.00 720.00
1830.00 747.00
1771.00 777.00
1084.00 763.00
1988.00 797.00
1365.00 798.00
958.00 837.00
321.00 836.00
1216.00 921.00
888.00 894.00
160.00 921.00
706.00 1017.00
1068.00 993.00
1165.00 1030.00
1503.00 1054.00
1012.00 1091.00
1437.00 1101.00
164.00 1114.00
1088.00 1142.00
865.00 1125.00
860.00 1174.00
1908.00 1182.00
2099.00 1143.00
1002.00 1187.00
11.00 1211.00
2106.00 1203.00
815.00 1229.00
129.00 1244.00
1910.00 1223.00
1383.00 1258.00
2114.00 1252.00
112.00 1290.00
889.00 1321.00
1446.00 1348.00
1171.00 1399.00
2066.00 1369.00
11.00 1403.00
1907.00 1397.00
879.00 1414.00
1340.00 1432.00
140.00 1452.00
172.00 1529.00
2093.00 1471.00
2134.00 1493.00
1554.00 1562.00
1396.00 1580.00
1481.00 1578.00
1021.00 1599.00
1309.00 1592.00
975.00 1660.00
2049.00 1740.00
1431.00 1866.00
1570.00 1878.00
1221.00 1877.00
1936.00 1896.00
2010.00 1898.00
1547.00 1966.00
2013.00 1939.00
1082.00 2026.00
1362.00 2079.00
1685.00 2061.00
2084.00 2072.00
1487.00 2097.00
1171.00 2159.00
1597.00 2157.00
1730.00 2199.00
1630.00 2200.00
795.00 2230.00
2099.00 2209.00
2010.00 2347.00
184.00 2420.00
1049.00 2393.00
1005.00 2528.00
1312.00 2680.00
