1648.00 16.00
1448.00 66.00
1545.00 83.00
1730.00 146.00
1791.00 168.00
1452.00 156.00
1836.00 189.00
1505.00 209.00
2100.00 277.00
1415.00 293.00
1615.00 279.00
1953.00 316.00
1499.00 302.00
1321.00 324.00
1230.00 359.00
1765.00 319.00
1258.00 403.00
825.00 433.00
1956.00 390.00
1167.00 441.00
563.00 442.00
906.00 444.00
1456.00 437.00
280.00 540.00
1313.00 586.00
814.00 601.00
1169.00 554.00
1965.00 584.00
307.00 641.00
734.00 709.00
1696.00 638.00
1457.00 626.00
241.00 723.00
1256.00 677.00
1524.00 703.00
1741.00 665.00
1434.00 680.00
1169.00 731.00
1636.00 694.00
1364.00 700.00
681.00 799.00
1812.00 710.00
1237.00 763.00
1459.00 728.00
1566.00 733.00
1339.00 756.00
290.00 841.00
566.00 841.00
1168.00 772.00
443.00 809.00
1655.00 775.00
654.00 881.00
1526.00 784.00
1409.00 769.00
1977.00 799.00
1898.00 843.00
1762.00 800.00
1028.00 903.00
1473.00 837.00
1633.00 851.00
1376.00 870.00
1525.00 886.00
1822.00 881.00
893.00 909.00
1290.00 901.00
957.00 976.00
573.00 995.00
1565.00 928.00
1640.00 922.00
1165.00 952.00
374.00 1022.00
1706.00 952.00
554.00 1058.00
1460.00 974.00
1023.00 1092.00
925.00 1133.00
853.00 1120.00
799.00 1138.00
664.00 1153.00
852.00 1172.00
785.00 1183.00
717.00 1197.00
610.00 1221.00
504.00 1227.00
664.00 1231.00
839.00 1241.00
747.00 1238.00
890.00 1247.00
567.00 1235.00
838.00 1286.00
557.00 1324.00
712.00 1341.00
774.00 1335.00
262.00 1366.00
370.00 1381.00
711.00 1383.00
861.00 1429.00
675.00 1447.00
782.00 1446.00
229.00 1459.00
678.00 1505.00
723.00 1515.00
717.00 1560.00
760.00 1562.00
471.00 1569.00
694.00 1606.00
608.00 1579.00
827.00 1616.00
463.00 1645.00
679.00 1649.00
724.00 1651.00
384.00 1688.00
1008.00 1726.00
1016.00 1777.00
1071.00 2064.00
651.00 2060.00
779.00 2040.00
821.00 2074.00
841.00 2136.00
806.00 2285.00
1158.00 2305.00
1056.00 2307.00
1347.00 2386.00
707.00 2384.00
832.00 2495.00
1251.00 2569.00
