776.00 91.00
1169.00 121.00
831.00 187.00
1238.00 166.00
983.00 244.00
1192.00 235.00
1137.00 233.00
666.00 309.00
1600.00 253.00
1109.00 290.00
1276.00 295.00
1150.00 303.00
1379.00 299.00
805.00 324.00
956.00 349.00
1445.00 285.00
1102.00 351.00
748.00 362.00
828.00 437.00
1602.00 496.00
324.00 579.00
1210.00 553.00
1253.00 547.00
1517.00 533.00
1662.00 526.00
930.00 591.00
1893.00 542.00
829.00 610.00
1283.00 631.00
1219.00 595.00
989.00 619.00
1128.00 631.00
922.00 646.00
1855.00 603.00
298.00 683.00
1076.00 650.00
799.00 666.00
868.00 671.00
1849.00 657.00
1424.00 682.00
785.00 720.00
1483.00 681.00
1572.00 686.00
415.00 761.00
1318.00 708.00
1089.00 740.00
997.00 743.00
1168.00 790.00
1271.00 746.00
1214.00 760.00
1448.00 752.00
819.00 801.00
1664.00 775.00
1705.00 776.00
984.00 811.00
1038.00 814.00
456.00 853.00
1197.00 863.00
554.00 860.00
1458.00 835.00
387.00 878.00
1392.00 887.00
2040.00 909.00
1090.00 900.00
941.00 886.00
564.00 901.00
986.00 902.00
773.00 905.00
1210.00 904.00
1166.00 912.00
1550.00 898.00
1044.00 927.00
981.00 964.00
1024.00 974.00
1121.00 985.00
709.00 986.00
893.00 992.00
1210.00 995.00
1679.00 983.00
521.00 1054.00
1614.00 1003.00
947.00 1037.00
1024.00 1038.00
1103.00 1040.00
1147.00 1040.00
1261.00 1042.00
1337.00 1044.00
2061.00 1053.00
1103.00 1083.00
1183.00 1084.00
1262.00 1086.00
1355.00 1086.00
1496.00 1089.00
578.00 1108.00
634.00 1119.00
592.00 1155.00
526.00 1164.00
704.00 1198.00
763.00 1198.00
1104.00 1197.00
621.00 1207.00
1421.00 1199.00
1358.00 1203.00
1812.00 1220.00
915.00 1229.00
1381.00 1264.00
1430.00 1265.00
1534.00 1274.00
786.00 1283.00
1338.00 1324.00
1537.00 1328.00
1268.00 1364.00
1537.00 1389.00
2128.00 1552.00
1412.00 1613.00
1536.00 1689.00
465.00 1917.00
482.00 1979.00
392.00 2003.00
428.00 2055.00
