440.00 260.00
335.00 261.00
470.00 331.00
369.00 333.00
590.00 344.00
1623.00 573.00
253.00 509.00
2072.00 744.00
938.00 652.00
1384.00 741.00
1931.00 791.00
1638.00 808.00
554.00 685.00
1313.00 794.00
1080.00 798.00
390.00 736.00
1026.00 836.00
732.00 822.00
1757.00 909.00
970.00 847.00
1925.00 968.00
596.00 875.00
1104.00 946.00
775.00 962.00
972.00 1011.00
2053.00 1061.00
1808.00 1079.00
358.00 994.00
845.00 1076.00
356.00 1038.00
1333.00 1155.00
440.00 1065.00
1272.00 1147.00
1189.00 1164.00
1073.00 1217.00
1342.00 1203.00
1267.00 1237.00
1818.00 1264.00
2021.00 1272.00
197.00 1182.00
538.00 1211.00
1330.00 1275.00
1856.00 1336.00
347.00 1279.00
58.00 1272.00
1196.00 1313.00
204.00 1282.00
494.00 1296.00
862.00 1320.00
106.00 1295.00
1709.00 1389.00
653.00 1334.00
1754.00 1378.00
403.00 1325.00
316.00 1359.00
697.00 1350.00
1802.00 1421.00
567.00 1369.00
810.00 1391.00
506.00 1389.00
1922.00 1453.00
1361.00 1504.00
387.00 1409.00
211.00 1424.00
2039.00 1485.00
471.00 1452.00
963.00 1441.00
1826.00 1483.00
1996.00 1495.00
896.00 1480.00
1630.00 1515.00
334.00 1464.00
685.00 1432.00
1510.00 1514.00
1434.00 1515.00
728.00 1462.00
907.00 1535.00
207.00 1490.00
2064.00 1559.00
1859.00 1560.00
1753.00 1544.00
1938.00 1619.00
863.00 1546.00
680.00 1521.00
384.00 1547.00
126.00 1552.00
535.00 1560.00
308.00 1570.00
1635.00 1608.00
1516.00 1619.00
1991.00 1677.00
1921.00 1679.00
601.00 1607.00
666.00 1612.00
1295.00 1652.00
85.00 1639.00
201.00 1637.00
1825.00 1713.00
1422.00 1705.00
198.00 1702.00
377.00 1703.00
1578.00 1732.00
1300.00 1772.00
1200.00 1769.00
567.00 1772.00
1129.00 1819.00
447.00 1791.00
1301.00 1826.00
372.00 1818.00
38.00 1824.00
496.00 1807.00
1382.00 1849.00
2150.00 1884.00
1694.00 1858.00
1580.00 1870.00
1766.00 1867.00
1538.00 1864.00
1639.00 1880.00
392.00 1869.00
578.00 1881.00
1293.00 1899.00
1522.00 1910.00
1836.00 1936.00
1087.00 1912.00
978.00 1955.00
1432.00 1973.00
1296.00 1959.00
805.00 2010.00
862.00 2016.00
1592.00 2021.00
1372.00 2021.00
1298.00 2021.00
1522.00 2021.00
1044.00 2065.00
1804.00 2056.00
1735.00 2048.00
1653.00 2087.00
1974.00 2073.00
484.00 2097.00
2145.00 2093.00
1781.00 2101.00
1141.00 2101.00
1846.00 2111.00
1483.00 2112.00
1573.00 2084.00
954.00 2124.00
1317.00 2119.00
1377.00 2119.00
1951.00 2124.00
1731.00 2144.00
1831.00 2159.00
1397.00 2173.00
1953.00 2179.00
1330.00 2181.00
863.00 2191.00
1736.00 2190.00
2007.00 2187.00
1828.00 2208.00
1022.00 2224.00
2134.00 2209.00
1440.00 2230.00
1491.00 2232.00
1319.00 2240.00
1739.00 2240.00
2102.00 2262.00
1066.00 2277.00
1851.00 2262.00
518.00 2314.00
1017.00 2275.00
957.00 2308.00
1764.00 2294.00
1227.00 2306.00
472.00 2355.00
642.00 2330.00
1144.00 2329.00
889.00 2345.00
1013.00 2345.00
544.00 2381.00
765.00 2407.00
1878.00 2321.00
1501.00 2363.00
1841.00 2375.00
1070.00 2389.00
922.00 2390.00
1007.00 2414.00
2056.00 2415.00
545.00 2457.00
871.00 2437.00
2107.00 2408.00
1848.00 2419.00
1307.00 2425.00
641.00 2484.00
951.00 2478.00
1788.00 2473.00
942.00 2527.00
1246.00 2523.00
1001.00 2554.00
1928.00 2515.00
1700.00 2547.00
1988.00 2547.00
1820.00 2599.00
1869.00 2639.00
