622.00 680.00
954.00 801.00
1306.00 779.00
555.00 775.00
1768.00 809.00
957.00 928.00
1547.00 928.00
275.00 925.00
572.00 969.00
1004.00 1018.00
616.00 1043.00
1027.00 1075.00
570.00 1080.00
271.00 1103.00
574.00 1175.00
1032.00 1225.00
68.00 1194.00
1359.00 1186.00
461.00 1262.00
417.00 1244.00
939.00 1248.00
419.00 1312.00
462.00 1333.00
147.00 1244.00
392.00 1354.00
692.00 1317.00
1368.00 1345.00
1298.00 1348.00
1500.00 1373.00
879.00 1439.00
1226.00 1456.00
31.00 1414.00
299.00 1405.00
375.00 1404.00
1077.00 1486.00
8.00 1467.00
1359.00 1532.00
435.00 1603.00
409.00 1561.00
15.00 1583.00
444.00 1665.00
358.00 1670.00
948.00 1686.00
75.00 1667.00
61.00 1605.00
819.00 1702.00
271.00 1680.00
309.00 1725.00
10.00 1710.00
690.00 1762.00
13.00 1779.00
783.00 1793.00
925.00 1803.00
11.00 1867.00
196.00 2038.00
1016.00 2094.00
398.00 2105.00
916.00 2120.00
544.00 2164.00
354.00 2303.00
551.00 2362.00
402.00 2378.00
433.00 2426.00
532.00 2447.00
801.00 2464.00
674.00 2483.00
87.00 2545.00
