1000.00 621.00
1454.00 745.00
1082.00 757.00
1138.00 797.00
1096.00 828.00
1196.00 866.00
1628.00 1043.00
1474.00 1025.00
827.00 1010.00
1224.00 1061.00
1439.00 1066.00
585.00 1059.00
1103.00 1093.00
1582.00 1150.00
1497.00 1158.00
569.00 1137.00
982.00 1143.00
1324.00 1175.00
678.00 1179.00
363.00 1165.00
466.00 1209.00
232.00 1230.00
139.00 1227.00
532.00 1222.00
843.00 1248.00
583.00 1249.00
894.00 1271.00
182.00 1260.00
723.00 1278.00
1510.00 1304.00
973.00 1309.00
795.00 1293.00
114.00 1291.00
406.00 1278.00
1095.00 1311.00
1402.00 1326.00
885.00 1328.00
431.00 1324.00
1487.00 1376.00
794.00 1336.00
1189.00 1344.00
1546.00 1361.00
1333.00 1368.00
89.00 1353.00
163.00 1365.00
886.00 1386.00
659.00 1394.00
718.00 1372.00
767.00 1393.00
1115.00 1388.00
1004.00 1401.00
352.00 1386.00
901.00 1434.00
98.00 1429.00
1306.00 1441.00
475.00 1446.00
422.00 1447.00
604.00 1450.00
1177.00 1461.00
1225.00 1451.00
559.00 1472.00
1079.00 1446.00
201.00 1483.00
113.00 1476.00
915.00 1481.00
68.00 1508.00
348.00 1512.00
1006.00 1508.00
1258.00 1520.00
465.00 1544.00
1598.00 1533.00
767.00 1532.00
1079.00 1534.00
508.00 1541.00
1137.00 1535.00
1319.00 1535.00
231.00 1565.00
813.00 1553.00
1197.00 1566.00
1497.00 1554.00
580.00 1561.00
32.00 1578.00
375.00 1584.00
1088.00 1576.00
1344.00 1578.00
506.00 1596.00
1026.00 1590.00
627.00 1608.00
1263.00 1585.00
231.00 1610.00
1472.00 1601.00
1184.00 1607.00
1093.00 1622.00
1425.00 1617.00
1135.00 1619.00
437.00 1628.00
1250.00 1639.00
1378.00 1620.00
484.00 1640.00
539.00 1643.00
984.00 1653.00
1048.00 1643.00
1189.00 1648.00
22.00 1659.00
1337.00 1657.00
227.00 1670.00
1143.00 1677.00
462.00 1693.00
1050.00 1691.00
1381.00 1680.00
1492.00 1697.00
19.00 1714.00
1263.00 1703.00
1316.00 1703.00
765.00 1724.00
1664.00 1728.00
1009.00 1704.00
272.00 1751.00
1224.00 1757.00
73.00 1761.00
843.00 1759.00
1134.00 1763.00
600.00 1781.00
223.00 1781.00
15.00 1802.00
1092.00 1815.00
1259.00 1816.00
170.00 1824.00
1217.00 1807.00
1648.00 1813.00
1157.00 1808.00
1024.00 1833.00
1415.00 1803.00
1582.00 1830.00
979.00 1846.00
309.00 1863.00
1322.00 1865.00
789.00 1852.00
1368.00 1857.00
1137.00 1865.00
1267.00 1862.00
252.00 1882.00
181.00 1869.00
982.00 1891.00
1089.00 1891.00
844.00 1921.00
1453.00 1894.00
1288.00 1925.00
305.00 1940.00
560.00 1947.00
1063.00 1943.00
145.00 1961.00
215.00 1932.00
27.00 1964.00
1167.00 1952.00
1106.00 1955.00
91.00 1977.00
445.00 1983.00
1441.00 1943.00
384.00 1987.00
303.00 1991.00
621.00 1971.00
978.00 1984.00
904.00 1991.00
826.00 2027.00
1045.00 2007.00
22.00 2032.00
1307.00 2009.00
545.00 2025.00
444.00 2033.00
149.00 2014.00
210.00 2036.00
977.00 2025.00
76.00 2050.00
11.00 2073.00
177.00 2077.00
226.00 2086.00
446.00 2098.00
510.00 2084.00
133.00 2109.00
1031.00 2058.00
1474.00 2047.00
1240.00 2073.00
380.00 2098.00
1372.00 2082.00
837.00 2102.00
233.00 2132.00
1177.00 2137.00
1433.00 2088.00
1477.00 2092.00
37.00 2169.00
1449.00 2147.00
691.00 2216.00
78.00 2249.00
144.00 2248.00
26.00 2317.00
421.00 2292.00
518.00 2315.00
79.00 2333.00
1301.00 2309.00
1380.00 2314.00
521.00 2365.00
739.00 2359.00
837.00 2381.00
1586.00 2334.00
1450.00 2338.00
432.00 2384.00
557.00 2421.00
509.00 2432.00
1313.00 2413.00
24.00 2468.00
296.00 2570.00
