1328.00 265.00
1558.00 328.00
1051.00 342.00
1479.00 415.00
533.00 456.00
646.00 464.00
1304.00 430.00
1485.00 456.00
1345.00 525.00
899.00 474.00
64.00 424.00
1290.00 559.00
1191.00 558.00
803.00 512.00
729.00 547.00
1029.00 621.00
730.00 622.00
1489.00 589.00
686.00 569.00
847.00 635.00
1407.00 647.00
931.00 672.00
1938.00 622.00
795.00 674.00
304.00 655.00
624.00 661.00
1344.00 692.00
421.00 670.00
855.00 725.00
1092.00 713.00
814.00 726.00
1267.00 722.00
1935.00 692.00
51.00 674.00
912.00 747.00
575.00 699.00
1321.00 746.00
650.00 736.00
698.00 748.00
912.00 801.00
1116.00 824.00
394.00 766.00
1951.00 767.00
306.00 796.00
1052.00 802.00
744.00 801.00
1498.00 797.00
440.00 799.00
1336.00 855.00
1245.00 876.00
1076.00 900.00
1042.00 848.00
1384.00 852.00
541.00 892.00
832.00 917.00
1035.00 965.00
726.00 944.00
1181.00 980.00
1238.00 982.00
1078.00 982.00
162.00 953.00
1377.00 1009.00
254.00 967.00
830.00 993.00
978.00 1022.00
910.00 1054.00
1199.00 1050.00
470.00 1027.00
680.00 1033.00
243.00 1020.00
535.00 1048.00
768.00 1063.00
726.00 1071.00
1078.00 1073.00
578.00 1084.00
1173.00 1114.00
658.00 1092.00
858.00 1132.00
308.00 1103.00
1079.00 1139.00
2136.00 1071.00
2047.00 1094.00
713.00 1154.00
1240.00 1169.00
1120.00 1159.00
940.00 1167.00
32.00 1134.00
84.00 1139.00
235.00 1153.00
1025.00 1181.00
291.00 1176.00
1512.00 1118.00
2137.00 1181.00
658.00 1181.00
1984.00 1150.00
1015.00 1226.00
855.00 1235.00
698.00 1243.00
647.00 1234.00
692.00 1299.00
64.00 1299.00
1242.00 1286.00
10.00 1307.00
528.00 1327.00
839.00 1330.00
169.00 1310.00
1495.00 1300.00
1411.00 1300.00
437.00 1335.00
1154.00 1359.00
1108.00 1353.00
694.00 1351.00
1443.00 1363.00
1388.00 1363.00
2002.00 1352.00
1920.00 1354.00
567.00 1386.00
791.00 1404.00
1015.00 1390.00
1857.00 1381.00
266.00 1381.00
443.00 1404.00
1728.00 1406.00
1575.00 1423.00
1639.00 1424.00
243.00 1424.00
971.00 1453.00
90.00 1430.00
1442.00 1439.00
288.00 1453.00
329.00 1447.00
1225.00 1468.00
819.00 1488.00
909.00 1499.00
738.00 1494.00
139.00 1485.00
1296.00 1494.00
453.00 1532.00
237.00 1533.00
522.00 1538.00
1392.00 1526.00
2016.00 1516.00
314.00 1540.00
1173.00 1534.00
906.00 1547.00
952.00 1562.00
1528.00 1572.00
961.00 1607.00
1360.00 1593.00
411.00 1607.00
167.00 1634.00
1206.00 1593.00
230.00 1661.00
287.00 1642.00
26.00 1651.00
356.00 1690.00
95.00 1721.00
1334.00 1718.00
374.00 1731.00
194.00 1815.00
722.00 1800.00
1560.00 1941.00
189.00 1965.00
1077.00 2254.00
1866.00 2481.00
139.00 2487.00
