1623.00 303.00
1555.00 407.00
1458.00 406.00
915.00 378.00
1547.00 458.00
2013.00 516.00
1203.00 466.00
816.00 413.00
979.00 594.00
2040.00 664.00
1439.00 644.00
1878.00 649.00
780.00 688.00
263.00 644.00
921.00 751.00
920.00 816.00
1003.00 831.00
1951.00 909.00
1524.00 916.00
1218.00 931.00
831.00 940.00
653.00 946.00
840.00 984.00
1069.00 996.00
1135.00 1011.00
409.00 983.00
1183.00 1020.00
952.00 1025.00
363.00 984.00
689.00 1008.00
1922.00 1037.00
798.00 1008.00
1256.00 1048.00
516.00 1043.00
1022.00 1086.00
293.00 1029.00
1084.00 1077.00
951.00 1071.00
195.00 1034.00
883.00 1086.00
559.00 1081.00
1434.00 1119.00
365.00 1087.00
1236.00 1121.00
406.00 1094.00
1187.00 1144.00
1346.00 1155.00
761.00 1151.00
1542.00 1147.00
341.00 1174.00
1941.00 1212.00
1094.00 1205.00
196.00 1203.00
1192.00 1221.00
802.00 1212.00
870.00 1245.00
449.00 1234.00
1549.00 1241.00
584.00 1250.00
955.00 1255.00
1069.00 1271.00
224.00 1268.00
881.00 1367.00
1555.00 1332.00
1382.00 1367.00
1953.00 1328.00
1200.00 1400.00
530.00 1352.00
1963.00 1408.00
449.00 1416.00
1366.00 1435.00
1816.00 1438.00
885.00 1503.00
962.00 1470.00
448.00 1465.00
1567.00 1487.00
1462.00 1508.00
594.00 1527.00
1368.00 1527.00
253.00 1546.00
670.00 1567.00
1208.00 1558.00
448.00 1585.00
534.00 1587.00
586.00 1589.00
2134.00 1601.00
1795.00 1640.00
459.00 1687.00
1691.00 1692.00
586.00 1734.00
1749.00 1755.00
1998.00 1758.00
1655.00 1777.00
1944.00 1862.00
1806.00 1905.00
2107.00 1864.00
1444.00 1887.00
587.00 2088.00
2068.00 2207.00
2048.00 2274.00
1888.00 2310.00
1537.00 2399.00
