1002.00 12.00
847.00 74.00
761.00 192.00
1307.00 194.00
1596.00 180.00
879.00 248.00
1446.00 276.00
1344.00 329.00
695.00 351.00
1245.00 365.00
1016.00 388.00
1671.00 402.00
1289.00 399.00
1001.00 439.00
1770.00 427.00
1829.00 437.00
1509.00 467.00
1003.00 556.00
1700.00 505.00
1899.00 511.00
1444.00 514.00
1587.00 537.00
1348.00 570.00
1242.00 581.00
1066.00 591.00
1511.00 563.00
1668.00 600.00
1946.00 630.00
1589.00 684.00
1274.00 733.00
1019.00 733.00
1591.00 725.00
1826.00 778.00
1635.00 780.00
1418.00 817.00
1110.00 832.00
1014.00 836.00
1575.00 831.00
1777.00 852.00
1406.00 893.00
1296.00 875.00
1463.00 873.00
1638.00 839.00
1980.00 875.00
955.00 909.00
1577.00 890.00
1735.00 903.00
1422.00 936.00
1641.00 916.00
1851.00 956.00
1627.00 960.00
1423.00 982.00
1741.00 1022.00
902.00 1027.00
966.00 1030.00
1051.00 1054.00
1608.00 1072.00
940.00 1085.00
1650.00 1076.00
986.00 1096.00
1090.00 1110.00
1004.00 1161.00
1947.00 1139.00
1657.00 1188.00
1852.00 1166.00
1591.00 1183.00
1545.00 1177.00
1752.00 1191.00
1168.00 1225.00
1022.00 1246.00
1617.00 1231.00
882.00 1287.00
1255.00 1282.00
1135.00 1286.00
1456.00 1273.00
1207.00 1289.00
1943.00 1271.00
1526.00 1279.00
1663.00 1291.00
977.00 1314.00
1209.00 1341.00
1347.00 1339.00
1665.00 1333.00
1286.00 1352.00
1156.00 1356.00
1923.00 1357.00
1113.00 1367.00
1210.00 1389.00
1929.00 1399.00
1770.00 1458.00
338.00 1507.00
