720.00 255.00
274.00 430.00
441.00 671.00
638.00 767.00
535.00 801.00
667.00 810.00
453.00 817.00
706.00 856.00
634.00 873.00
572.00 872.00
341.00 868.00
529.00 907.00
513.00 950.00
634.00 981.00
464.00 966.00
451.00 1009.00
529.00 1023.00
308.00 1005.00
393.00 1040.00
429.00 1088.00
1010.00 1131.00
704.00 1130.00
641.00 1136.00
619.00 1231.00
477.00 1240.00
703.00 1253.00
391.00 1268.00
609.00 1288.00
336.00 1280.00
563.00 1350.00
726.00 1426.00
537.00 1459.00
536.00 1563.00
435.00 1567.00
740.00 1603.00
538.00 1708.00
701.00 1713.00
405.00 1769.00
446.00 1778.00
441.00 1865.00
87.00 1932.00
144.00 1956.00
8.00 2000.00
481.00 1968.00
558.00 1969.00
611.00 1952.00
528.00 2020.00
635.00 2070.00
632.00 2111.00
612.00 2270.00
