1668.00 13.00
406.00 45.00
1839.00 112.00
468.00 103.00
798.00 84.00
1747.00 145.00
681.00 51.00
635.00 80.00
838.00 130.00
297.00 200.00
1867.00 268.00
1123.00 224.00
797.00 173.00
1079.00 260.00
1164.00 277.00
631.00 252.00
837.00 257.00
1818.00 342.00
1203.00 328.00
1128.00 319.00
1754.00 355.00
1031.00 345.00
1899.00 370.00
1200.00 372.00
1772.00 400.00
1821.00 406.00
832.00 423.00
627.00 427.00
1806.00 481.00
665.00 489.00
1057.00 506.00
1971.00 537.00
830.00 527.00
1852.00 589.00
1901.00 558.00
750.00 557.00
1950.00 580.00
591.00 610.00
1891.00 680.00
814.00 604.00
715.00 705.00
1925.00 758.00
312.00 728.00
926.00 744.00
2020.00 776.00
987.00 791.00
305.00 807.00
1046.00 836.00
1972.00 868.00
307.00 848.00
202.00 848.00
1100.00 878.00
118.00 873.00
1996.00 924.00
84.00 922.00
1174.00 935.00
576.00 921.00
296.00 964.00
572.00 967.00
80.00 983.00
1260.00 1000.00
294.00 1046.00
1316.00 1043.00
1607.00 1030.00
75.00 1044.00
640.00 1069.00
188.00 1065.00
1367.00 1081.00
253.00 1089.00
931.00 1118.00
1429.00 1128.00
2009.00 1116.00
687.00 1091.00
567.00 1145.00
631.00 1126.00
699.00 1135.00
1030.00 1129.00
1358.00 1144.00
285.00 1144.00
1471.00 1160.00
940.00 1159.00
1100.00 1164.00
774.00 1176.00
1009.00 1192.00
1520.00 1197.00
200.00 1193.00
870.00 1197.00
107.00 1200.00
1119.00 1224.00
1182.00 1214.00
1834.00 1233.00
771.00 1227.00
972.00 1246.00
1950.00 1242.00
1251.00 1249.00
2014.00 1245.00
922.00 1235.00
615.00 1257.00
1888.00 1239.00
1072.00 1276.00
775.00 1278.00
1495.00 1281.00
1274.00 1298.00
1942.00 1304.00
970.00 1304.00
1988.00 1306.00
49.00 1344.00
1410.00 1330.00
669.00 1335.00
248.00 1349.00
1167.00 1344.00
1940.00 1348.00
1897.00 1352.00
716.00 1376.00
912.00 1375.00
1992.00 1396.00
1404.00 1385.00
1821.00 1403.00
1932.00 1400.00
1019.00 1427.00
1882.00 1400.00
1648.00 1410.00
813.00 1414.00
121.00 1418.00
1228.00 1417.00
1587.00 1421.00
1360.00 1390.00
1499.00 1440.00
1291.00 1449.00
948.00 1453.00
1122.00 1455.00
1652.00 1457.00
1785.00 1462.00
1018.00 1475.00
882.00 1460.00
1332.00 1489.00
1551.00 1494.00
1735.00 1492.00
1607.00 1496.00
530.00 1497.00
1501.00 1498.00
628.00 1535.00
1654.00 1500.00
1333.00 1531.00
748.00 1539.00
1737.00 1533.00
1209.00 1541.00
1168.00 1545.00
525.00 1592.00
1555.00 1574.00
1504.00 1574.00
1804.00 1581.00
1938.00 1602.00
1849.00 1611.00
1893.00 1604.00
2012.00 1611.00
63.00 1650.00
1808.00 1630.00
1117.00 1656.00
1558.00 1664.00
1074.00 1668.00
1994.00 1662.00
147.00 1684.00
12.00 1695.00
1212.00 1698.00
1965.00 1703.00
1154.00 1726.00
1747.00 1724.00
2013.00 1771.00
246.00 1816.00
215.00 1865.00
85.00 1949.00
2016.00 1997.00
67.00 2112.00
200.00 2140.00
1792.00 2227.00
2052.00 2396.00
1879.00 2450.00
2001.00 2477.00
