737.00 103.00
690.00 149.00
549.00 201.00
546.00 286.00
504.00 329.00
403.00 351.00
356.00 401.00
400.00 428.00
956.00 567.00
247.00 532.00
931.00 646.00
1265.00 664.00
27.00 571.00
430.00 592.00
492.00 594.00
726.00 672.00
221.00 660.00
1043.00 837.00
75.00 791.00
485.00 845.00
960.00 872.00
32.00 856.00
915.00 914.00
956.00 922.00
480.00 979.00
296.00 971.00
805.00 1005.00
598.00 978.00
956.00 1076.00
732.00 1086.00
859.00 1102.00
420.00 1103.00
564.00 1144.00
768.00 1193.00
980.00 1228.00
1313.00 1255.00
206.00 1185.00
202.00 1238.00
974.00 1292.00
675.00 1309.00
902.00 1347.00
944.00 1348.00
705.00 1518.00
908.00 1627.00
650.00 1640.00
563.00 1641.00
609.00 1643.00
911.00 1674.00
1318.00 1722.00
574.00 2053.00
900.00 2089.00
704.00 2108.00
