2125.00 37.00
1820.00 134.00
2143.00 183.00
1984.00 213.00
2151.00 268.00
2015.00 304.00
1263.00 492.00
1604.00 425.00
1137.00 541.00
1246.00 533.00
2021.00 377.00
988.00 627.00
1848.00 489.00
1350.00 567.00
1943.00 491.00
2136.00 464.00
1683.00 569.00
1019.00 739.00
2033.00 552.00
978.00 739.00
1840.00 651.00
1358.00 773.00
1753.00 686.00
1836.00 699.00
1570.00 768.00
1711.00 746.00
2071.00 682.00
1498.00 851.00
1999.00 764.00
1542.00 867.00
1364.00 914.00
1427.00 885.00
1049.00 1008.00
2139.00 869.00
1553.00 943.00
1795.00 894.00
1507.00 965.00
1855.00 889.00
2064.00 882.00
1325.00 970.00
1455.00 962.00
1746.00 919.00
1975.00 892.00
1698.00 931.00
1606.00 965.00
1375.00 993.00
1325.00 1036.00
1565.00 984.00
1781.00 970.00
1479.00 1014.00
1438.00 1036.00
2027.00 941.00
1877.00 966.00
1376.00 1057.00
2108.00 942.00
1305.00 1086.00
1784.00 1041.00
2032.00 1011.00
1163.00 1137.00
908.00 1175.00
1032.00 1173.00
1714.00 1088.00
1653.00 1110.00
2038.00 1059.00
1484.00 1122.00
863.00 1227.00
1697.00 1129.00
904.00 1232.00
1138.00 1201.00
1340.00 1193.00
1749.00 1188.00
1475.00 1169.00
2043.00 1116.00
1097.00 1240.00
1699.00 1184.00
909.00 1277.00
1799.00 1191.00
1655.00 1213.00
1893.00 1193.00
1181.00 1272.00
2092.00 1179.00
1104.00 1285.00
1354.00 1263.00
1243.00 1280.00
1703.00 1253.00
1885.00 1249.00
1355.00 1317.00
1800.00 1284.00
2122.00 1257.00
944.00 1362.00
1183.00 1342.00
1010.00 1347.00
1687.00 1309.00
2035.00 1272.00
1412.00 1296.00
1231.00 1395.00
1004.00 1396.00
951.00 1403.00
1905.00 1332.00
1808.00 1359.00
1099.00 1403.00
1662.00 1368.00
1355.00 1360.00
1275.00 1378.00
1575.00 1386.00
1408.00 1397.00
2041.00 1361.00
1467.00 1385.00
1912.00 1403.00
1047.00 1419.00
1668.00 1421.00
2151.00 1398.00
1716.00 1432.00
1812.00 1407.00
1184.00 1467.00
1495.00 1453.00
1098.00 1444.00
1537.00 1467.00
1204.00 1508.00
1157.00 1514.00
1387.00 1505.00
951.00 1530.00
1626.00 1506.00
1672.00 1502.00
1250.00 1533.00
1458.00 1525.00
1324.00 1529.00
1720.00 1519.00
2078.00 1527.00
1156.00 1556.00
1499.00 1551.00
1379.00 1565.00
1864.00 1545.00
1100.00 1567.00
954.00 1578.00
1822.00 1550.00
1005.00 1541.00
1288.00 1581.00
1172.00 1598.00
1544.00 1595.00
1924.00 1570.00
1485.00 1624.00
1217.00 1606.00
1753.00 1600.00
1006.00 1621.00
1384.00 1614.00
2002.00 1583.00
1680.00 1633.00
2087.00 1634.00
1728.00 1649.00
1427.00 1659.00
1875.00 1660.00
2034.00 1668.00
1107.00 1718.00
1636.00 1689.00
1368.00 1703.00
1448.00 1707.00
1778.00 1712.00
1943.00 1724.00
1287.00 1728.00
1923.00 1786.00
1798.00 1783.00
1875.00 1787.00
1581.00 1810.00
1943.00 1849.00
1887.00 1849.00
1799.00 1857.00
1681.00 1864.00
1218.00 1849.00
1020.00 1868.00
1892.00 1914.00
1958.00 1944.00
1225.00 1904.00
1474.00 1913.00
1782.00 1931.00
1467.00 1958.00
1787.00 1976.00
1898.00 1988.00
1134.00 1973.00
1304.00 1988.00
1666.00 1984.00
982.00 1988.00
941.00 1986.00
1054.00 2001.00
1494.00 2048.00
1966.00 2050.00
1661.00 2038.00
1398.00 2031.00
1864.00 2057.00
1817.00 2128.00
1950.00 2107.00
1895.00 2130.00
1630.00 2103.00
2082.00 2117.00
1307.00 2111.00
1965.00 2157.00
1749.00 2209.00
1130.00 2148.00
1874.00 2209.00
1061.00 2167.00
1007.00 2166.00
1223.00 2188.00
1583.00 2240.00
1510.00 2209.00
1965.00 2268.00
1042.00 2214.00
1141.00 2222.00
1987.00 2316.00
1527.00 2291.00
1258.00 2278.00
1709.00 2309.00
1476.00 2291.00
1430.00 2301.00
1676.00 2353.00
1511.00 2343.00
1272.00 2351.00
1424.00 2390.00
1546.00 2398.00
1739.00 2427.00
1151.00 2376.00
1037.00 2371.00
1635.00 2446.00
1320.00 2395.00
1254.00 2408.00
1999.00 2475.00
1683.00 2441.00
2110.00 2498.00
1841.00 2467.00
1735.00 2474.00
1897.00 2501.00
1153.00 2434.00
2010.00 2535.00
1334.00 2477.00
2116.00 2562.00
1250.00 2477.00
1631.00 2517.00
1417.00 2508.00
1565.00 2532.00
1908.00 2574.00
1063.00 2477.00
2026.00 2611.00
1323.00 2536.00
1127.00 2537.00
1510.00 2585.00
1248.00 2580.00
1751.00 2637.00
1146.00 2588.00
1500.00 2642.00
2088.00 2756.00
931.00 2594.00
1743.00 2706.00
1448.00 2663.00
1132.00 2639.00
1224.00 2640.00
1010.00 2686.00
1784.00 2832.00
914.00 2852.00
