1386.00 206.00
463.00 295.00
118.00 355.00
990.00 270.00
879.00 264.00
2036.00 199.00
797.00 295.00
731.00 320.00
1811.00 261.00
210.00 385.00
655.00 391.00
598.00 411.00
77.00 493.00
1506.00 355.00
327.00 443.00
290.00 486.00
1243.00 455.00
1444.00 486.00
822.00 575.00
1989.00 512.00
656.00 611.00
64.00 667.00
385.00 648.00
510.00 653.00
816.00 660.00
463.00 682.00
1105.00 744.00
1078.00 804.00
422.00 874.00
1155.00 894.00
488.00 947.00
739.00 955.00
1077.00 960.00
990.00 974.00
38.00 1034.00
1289.00 977.00
1077.00 1003.00
1224.00 1043.00
1077.00 1076.00
1125.00 1089.00
1226.00 1115.00
1025.00 1141.00
1729.00 1221.00
360.00 1256.00
1067.00 1282.00
983.00 1407.00
738.00 1701.00
41.00 1890.00
