1173.00 53.00
1551.00 210.00
421.00 128.00
1498.00 229.00
592.00 307.00
1556.00 275.00
643.00 359.00
1395.00 316.00
1255.00 378.00
689.00 406.00
1198.00 415.00
1818.00 426.00
705.00 458.00
1693.00 457.00
1251.00 499.00
1622.00 478.00
1546.00 486.00
1483.00 512.00
1720.00 551.00
1297.00 576.00
1395.00 550.00
1338.00 583.00
1358.00 672.00
1557.00 677.00
1298.00 731.00
966.00 716.00
1562.00 736.00
1490.00 752.00
997.00 789.00
1053.00 806.00
396.00 816.00
587.00 802.00
1362.00 815.00
440.00 825.00
1109.00 836.00
1394.00 869.00
1333.00 882.00
1567.00 888.00
1180.00 913.00
982.00 897.00
893.00 916.00
1114.00 927.00
92.00 928.00
1534.00 937.00
151.00 927.00
852.00 981.00
1524.00 981.00
1065.00 1001.00
1582.00 1017.00
398.00 987.00
725.00 1006.00
945.00 1011.00
895.00 1033.00
607.00 1029.00
512.00 1045.00
150.00 1054.00
760.00 1058.00
1076.00 1050.00
688.00 1059.00
454.00 1066.00
213.00 1078.00
647.00 1078.00
906.00 1108.00
1624.00 1084.00
595.00 1075.00
1683.00 1088.00
148.00 1101.00
530.00 1102.00
87.00 1112.00
36.00 1122.00
592.00 1145.00
145.00 1150.00
447.00 1159.00
406.00 1160.00
1671.00 1161.00
986.00 1192.00
1031.00 1196.00
144.00 1201.00
592.00 1187.00
502.00 1205.00
874.00 1220.00
338.00 1208.00
207.00 1218.00
417.00 1215.00
293.00 1238.00
1248.00 1232.00
1704.00 1216.00
141.00 1266.00
15.00 1265.00
490.00 1265.00
981.00 1274.00
535.00 1259.00
1736.00 1268.00
1173.00 1283.00
1319.00 1284.00
1785.00 1284.00
736.00 1309.00
114.00 1331.00
1069.00 1319.00
196.00 1322.00
1321.00 1332.00
310.00 1345.00
1732.00 1331.00
842.00 1350.00
1794.00 1339.00
1248.00 1346.00
135.00 1393.00
1060.00 1375.00
1567.00 1365.00
459.00 1378.00
250.00 1417.00
361.00 1405.00
1633.00 1395.00
1826.00 1394.00
439.00 1426.00
615.00 1443.00
132.00 1458.00
497.00 1464.00
1722.00 1417.00
1059.00 1433.00
1167.00 1435.00
1570.00 1439.00
1681.00 1423.00
920.00 1461.00
1111.00 1455.00
1840.00 1440.00
878.00 1471.00
1512.00 1457.00
1471.00 1461.00
470.00 1515.00
389.00 1486.00
1355.00 1473.00
1049.00 1482.00
328.00 1492.00
268.00 1510.00
206.00 1508.00
130.00 1516.00
591.00 1525.00
1040.00 1524.00
967.00 1529.00
900.00 1535.00
254.00 1553.00
1336.00 1539.00
477.00 1575.00
205.00 1584.00
1251.00 1550.00
1657.00 1552.00
1057.00 1570.00
1539.00 1553.00
1820.00 1549.00
1201.00 1580.00
1600.00 1566.00
364.00 1577.00
1016.00 1595.00
656.00 1604.00
1156.00 1600.00
1694.00 1646.00
427.00 1702.00
1047.00 1704.00
1233.00 1702.00
775.00 1740.00
591.00 1758.00
1199.00 1746.00
941.00 1844.00
1014.00 1837.00
783.00 1886.00
557.00 1904.00
351.00 1936.00
699.00 1939.00
1037.00 1937.00
1046.00 1982.00
939.00 1999.00
783.00 2064.00
866.00 2112.00
679.00 2213.00
962.00 2197.00
1115.00 2205.00
840.00 2238.00
1045.00 2304.00
504.00 2351.00
730.00 2364.00
452.00 2465.00
1557.00 2392.00
294.00 2528.00
990.00 2451.00
232.00 2554.00
876.00 2517.00
710.00 2614.00
