1112.00 9.00
670.00 181.00
1288.00 71.00
1613.00 11.00
1227.00 233.00
903.00 354.00
1437.00 189.00
1319.00 232.00
1385.00 238.00
1217.00 328.00
1368.00 334.00
1625.00 341.00
1512.00 381.00
1270.00 449.00
1566.00 382.00
808.00 659.00
1136.00 559.00
679.00 714.00
1519.00 441.00
901.00 634.00
1628.00 431.00
1285.00 572.00
1362.00 557.00
1550.00 520.00
1241.00 607.00
1642.00 483.00
1438.00 593.00
1550.00 566.00
1204.00 658.00
1392.00 624.00
1204.00 722.00
1683.00 630.00
1243.00 763.00
1598.00 764.00
1075.00 1940.00
