1178.00 324.00
1202.00 370.00
1254.00 369.00
831.00 390.00
160.00 373.00
233.00 441.00
398.00 470.00
352.00 473.00
1622.00 543.00
602.00 511.00
548.00 510.00
168.00 501.00
59.00 522.00
1343.00 577.00
723.00 547.00
130.00 553.00
234.00 564.00
823.00 591.00
313.00 597.00
180.00 599.00
800.00 637.00
894.00 638.00
758.00 638.00
449.00 630.00
676.00 657.00
865.00 694.00
799.00 689.00
935.00 687.00
379.00 692.00
36.00 699.00
1385.00 759.00
1685.00 751.00
692.00 762.00
488.00 747.00
1387.00 801.00
622.00 776.00
958.00 783.00
284.00 768.00
738.00 791.00
1216.00 813.00
1388.00 843.00
793.00 811.00
1661.00 829.00
1464.00 855.00
1609.00 877.00
793.00 864.00
1673.00 888.00
1517.00 872.00
310.00 845.00
963.00 878.00
1075.00 877.00
1021.00 878.00
1117.00 886.00
670.00 876.00
1428.00 908.00
241.00 890.00
497.00 910.00
1675.00 950.00
318.00 908.00
1171.00 941.00
1020.00 942.00
1067.00 943.00
261.00 964.00
1521.00 972.00
1133.00 987.00
104.00 975.00
1753.00 1003.00
778.00 995.00
915.00 1004.00
979.00 1000.00
1689.00 1017.00
309.00 1015.00
1248.00 1029.00
1334.00 1040.00
908.00 1054.00
1475.00 1083.00
1084.00 1077.00
717.00 1109.00
1016.00 1091.00
1175.00 1095.00
1722.00 1120.00
967.00 1101.00
775.00 1109.00
1392.00 1113.00
1257.00 1119.00
1509.00 1129.00
920.00 1111.00
304.00 1119.00
1467.00 1131.00
164.00 1104.00
1073.00 1130.00
100.00 1129.00
1336.00 1143.00
1564.00 1154.00
839.00 1162.00
775.00 1152.00
893.00 1160.00
160.00 1188.00
1335.00 1194.00
24.00 1196.00
1642.00 1207.00
1144.00 1212.00
1774.00 1218.00
72.00 1198.00
1587.00 1217.00
951.00 1244.00
571.00 1244.00
661.00 1242.00
518.00 1261.00
743.00 1261.00
1381.00 1260.00
866.00 1261.00
1527.00 1265.00
90.00 1271.00
213.00 1302.00
786.00 1276.00
477.00 1297.00
620.00 1283.00
520.00 1318.00
833.00 1314.00
726.00 1320.00
935.00 1325.00
618.00 1344.00
769.00 1319.00
834.00 1367.00
186.00 1369.00
525.00 1373.00
27.00 1361.00
888.00 1374.00
739.00 1394.00
1192.00 1397.00
580.00 1392.00
23.00 1404.00
375.00 1428.00
935.00 1412.00
1464.00 1441.00
270.00 1449.00
217.00 1450.00
888.00 1473.00
136.00 1499.00
1253.00 1484.00
186.00 1491.00
434.00 1508.00
530.00 1520.00
1525.00 1516.00
578.00 1529.00
848.00 1527.00
791.00 1522.00
1476.00 1548.00
1008.00 1541.00
452.00 1572.00
406.00 1558.00
532.00 1567.00
213.00 1593.00
1268.00 1587.00
592.00 1591.00
809.00 1621.00
73.00 1632.00
669.00 1681.00
1456.00 1713.00
646.00 1738.00
1501.00 1736.00
595.00 1766.00
1058.00 1757.00
695.00 1796.00
1489.00 1789.00
264.00 1866.00
337.00 1878.00
280.00 1935.00
445.00 1952.00
