543.00 246.00
1212.00 383.00
1375.00 406.00
1168.00 452.00
1338.00 454.00
629.00 317.00
1400.00 475.00
1262.00 491.00
525.00 364.00
1400.00 524.00
1510.00 469.00
1363.00 576.00
1679.00 501.00
1492.00 531.00
1630.00 492.00
1451.00 546.00
1427.00 590.00
631.00 471.00
173.00 560.00
281.00 586.00
676.00 635.00
1366.00 741.00
1644.00 764.00
34.00 670.00
311.00 682.00
1474.00 807.00
260.00 706.00
1368.00 803.00
195.00 712.00
93.00 718.00
485.00 724.00
1578.00 817.00
21.00 753.00
231.00 756.00
1371.00 866.00
478.00 785.00
166.00 794.00
1482.00 870.00
618.00 851.00
1568.00 875.00
1721.00 880.00
230.00 828.00
508.00 842.00
378.00 856.00
330.00 864.00
1408.00 962.00
357.00 914.00
402.00 939.00
1140.00 1025.00
1510.00 984.00
443.00 935.00
244.00 951.00
1438.00 1053.00
315.00 976.00
30.00 986.00
405.00 1011.00
152.00 1009.00
605.00 1031.00
1381.00 1096.00
1147.00 1100.00
22.00 1039.00
248.00 1047.00
734.00 1114.00
503.00 1046.00
1590.00 1115.00
1664.00 1077.00
85.00 1067.00
1044.00 1163.00
376.00 1091.00
1105.00 1181.00
179.00 1111.00
1509.00 1167.00
489.00 1130.00
1554.00 1163.00
1464.00 1203.00
72.00 1132.00
296.00 1139.00
370.00 1141.00
828.00 1204.00
1382.00 1193.00
19.00 1152.00
1721.00 1163.00
455.00 1178.00
1047.00 1237.00
240.00 1184.00
767.00 1242.00
1880.00 1185.00
1922.00 1186.00
1777.00 1200.00
42.00 1193.00
1393.00 1299.00
988.00 1261.00
284.00 1209.00
1646.00 1212.00
530.00 1235.00
861.00 1283.00
808.00 1306.00
1069.00 1307.00
1495.00 1296.00
967.00 1304.00
231.00 1254.00
1015.00 1317.00
306.00 1303.00
692.00 1291.00
862.00 1325.00
597.00 1287.00
1684.00 1265.00
447.00 1273.00
120.00 1280.00
372.00 1286.00
904.00 1328.00
1515.00 1337.00
283.00 1347.00
226.00 1313.00
44.00 1317.00
528.00 1315.00
447.00 1319.00
159.00 1327.00
395.00 1328.00
902.00 1376.00
969.00 1379.00
1686.00 1338.00
1048.00 1384.00
341.00 1364.00
856.00 1375.00
798.00 1402.00
102.00 1353.00
1483.00 1398.00
1554.00 1389.00
188.00 1373.00
1604.00 1399.00
1437.00 1415.00
1727.00 1373.00
288.00 1391.00
147.00 1398.00
92.00 1407.00
980.00 1464.00
1333.00 1479.00
1090.00 1452.00
1031.00 1500.00
990.00 1505.00
1550.00 1503.00
349.00 1501.00
864.00 1520.00
218.00 1517.00
1083.00 1509.00
989.00 1553.00
1477.00 1539.00
1033.00 1557.00
434.00 1537.00
1092.00 1579.00
1758.00 1545.00
1677.00 1550.00
300.00 1576.00
497.00 1576.00
598.00 1589.00
385.00 1598.00
83.00 1591.00
1450.00 1587.00
37.00 1608.00
761.00 1629.00
344.00 1617.00
762.00 1691.00
1452.00 1654.00
9.00 1708.00
1788.00 1682.00
96.00 1713.00
1562.00 1737.00
1606.00 1742.00
1341.00 1741.00
819.00 1751.00
1431.00 1786.00
1707.00 1826.00
1099.00 1836.00
1401.00 1846.00
1793.00 1870.00
1435.00 1888.00
1568.00 1832.00
1617.00 1954.00
1436.00 1934.00
1523.00 1993.00
1420.00 2002.00
1784.00 2002.00
1359.00 2015.00
1467.00 2021.00
1070.00 2045.00
1115.00 2008.00
1118.00 2155.00
1427.00 2122.00
1586.00 2235.00
1643.00 2215.00
1767.00 2254.00
1447.00 2260.00
1508.00 2276.00
1588.00 2301.00
1724.00 2296.00
1442.00 2163.00
1371.00 2345.00
1665.00 2407.00
1370.00 2419.00
1732.00 2412.00
1757.00 2529.00
1520.00 2585.00
1875.00 2593.00
1333.00 2641.00
1523.00 2677.00
