1404.00 294.00
1546.00 392.00
1410.00 509.00
1164.00 543.00
922.00 646.00
1480.00 554.00
1329.00 652.00
1416.00 698.00
1318.00 781.00
1215.00 801.00
1065.00 902.00
1108.00 906.00
1794.00 817.00
1197.00 914.00
1258.00 1044.00
958.00 1070.00
1477.00 1012.00
1189.00 1066.00
1412.00 1071.00
1286.00 1170.00
1823.00 1104.00
1122.00 1176.00
1427.00 1185.00
1498.00 1238.00
1100.00 1292.00
1516.00 1282.00
1562.00 1288.00
1193.00 1310.00
788.00 1355.00
1416.00 1299.00
2053.00 1273.00
2119.00 1276.00
1037.00 1349.00
1841.00 1330.00
1581.00 1367.00
1154.00 1396.00
1713.00 1351.00
1206.00 1398.00
1792.00 1379.00
2049.00 1349.00
1615.00 1420.00
840.00 1459.00
1745.00 1411.00
1201.00 1440.00
2079.00 1405.00
1687.00 1447.00
2038.00 1418.00
995.00 1467.00
1985.00 1432.00
1568.00 1439.00
795.00 1483.00
1045.00 1495.00
2091.00 1467.00
1573.00 1510.00
1854.00 1515.00
1435.00 1539.00
1687.00 1527.00
968.00 1547.00
1984.00 1552.00
2037.00 1546.00
1836.00 1564.00
1749.00 1540.00
1576.00 1551.00
2105.00 1557.00
1691.00 1588.00
1177.00 1580.00
2009.00 1593.00
1540.00 1622.00
2092.00 1618.00
955.00 1643.00
1879.00 1658.00
2137.00 1663.00
1756.00 1678.00
986.00 1684.00
1584.00 1702.00
1035.00 1702.00
1948.00 1696.00
1863.00 1703.00
1967.00 1747.00
1547.00 1760.00
1359.00 1775.00
1590.00 1814.00
957.00 1844.00
946.00 1893.00
1455.00 1916.00
1642.00 1928.00
1556.00 1938.00
1560.00 1981.00
1601.00 1980.00
1468.00 1996.00
1729.00 1991.00
1509.00 2010.00
765.00 2022.00
887.00 2015.00
1079.00 2023.00
968.00 2007.00
1592.00 2069.00
1548.00 2069.00
1685.00 2098.00
1487.00 2098.00
1568.00 2123.00
1609.00 2135.00
1080.00 2108.00
1189.00 2135.00
1367.00 2166.00
1570.00 2176.00
1489.00 2156.00
1060.00 2167.00
1272.00 2184.00
944.00 2193.00
1493.00 2211.00
841.00 2217.00
1216.00 2242.00
1533.00 2268.00
1265.00 2304.00
1487.00 2306.00
943.00 2305.00
993.00 2306.00
873.00 2297.00
1771.00 2351.00
2023.00 2384.00
1126.00 2323.00
1513.00 2365.00
1324.00 2354.00
1249.00 2366.00
1379.00 2376.00
1037.00 2365.00
1132.00 2380.00
1974.00 2444.00
1448.00 2421.00
1489.00 2447.00
1178.00 2435.00
1097.00 2440.00
1607.00 2508.00
1680.00 2530.00
1135.00 2487.00
1444.00 2537.00
1240.00 2547.00
1180.00 2542.00
1535.00 2589.00
1081.00 2548.00
1222.00 2592.00
2062.00 2661.00
898.00 2573.00
2120.00 2687.00
1718.00 2652.00
1776.00 2668.00
1056.00 2647.00
1304.00 2691.00
1185.00 2699.00
