1258.00 521.00
1357.00 557.00
429.00 626.00
380.00 793.00
1154.00 789.00
779.00 823.00
1155.00 836.00
423.00 868.00
1095.00 872.00
1714.00 873.00
1158.00 943.00
1718.00 933.00
1776.00 983.00
1721.00 985.00
580.00 1050.00
1665.00 1007.00
799.00 1073.00
735.00 1072.00
1161.00 1052.00
228.00 1158.00
1143.00 1180.00
1734.00 1187.00
1328.00 1224.00
215.00 1262.00
1452.00 1253.00
856.00 1286.00
1012.00 1283.00
281.00 1327.00
1757.00 1302.00
1342.00 1320.00
280.00 1369.00
762.00 1362.00
1034.00 1358.00
430.00 1402.00
958.00 1383.00
517.00 1400.00
338.00 1420.00
678.00 1400.00
381.00 1409.00
278.00 1455.00
723.00 1442.00
392.00 1493.00
696.00 1492.00
654.00 1492.00
549.00 1502.00
933.00 1520.00
1039.00 1530.00
853.00 1545.00
739.00 1542.00
279.00 1602.00
383.00 1636.00
342.00 1650.00
655.00 1640.00
1142.00 1984.00
1183.00 1984.00
1147.00 2094.00
1308.00 2133.00
