893.00 141.00
1340.00 99.00
1221.00 132.00
1040.00 243.00
982.00 300.00
827.00 336.00
357.00 406.00
888.00 372.00
888.00 413.00
594.00 482.00
1305.00 424.00
1601.00 361.00
275.00 563.00
1546.00 411.00
979.00 465.00
762.00 536.00
886.00 537.00
629.00 583.00
1324.00 512.00
680.00 580.00
736.00 607.00
1976.00 451.00
1370.00 515.00
1320.00 579.00
1055.00 627.00
1361.00 601.00
822.00 647.00
445.00 692.00
1170.00 645.00
883.00 676.00
1313.00 641.00
1632.00 631.00
389.00 766.00
1273.00 697.00
539.00 767.00
884.00 727.00
686.00 764.00
621.00 775.00
1589.00 691.00
387.00 818.00
1116.00 782.00
2007.00 669.00
1212.00 777.00
884.00 800.00
735.00 831.00
402.00 866.00
559.00 831.00
336.00 872.00
1055.00 853.00
1943.00 739.00
1585.00 788.00
1651.00 778.00
1227.00 846.00
394.00 911.00
630.00 906.00
1731.00 817.00
541.00 905.00
1804.00 823.00
1956.00 808.00
1904.00 830.00
658.00 947.00
1541.00 888.00
377.00 994.00
607.00 965.00
1480.00 910.00
817.00 977.00
1383.00 949.00
366.00 1045.00
712.00 1008.00
467.00 1043.00
322.00 1042.00
1017.00 1014.00
882.00 1000.00
1243.00 1004.00
636.00 1056.00
393.00 1088.00
1904.00 1001.00
639.00 1108.00
736.00 1095.00
393.00 1138.00
548.00 1104.00
347.00 1142.00
590.00 1125.00
488.00 1131.00
686.00 1141.00
441.00 1123.00
735.00 1158.00
1845.00 1107.00
1743.00 1120.00
528.00 1205.00
1802.00 1119.00
358.00 1227.00
684.00 1226.00
420.00 1234.00
597.00 1231.00
1539.00 1188.00
549.00 1265.00
1342.00 1241.00
327.00 1294.00
643.00 1267.00
1250.00 1266.00
1838.00 1248.00
730.00 1306.00
1528.00 1230.00
390.00 1331.00
1047.00 1337.00
655.00 1347.00
546.00 1346.00
443.00 1367.00
606.00 1358.00
376.00 1377.00
650.00 1391.00
450.00 1411.00
1844.00 1346.00
726.00 1441.00
1785.00 1322.00
880.00 1451.00
1046.00 1446.00
437.00 1475.00
679.00 1468.00
626.00 1467.00
1345.00 1444.00
724.00 1493.00
879.00 1496.00
1346.00 1486.00
1537.00 1489.00
1176.00 1514.00
589.00 1558.00
1048.00 1557.00
979.00 1643.00
2131.00 1628.00
653.00 1689.00
975.00 1688.00
910.00 1694.00
738.00 1725.00
2138.00 1671.00
562.00 1750.00
647.00 1756.00
1012.00 1732.00
743.00 1768.00
2091.00 1706.00
849.00 1767.00
2143.00 1740.00
588.00 1864.00
983.00 1866.00
965.00 1908.00
802.00 1917.00
1831.00 1957.00
742.00 1984.00
1046.00 2009.00
977.00 2042.00
1831.00 2020.00
1475.00 2064.00
724.00 2064.00
1209.00 2090.00
854.00 2089.00
1722.00 2118.00
1054.00 2128.00
1405.00 2161.00
1233.00 2180.00
1086.00 2197.00
1094.00 2302.00
1086.00 2450.00
845.00 2434.00
716.00 2527.00
813.00 2559.00
1474.00 2692.00
1403.00 2731.00
1211.00 2746.00
