824.00 199.00
2048.00 117.00
2045.00 166.00
1572.00 271.00
613.00 422.00
1583.00 345.00
1959.00 331.00
531.00 475.00
2090.00 334.00
1486.00 393.00
1904.00 356.00
585.00 482.00
1821.00 391.00
1756.00 418.00
1432.00 457.00
624.00 535.00
1691.00 446.00
1631.00 472.00
531.00 569.00
1284.00 528.00
1587.00 492.00
1531.00 516.00
1936.00 496.00
2134.00 486.00
2013.00 503.00
1717.00 526.00
1490.00 556.00
1084.00 593.00
815.00 623.00
1381.00 581.00
1446.00 579.00
1062.00 635.00
1298.00 618.00
1568.00 605.00
1956.00 606.00
1237.00 644.00
1997.00 614.00
1569.00 649.00
930.00 699.00
541.00 722.00
1658.00 651.00
1835.00 637.00
1912.00 633.00
707.00 716.00
993.00 717.00
816.00 728.00
1063.00 719.00
2016.00 658.00
1488.00 701.00
1571.00 709.00
764.00 752.00
1618.00 707.00
1440.00 716.00
574.00 775.00
974.00 758.00
1697.00 731.00
1837.00 707.00
1916.00 704.00
2020.00 702.00
916.00 783.00
1445.00 760.00
1103.00 789.00
1624.00 766.00
1743.00 783.00
834.00 818.00
1684.00 774.00
1816.00 759.00
2023.00 750.00
1100.00 830.00
1576.00 828.00
786.00 850.00
1766.00 827.00
1425.00 835.00
1812.00 815.00
1471.00 833.00
1671.00 828.00
2001.00 832.00
1115.00 873.00
636.00 903.00
681.00 899.00
1878.00 864.00
829.00 936.00
1530.00 915.00
870.00 942.00
614.00 955.00
1633.00 910.00
481.00 969.00
1150.00 947.00
1723.00 937.00
1529.00 959.00
605.00 1003.00
908.00 1007.00
2064.00 968.00
1660.00 972.00
1610.00 972.00
564.00 1028.00
1170.00 1011.00
1960.00 999.00
2107.00 996.00
967.00 1048.00
638.00 1059.00
854.00 1068.00
1426.00 1054.00
1602.00 1051.00
1956.00 1040.00
1896.00 1058.00
974.00 1089.00
1705.00 1077.00
1520.00 1067.00
900.00 1102.00
815.00 1111.00
675.00 1120.00
1361.00 1114.00
1416.00 1114.00
764.00 1116.00
1034.00 1124.00
949.00 1133.00
1507.00 1109.00
900.00 1145.00
640.00 1178.00
1897.00 1133.00
1638.00 1123.00
1553.00 1154.00
750.00 1159.00
1405.00 1163.00
1482.00 1186.00
1057.00 1179.00
1001.00 1185.00
693.00 1204.00
2066.00 1177.00
1287.00 1193.00
952.00 1199.00
1538.00 1195.00
1832.00 1225.00
865.00 1253.00
1906.00 1235.00
1110.00 1241.00
2048.00 1237.00
937.00 1245.00
1157.00 1244.00
806.00 1246.00
1601.00 1233.00
1646.00 1255.00
1347.00 1263.00
1422.00 1274.00
1845.00 1268.00
1921.00 1286.00
1243.00 1295.00
1527.00 1284.00
2050.00 1311.00
1403.00 1324.00
2103.00 1338.00
1266.00 1346.00
1922.00 1341.00
1859.00 1342.00
1207.00 1337.00
1461.00 1356.00
1131.00 1360.00
1004.00 1399.00
1233.00 1388.00
1055.00 1389.00
1719.00 1412.00
1455.00 1399.00
1187.00 1403.00
823.00 1401.00
1598.00 1434.00
880.00 1427.00
1298.00 1441.00
838.00 1445.00
2072.00 1488.00
1254.00 1481.00
1132.00 1512.00
1510.00 1540.00
842.00 1511.00
1919.00 1570.00
1976.00 1573.00
1043.00 1560.00
1859.00 1600.00
2089.00 1615.00
861.00 1581.00
1639.00 1623.00
1684.00 1625.00
1900.00 1648.00
2052.00 1658.00
1597.00 1645.00
1740.00 1669.00
1959.00 1703.00
1049.00 1683.00
1949.00 1757.00
2011.00 1760.00
1266.00 1727.00
1316.00 1734.00
1432.00 1740.00
1121.00 1728.00
1193.00 1732.00
1657.00 1773.00
1526.00 1757.00
2104.00 1801.00
2078.00 1864.00
797.00 1758.00
2036.00 1881.00
1979.00 1922.00
950.00 1860.00
1134.00 1941.00
1891.00 2075.00
1985.00 2082.00
2141.00 2127.00
1769.00 2139.00
