1650.00 277.00
275.00 235.00
1294.00 722.00
1211.00 727.00
1885.00 810.00
1141.00 839.00
1317.00 899.00
223.00 438.00
343.00 405.00
1214.00 1066.00
1304.00 1123.00
832.00 1080.00
2008.00 1158.00
42.00 737.00
78.00 778.00
1304.00 1183.00
1131.00 1177.00
1425.00 1236.00
1261.00 1278.00
1305.00 1243.00
1174.00 1302.00
1114.00 1322.00
1285.00 1343.00
932.00 1350.00
1218.00 1333.00
1114.00 1368.00
1426.00 1363.00
819.00 1346.00
1696.00 1380.00
1913.00 1416.00
1307.00 1388.00
1428.00 1404.00
1114.00 1414.00
1287.00 1441.00
1816.00 1454.00
2019.00 1497.00
1197.00 1432.00
1428.00 1448.00
1489.00 1445.00
1745.00 1466.00
1100.00 1482.00
322.00 1226.00
1325.00 1497.00
1480.00 1491.00
1432.00 1529.00
1641.00 1513.00
1778.00 1522.00
1822.00 1552.00
1134.00 1556.00
1641.00 1561.00
1068.00 1545.00
1897.00 1575.00
588.00 1540.00
1431.00 1572.00
1745.00 1582.00
915.00 1561.00
1547.00 1591.00
1200.00 1608.00
1863.00 1636.00
1627.00 1616.00
1031.00 1596.00
747.00 1640.00
972.00 1599.00
817.00 1598.00
925.00 1616.00
1452.00 1643.00
232.00 1459.00
1758.00 1681.00
915.00 1663.00
1865.00 1686.00
847.00 1668.00
1247.00 1698.00
1955.00 1714.00
257.00 1551.00
1524.00 1719.00
1573.00 1722.00
214.00 1591.00
1797.00 1748.00
364.00 1611.00
754.00 1728.00
1534.00 1778.00
1896.00 1787.00
1076.00 1782.00
339.00 1704.00
1152.00 1854.00
1225.00 1812.00
1608.00 1966.00
331.00 2082.00
76.00 2101.00
73.00 2374.00
