1128.00 884.00
1342.00 783.00
1661.00 835.00
1348.00 958.00
1316.00 1000.00
998.00 1086.00
1977.00 880.00
771.00 1092.00
1274.00 1039.00
659.00 1112.00
713.00 1111.00
1049.00 1165.00
2145.00 924.00
1377.00 1070.00
2040.00 942.00
1650.00 1000.00
1511.00 1046.00
1374.00 1111.00
1994.00 1006.00
1672.00 1068.00
1944.00 1039.00
631.00 1165.00
1419.00 1097.00
1512.00 1108.00
1598.00 1106.00
1820.00 1088.00
1979.00 1096.00
1685.00 1112.00
752.00 1236.00
823.00 1220.00
1366.00 1180.00
1459.00 1181.00
2033.00 1138.00
1319.00 1202.00
692.00 1279.00
1735.00 1183.00
689.00 1322.00
1245.00 1280.00
1103.00 1276.00
2110.00 1173.00
1402.00 1270.00
1717.00 1293.00
1664.00 1258.00
1855.00 1277.00
1246.00 1335.00
1637.00 1301.00
1157.00 1323.00
1039.00 1325.00
1204.00 1339.00
1398.00 1334.00
976.00 1370.00
1452.00 1343.00
1591.00 1338.00
1913.00 1319.00
1810.00 1344.00
2003.00 1340.00
1227.00 1430.00
1854.00 1386.00
1268.00 1427.00
1399.00 1419.00
1184.00 1437.00
990.00 1438.00
968.00 1487.00
1136.00 1452.00
1314.00 1478.00
1910.00 1522.00
1278.00 1568.00
1837.00 1521.00
2143.00 1509.00
786.00 1596.00
1038.00 1597.00
1334.00 1628.00
1600.00 1596.00
2007.00 1578.00
1232.00 1655.00
2050.00 1633.00
1955.00 1642.00
1520.00 1686.00
1697.00 1647.00
1308.00 1693.00
1411.00 1753.00
1762.00 1717.00
1562.00 1711.00
1187.00 1752.00
1263.00 1723.00
2105.00 1700.00
2070.00 1745.00
1592.00 1758.00
1649.00 1766.00
1288.00 1768.00
1928.00 1793.00
1592.00 1804.00
2003.00 1813.00
1713.00 1820.00
1209.00 1831.00
1029.00 1837.00
1852.00 1837.00
1102.00 1864.00
1534.00 1848.00
1289.00 1851.00
1927.00 1853.00
1432.00 1866.00
1162.00 1866.00
1649.00 1874.00
1477.00 1867.00
1209.00 1873.00
1792.00 1911.00
1597.00 1902.00
1857.00 1900.00
1292.00 1902.00
1537.00 1906.00
1240.00 1928.00
1435.00 1924.00
1016.00 1926.00
1186.00 1927.00
1380.00 1927.00
1647.00 1927.00
1720.00 1938.00
1952.00 1941.00
1129.00 1953.00
1814.00 1956.00
1293.00 1954.00
1339.00 1970.00
1861.00 1965.00
1578.00 1956.00
1174.00 1968.00
1380.00 1976.00
1438.00 1981.00
1654.00 1994.00
1061.00 2011.00
1725.00 2000.00
1825.00 2009.00
1907.00 2018.00
1214.00 2025.00
1543.00 2022.00
1866.00 2029.00
1384.00 2034.00
1441.00 2039.00
1769.00 2052.00
1655.00 2052.00
1728.00 2063.00
1298.00 2058.00
1343.00 2057.00
2113.00 2085.00
2025.00 2084.00
1215.00 2074.00
1978.00 2069.00
1545.00 2081.00
1434.00 2082.00
1660.00 2117.00
1479.00 2109.00
1604.00 2099.00
1907.00 2111.00
1816.00 2090.00
1108.00 2106.00
1750.00 2142.00
2122.00 2179.00
1312.00 2131.00
1549.00 2140.00
1492.00 2155.00
1611.00 2168.00
2081.00 2226.00
2130.00 2231.00
1562.00 2195.00
1497.00 2201.00
2026.00 2270.00
1850.00 2251.00
1295.00 2238.00
1806.00 2271.00
2134.00 2308.00
2090.00 2301.00
1617.00 2281.00
1932.00 2332.00
1698.00 2315.00
1762.00 2323.00
963.00 2298.00
2119.00 2416.00
1222.00 2338.00
1181.00 2348.00
1814.00 2402.00
1887.00 2441.00
1594.00 2423.00
1630.00 2502.00
1682.00 2526.00
