855.00 8.00
1390.00 25.00
909.00 39.00
875.00 84.00
1407.00 112.00
432.00 106.00
857.00 125.00
857.00 169.00
734.00 173.00
398.00 173.00
1417.00 219.00
1589.00 174.00
432.00 235.00
1077.00 273.00
742.00 255.00
619.00 285.00
1078.00 328.00
612.00 339.00
307.00 340.00
459.00 393.00
858.00 359.00
642.00 383.00
517.00 427.00
1157.00 439.00
234.00 475.00
1113.00 476.00
301.00 467.00
403.00 478.00
456.00 489.00
259.00 529.00
1044.00 535.00
940.00 591.00
401.00 566.00
173.00 586.00
508.00 598.00
398.00 625.00
1068.00 593.00
615.00 593.00
453.00 625.00
149.00 627.00
909.00 650.00
356.00 647.00
192.00 645.00
571.00 605.00
280.00 638.00
1517.00 673.00
702.00 689.00
117.00 688.00
765.00 697.00
422.00 704.00
219.00 728.00
350.00 726.00
1025.00 733.00
1599.00 737.00
136.00 738.00
88.00 742.00
289.00 790.00
217.00 776.00
952.00 789.00
576.00 810.00
876.00 806.00
336.00 827.00
243.00 823.00
522.00 838.00
713.00 878.00
585.00 861.00
310.00 881.00
262.00 912.00
743.00 919.00
212.00 928.00
1029.00 910.00
528.00 972.00
464.00 970.00
394.00 980.00
64.00 1043.00
351.00 1043.00
133.00 1067.00
1382.00 1083.00
90.00 1091.00
656.00 1088.00
1107.00 1107.00
1299.00 1110.00
1595.00 1112.00
149.00 1117.00
731.00 1114.00
44.00 1158.00
1090.00 1171.00
732.00 1183.00
617.00 1194.00
1035.00 1195.00
142.00 1198.00
959.00 1228.00
893.00 1257.00
1260.00 1258.00
574.00 1256.00
370.00 1284.00
1036.00 1289.00
1087.00 1294.00
629.00 1317.00
437.00 1325.00
906.00 1331.00
1009.00 1350.00
563.00 1359.00
504.00 1349.00
906.00 1386.00
834.00 1371.00
1596.00 1403.00
232.00 1410.00
500.00 1418.00
1080.00 1416.00
345.00 1428.00
412.00 1424.00
742.00 1440.00
683.00 1441.00
870.00 1452.00
618.00 1458.00
790.00 1458.00
989.00 1462.00
303.00 1464.00
928.00 1465.00
408.00 1476.00
453.00 1476.00
252.00 1482.00
546.00 1492.00
496.00 1509.00
926.00 1513.00
689.00 1521.00
416.00 1525.00
639.00 1536.00
823.00 1563.00
533.00 1555.00
1327.00 1516.00
257.00 1562.00
1303.00 1615.00
498.00 1601.00
246.00 1616.00
1290.00 1789.00
389.00 1950.00
1087.00 2325.00
1554.00 2764.00
