997.00 243.00
875.00 571.00
1282.00 752.00
1630.00 814.00
1517.00 843.00
382.00 886.00
1072.00 930.00
177.00 886.00
490.00 891.00
970.00 997.00
312.00 990.00
816.00 1111.00
722.00 1122.00
612.00 1114.00
816.00 1186.00
731.00 1190.00
951.00 1232.00
574.00 1198.00
721.00 1257.00
721.00 1300.00
333.00 1271.00
694.00 1349.00
920.00 1405.00
1445.00 1423.00
849.00 1409.00
106.00 1373.00
981.00 1428.00
1100.00 1450.00
381.00 1394.00
692.00 1419.00
811.00 1479.00
869.00 1491.00
812.00 1531.00
691.00 1555.00
495.00 1562.00
692.00 1601.00
1357.00 1675.00
812.00 1755.00
1366.00 1831.00
489.00 1832.00
810.00 1828.00
1051.00 2110.00
1581.00 2239.00
