1118.00 112.00
1038.00 81.00
1521.00 244.00
1413.00 298.00
1268.00 304.00
918.00 273.00
1547.00 316.00
1309.00 340.00
300.00 231.00
1407.00 351.00
1007.00 345.00
618.00 293.00
1535.00 421.00
1653.00 424.00
1012.00 395.00
1576.00 460.00
652.00 352.00
1624.00 503.00
1421.00 475.00
790.00 436.00
1348.00 486.00
1207.00 497.00
1475.00 527.00
1623.00 554.00
965.00 502.00
1352.00 532.00
1570.00 572.00
914.00 561.00
1214.00 605.00
1262.00 640.00
1408.00 642.00
1468.00 698.00
1362.00 712.00
787.00 665.00
970.00 693.00
895.00 696.00
1014.00 713.00
1819.00 809.00
37.00 692.00
1288.00 814.00
471.00 740.00
220.00 742.00
92.00 715.00
362.00 743.00
523.00 765.00
336.00 789.00
1186.00 833.00
1540.00 880.00
1001.00 854.00
725.00 856.00
1564.00 928.00
825.00 902.00
1372.00 966.00
1117.00 958.00
1786.00 1015.00
342.00 926.00
726.00 951.00
570.00 935.00
625.00 969.00
855.00 1009.00
1167.00 998.00
1071.00 1030.00
259.00 983.00
582.00 1014.00
1174.00 1057.00
434.00 1012.00
792.00 1048.00
895.00 1052.00
63.00 1000.00
334.00 1032.00
1104.00 1075.00
268.00 1087.00
835.00 1078.00
1038.00 1087.00
689.00 1104.00
1208.00 1116.00
1504.00 1211.00
1943.00 1237.00
645.00 1169.00
1402.00 1265.00
1162.00 1273.00
1064.00 1254.00
1653.00 1313.00
965.00 1280.00
1434.00 1361.00
1362.00 1369.00
1884.00 1424.00
1832.00 1431.00
1506.00 1474.00
1827.00 1501.00
1761.00 1521.00
1903.00 1512.00
1506.00 1527.00
1451.00 1537.00
1394.00 1538.00
1135.00 1550.00
1817.00 1597.00
1342.00 1581.00
1040.00 1616.00
1594.00 1628.00
1496.00 1687.00
1847.00 1684.00
1537.00 1706.00
941.00 1801.00
1589.00 2290.00
1400.00 2470.00
1423.00 2565.00
400.00 2551.00
547.00 2604.00
1630.00 2661.00
413.00 2647.00
309.00 2697.00
1270.00 2681.00
