388.00 67.00
1689.00 149.00
1732.00 168.00
264.00 90.00
535.00 143.00
1100.00 169.00
1313.00 239.00
404.00 181.00
36.00 115.00
654.00 217.00
2133.00 331.00
1580.00 331.00
2080.00 357.00
285.00 299.00
399.00 288.00
1580.00 395.00
1651.00 422.00
1861.00 492.00
284.00 403.00
647.00 412.00
909.00 431.00
1036.00 465.00
389.00 412.00
504.00 439.00
1616.00 585.00
176.00 480.00
1134.00 572.00
643.00 544.00
1276.00 559.00
302.00 505.00
483.00 543.00
419.00 529.00
1045.00 598.00
1795.00 616.00
1991.00 636.00
595.00 566.00
1681.00 645.00
725.00 593.00
1274.00 637.00
784.00 607.00
1953.00 702.00
838.00 641.00
677.00 696.00
1275.00 688.00
1595.00 684.00
2073.00 733.00
621.00 707.00
1727.00 753.00
1998.00 743.00
565.00 718.00
1120.00 701.00
1183.00 714.00
1275.00 753.00
615.00 750.00
380.00 752.00
918.00 745.00
758.00 770.00
2051.00 798.00
857.00 796.00
1725.00 822.00
1276.00 808.00
1771.00 831.00
602.00 795.00
758.00 814.00
1857.00 845.00
1332.00 817.00
931.00 832.00
1523.00 856.00
1136.00 856.00
274.00 860.00
862.00 871.00
1077.00 868.00
813.00 848.00
1035.00 871.00
219.00 816.00
709.00 878.00
625.00 863.00
1886.00 886.00
1137.00 901.00
1779.00 914.00
546.00 895.00
839.00 919.00
624.00 912.00
445.00 893.00
788.00 912.00
919.00 911.00
1457.00 952.00
322.00 914.00
688.00 933.00
1278.00 934.00
388.00 914.00
1996.00 969.00
528.00 954.00
986.00 940.00
621.00 972.00
797.00 987.00
1151.00 991.00
865.00 994.00
559.00 1009.00
976.00 1016.00
1958.00 1033.00
1017.00 1000.00
462.00 1032.00
317.00 1002.00
1764.00 1041.00
910.00 1042.00
1098.00 1045.00
1837.00 1069.00
1582.00 1061.00
583.00 1058.00
812.00 1062.00
960.00 1068.00
629.00 1069.00
1014.00 1073.00
1474.00 1085.00
690.00 1083.00
870.00 1085.00
1073.00 1109.00
1126.00 1103.00
817.00 1112.00
988.00 1121.00
1449.00 1129.00
257.00 1107.00
739.00 1147.00
584.00 1193.00
975.00 1214.00
1320.00 1212.00
1801.00 1197.00
1567.00 1225.00
856.00 1284.00
1364.00 1269.00
1775.00 1281.00
1652.00 1277.00
506.00 1290.00
792.00 1294.00
555.00 1293.00
668.00 1295.00
929.00 1307.00
1365.00 1321.00
653.00 1343.00
520.00 1350.00
444.00 1371.00
253.00 1375.00
523.00 1393.00
358.00 1418.00
1799.00 1427.00
1214.00 1411.00
704.00 1453.00
1167.00 1476.00
1104.00 1509.00
392.00 1523.00
343.00 1524.00
576.00 1613.00
1103.00 1642.00
231.00 1773.00
746.00 1813.00
415.00 1824.00
429.00 1923.00
348.00 1939.00
196.00 1977.00
327.00 2015.00
