1853.00 440.00
1710.00 465.00
1811.00 495.00
917.00 571.00
1716.00 522.00
986.00 573.00
1641.00 572.00
895.00 774.00
790.00 811.00
2134.00 687.00
1011.00 852.00
600.00 865.00
780.00 902.00
702.00 905.00
535.00 965.00
807.00 957.00
483.00 1004.00
733.00 977.00
864.00 987.00
1375.00 1099.00
440.00 1045.00
491.00 1052.00
1438.00 1125.00
1060.00 1052.00
588.00 1196.00
1707.00 1166.00
653.00 1257.00
908.00 1249.00
2014.00 1160.00
1908.00 1146.00
950.00 1203.00
808.00 1295.00
1894.00 1303.00
714.00 1395.00
2030.00 1319.00
1404.00 1422.00
891.00 1393.00
1030.00 1338.00
1573.00 1517.00
844.00 1536.00
1273.00 1537.00
826.00 1477.00
1112.00 1558.00
619.00 1541.00
906.00 1536.00
1060.00 1586.00
900.00 1581.00
720.00 1570.00
1112.00 1618.00
2012.00 1653.00
1671.00 1676.00
1581.00 1700.00
940.00 1712.00
1348.00 1768.00
946.00 1763.00
707.00 1819.00
1246.00 1814.00
754.00 1817.00
1486.00 1856.00
655.00 1856.00
1319.00 1871.00
1576.00 1891.00
702.00 1865.00
808.00 1860.00
1465.00 1897.00
1247.00 1901.00
1134.00 1916.00
764.00 1866.00
1351.00 1936.00
1593.00 1977.00
818.00 1912.00
1247.00 1957.00
759.00 1945.00
943.00 1918.00
1821.00 2014.00
1878.00 2024.00
1039.00 2014.00
1352.00 2019.00
2074.00 2075.00
665.00 1997.00
619.00 2017.00
1815.00 2064.00
1183.00 2036.00
2076.00 2123.00
725.00 2053.00
858.00 2065.00
778.00 2074.00
1353.00 2139.00
607.00 2072.00
745.00 2120.00
