973.00 174.00
883.00 182.00
1957.00 202.00
451.00 418.00
1139.00 430.00
1606.00 536.00
1510.00 562.00
1673.00 571.00
417.00 616.00
1362.00 613.00
1750.00 617.00
986.00 646.00
1277.00 670.00
983.00 731.00
1840.00 742.00
628.00 738.00
1678.00 760.00
1759.00 813.00
468.00 831.00
559.00 844.00
1171.00 863.00
1679.00 893.00
2151.00 929.00
1790.00 982.00
698.00 984.00
26.00 983.00
579.00 1028.00
496.00 992.00
1668.00 1045.00
379.00 1017.00
1997.00 1022.00
1174.00 1047.00
832.00 1062.00
1266.00 1036.00
1536.00 1106.00
1669.00 1097.00
1387.00 1106.00
1965.00 1114.00
841.00 1126.00
992.00 1139.00
1470.00 1126.00
2122.00 1191.00
692.00 1170.00
1798.00 1178.00
130.00 1179.00
84.00 1173.00
1262.00 1174.00
483.00 1187.00
1491.00 1203.00
104.00 1261.00
1602.00 1253.00
1207.00 1272.00
1834.00 1287.00
622.00 1292.00
54.00 1289.00
1682.00 1339.00
458.00 1337.00
1276.00 1361.00
690.00 1359.00
229.00 1369.00
644.00 1363.00
58.00 1424.00
837.00 1466.00
158.00 1406.00
879.00 1451.00
367.00 1463.00
1691.00 1542.00
353.00 1569.00
689.00 1553.00
522.00 1563.00
816.00 1578.00
298.00 1579.00
250.00 1625.00
369.00 1670.00
457.00 1598.00
687.00 1600.00
519.00 1668.00
427.00 1655.00
684.00 1754.00
71.00 1788.00
1944.00 1854.00
715.00 1807.00
459.00 1892.00
1181.00 1979.00
1576.00 1939.00
681.00 1963.00
496.00 1974.00
1495.00 2036.00
1334.00 2034.00
1281.00 2143.00
1392.00 2158.00
792.00 2136.00
585.00 2148.00
476.00 2164.00
700.00 2170.00
326.00 2186.00
1320.00 2257.00
789.00 2217.00
1589.00 2327.00
1863.00 2334.00
1390.00 2318.00
1342.00 2384.00
793.00 2377.00
738.00 2394.00
709.00 2672.00
799.00 2678.00
1603.00 2855.00
