1728.00 522.00
1581.00 510.00
1241.00 543.00
1651.00 621.00
1276.00 614.00
1417.00 656.00
1744.00 674.00
1307.00 680.00
26.00 637.00
1477.00 723.00
1371.00 817.00
1393.00 863.00
1370.00 978.00
396.00 911.00
467.00 925.00
1957.00 964.00
801.00 1006.00
722.00 1019.00
1584.00 1034.00
506.00 1031.00
1392.00 1091.00
443.00 1063.00
798.00 1107.00
1897.00 1125.00
149.00 1111.00
1549.00 1169.00
832.00 1232.00
1089.00 1277.00
907.00 1264.00
2028.00 1252.00
45.00 1243.00
256.00 1299.00
316.00 1307.00
2033.00 1297.00
43.00 1286.00
1617.00 1313.00
740.00 1345.00
663.00 1357.00
461.00 1362.00
314.00 1367.00
1666.00 1351.00
155.00 1385.00
205.00 1405.00
2029.00 1420.00
56.00 1422.00
2148.00 1444.00
1216.00 1447.00
1724.00 1417.00
631.00 1458.00
1168.00 1469.00
692.00 1472.00
500.00 1490.00
860.00 1495.00
1223.00 1498.00
1555.00 1468.00
388.00 1513.00
935.00 1502.00
1689.00 1473.00
173.00 1522.00
621.00 1537.00
1557.00 1513.00
387.00 1554.00
247.00 1567.00
956.00 1549.00
821.00 1554.00
1125.00 1570.00
28.00 1568.00
383.00 1621.00
438.00 1675.00
725.00 1665.00
1929.00 1673.00
1928.00 1766.00
226.00 1819.00
1989.00 1761.00
678.00 1826.00
2052.00 1815.00
1881.00 1823.00
1051.00 1862.00
769.00 1867.00
36.00 1913.00
1997.00 1870.00
855.00 1856.00
1998.00 1924.00
2139.00 1960.00
1107.00 1998.00
2099.00 2059.00
2140.00 2095.00
491.00 2286.00
926.00 2629.00
