723.00 424.00
360.00 374.00
401.00 404.00
396.00 529.00
500.00 752.00
372.00 820.00
1693.00 921.00
1247.00 920.00
1466.00 943.00
1412.00 1007.00
1231.00 1047.00
1844.00 1055.00
1589.00 1053.00
1681.00 1109.00
567.00 1135.00
2092.00 1153.00
1503.00 1132.00
660.00 1168.00
782.00 1180.00
828.00 1184.00
1170.00 1179.00
1481.00 1186.00
410.00 1214.00
486.00 1237.00
1212.00 1223.00
617.00 1241.00
1675.00 1278.00
482.00 1328.00
208.00 1353.00
541.00 1300.00
927.00 1376.00
610.00 1380.00
883.00 1396.00
490.00 1454.00
1776.00 1393.00
790.00 1433.00
1585.00 1420.00
981.00 1427.00
1479.00 1429.00
302.00 1446.00
1531.00 1433.00
629.00 1484.00
736.00 1487.00
407.00 1498.00
229.00 1499.00
1268.00 1521.00
1770.00 1514.00
876.00 1535.00
1568.00 1538.00
281.00 1550.00
1476.00 1554.00
1382.00 1572.00
1193.00 1576.00
600.00 1571.00
809.00 1584.00
1569.00 1604.00
671.00 1614.00
724.00 1608.00
917.00 1622.00
1024.00 1652.00
1071.00 1654.00
296.00 1660.00
919.00 1706.00
1071.00 1720.00
1253.00 1752.00
1105.00 1790.00
881.00 1836.00
732.00 2142.00
800.00 2225.00
716.00 2317.00
950.00 2659.00
998.00 2689.00
1058.00 2853.00
