1149.00 179.00
903.00 183.00
597.00 195.00
1807.00 197.00
830.00 215.00
1041.00 248.00
1683.00 281.00
1368.00 297.00
1013.00 327.00
341.00 342.00
1071.00 329.00
1610.00 354.00
717.00 391.00
2085.00 359.00
359.00 388.00
1127.00 404.00
1848.00 407.00
651.00 424.00
1236.00 475.00
594.00 455.00
1708.00 472.00
720.00 462.00
1066.00 464.00
1110.00 478.00
723.00 504.00
354.00 576.00
1327.00 598.00
443.00 630.00
251.00 632.00
1190.00 632.00
854.00 634.00
1300.00 641.00
898.00 661.00
1401.00 669.00
286.00 674.00
344.00 680.00
753.00 695.00
223.00 740.00
871.00 751.00
633.00 753.00
525.00 773.00
1288.00 769.00
956.00 783.00
818.00 835.00
455.00 840.00
328.00 859.00
572.00 883.00
1273.00 886.00
1496.00 888.00
2089.00 910.00
1203.00 906.00
422.00 944.00
872.00 903.00
760.00 912.00
2140.00 936.00
630.00 933.00
1085.00 944.00
344.00 934.00
1127.00 933.00
204.00 971.00
463.00 954.00
836.00 981.00
1838.00 952.00
317.00 981.00
2138.00 1033.00
1085.00 994.00
486.00 1025.00
819.00 1030.00
885.00 1024.00
1873.00 1070.00
959.00 1053.00
1262.00 1049.00
731.00 1047.00
1915.00 1072.00
506.00 1077.00
835.00 1074.00
1620.00 1092.00
565.00 1091.00
1015.00 1092.00
248.00 1103.00
336.00 1105.00
406.00 1106.00
1263.00 1098.00
616.00 1128.00
1485.00 1140.00
560.00 1143.00
858.00 1166.00
935.00 1162.00
987.00 1150.00
1883.00 1161.00
1086.00 1154.00
1438.00 1160.00
504.00 1157.00
834.00 1123.00
1263.00 1156.00
450.00 1171.00
1314.00 1181.00
1759.00 1194.00
375.00 1191.00
1805.00 1195.00
882.00 1212.00
325.00 1204.00
1408.00 1206.00
816.00 1168.00
834.00 1209.00
935.00 1239.00
1508.00 1236.00
258.00 1222.00
987.00 1242.00
1086.00 1195.00
318.00 1250.00
1264.00 1245.00
1878.00 1285.00
418.00 1268.00
244.00 1268.00
473.00 1283.00
1629.00 1303.00
1482.00 1308.00
569.00 1312.00
631.00 1281.00
331.00 1303.00
1412.00 1329.00
1750.00 1347.00
740.00 1335.00
2010.00 1356.00
1475.00 1356.00
1041.00 1350.00
987.00 1358.00
1540.00 1384.00
1087.00 1356.00
1329.00 1385.00
1276.00 1397.00
1442.00 1398.00
1377.00 1386.00
789.00 1368.00
1494.00 1415.00
236.00 1379.00
1741.00 1413.00
1898.00 1419.00
279.00 1399.00
906.00 1435.00
442.00 1426.00
1331.00 1430.00
1271.00 1444.00
1372.00 1431.00
235.00 1433.00
1013.00 1421.00
1950.00 1448.00
354.00 1441.00
1609.00 1452.00
1886.00 1468.00
1733.00 1476.00
641.00 1467.00
1679.00 1499.00
880.00 1480.00
2109.00 1518.00
932.00 1500.00
830.00 1512.00
2064.00 1511.00
1720.00 1521.00
1928.00 1525.00
600.00 1509.00
1087.00 1508.00
177.00 1497.00
1583.00 1528.00
359.00 1508.00
1409.00 1524.00
269.00 1512.00
986.00 1506.00
1812.00 1554.00
318.00 1520.00
455.00 1527.00
720.00 1530.00
679.00 1535.00
1171.00 1576.00
904.00 1543.00
956.00 1550.00
547.00 1553.00
828.00 1577.00
1384.00 1575.00
2097.00 1588.00
1461.00 1588.00
629.00 1573.00
1088.00 1579.00
1585.00 1587.00
1836.00 1627.00
1179.00 1624.00
773.00 1578.00
497.00 1599.00
355.00 1586.00
2018.00 1642.00
1088.00 1621.00
543.00 1622.00
643.00 1628.00
1012.00 1600.00
699.00 1633.00
2092.00 1667.00
956.00 1646.00
1961.00 1678.00
1194.00 1673.00
1404.00 1678.00
1012.00 1641.00
1088.00 1663.00
682.00 1712.00
2086.00 1751.00
956.00 1743.00
323.00 1779.00
985.00 1898.00
1089.00 1901.00
1107.00 2363.00
1058.00 2510.00
1492.00 2578.00
1169.00 2677.00
1168.00 2732.00
1754.00 2776.00
598.00 2794.00
1169.00 2779.00
