1207.00 131.00
54.00 281.00
481.00 393.00
1393.00 439.00
1544.00 484.00
814.00 521.00
1731.00 554.00
1606.00 584.00
252.00 594.00
1593.00 537.00
400.00 721.00
1723.00 669.00
466.00 717.00
1764.00 793.00
192.00 891.00
456.00 893.00
629.00 926.00
309.00 957.00
248.00 961.00
2150.00 916.00
1574.00 926.00
396.00 988.00
475.00 955.00
2134.00 971.00
243.00 1038.00
1253.00 1055.00
35.00 1073.00
331.00 1065.00
1596.00 1041.00
108.00 1094.00
469.00 1090.00
1424.00 1074.00
411.00 1123.00
237.00 1131.00
558.00 1102.00
196.00 1117.00
1280.00 1110.00
1534.00 1107.00
465.00 1155.00
820.00 1141.00
1197.00 1140.00
233.00 1182.00
1091.00 1158.00
1150.00 1164.00
945.00 1178.00
2120.00 1166.00
998.00 1198.00
76.00 1215.00
255.00 1247.00
1825.00 1203.00
861.00 1231.00
526.00 1197.00
1305.00 1227.00
816.00 1229.00
436.00 1267.00
1106.00 1237.00
295.00 1292.00
708.00 1249.00
1247.00 1254.00
1632.00 1255.00
632.00 1284.00
1499.00 1271.00
1838.00 1252.00
554.00 1276.00
2081.00 1278.00
1023.00 1298.00
1318.00 1280.00
1903.00 1289.00
1261.00 1324.00
1620.00 1322.00
521.00 1332.00
1505.00 1348.00
710.00 1370.00
463.00 1401.00
2032.00 1382.00
257.00 1401.00
2133.00 1380.00
360.00 1422.00
1295.00 1400.00
1926.00 1395.00
1780.00 1413.00
1620.00 1411.00
81.00 1448.00
1734.00 1419.00
740.00 1442.00
1681.00 1431.00
300.00 1479.00
1170.00 1447.00
1513.00 1452.00
186.00 1500.00
131.00 1514.00
474.00 1503.00
1321.00 1505.00
1226.00 1497.00
1092.00 1505.00
2150.00 1497.00
320.00 1526.00
678.00 1515.00
766.00 1513.00
1719.00 1500.00
1971.00 1515.00
1656.00 1512.00
209.00 1580.00
1554.00 1519.00
1791.00 1532.00
975.00 1563.00
866.00 1575.00
2042.00 1562.00
69.00 1599.00
449.00 1589.00
1636.00 1585.00
816.00 1628.00
1222.00 1668.00
2115.00 1628.00
1951.00 1623.00
1878.00 1642.00
1789.00 1648.00
1494.00 1670.00
1091.00 1703.00
273.00 1713.00
1585.00 1664.00
131.00 1732.00
31.00 1803.00
309.00 1804.00
2128.00 1805.00
861.00 1818.00
1643.00 1801.00
1128.00 1814.00
343.00 1847.00
607.00 1858.00
1536.00 1814.00
2144.00 1848.00
1843.00 1879.00
538.00 1926.00
470.00 1957.00
1351.00 1922.00
1544.00 1891.00
1027.00 1935.00
1759.00 1940.00
1260.00 1945.00
1463.00 1965.00
1508.00 1971.00
1904.00 1957.00
751.00 2008.00
318.00 2030.00
234.00 2043.00
1762.00 2002.00
1679.00 1999.00
794.00 2051.00
1681.00 2059.00
1766.00 2063.00
2000.00 2114.00
1685.00 2120.00
685.00 2159.00
1768.00 2124.00
2148.00 2161.00
2146.00 2222.00
1772.00 2184.00
1195.00 2206.00
1688.00 2242.00
1371.00 2182.00
2128.00 2309.00
1762.00 2307.00
1687.00 2340.00
2099.00 2393.00
1418.00 2417.00
1165.00 2447.00
1290.00 2451.00
190.00 2518.00
1314.00 2582.00
1488.00 2619.00
1605.00 2645.00
1662.00 2657.00
476.00 2670.00
571.00 2672.00
1347.00 2675.00
21.00 2734.00
74.00 2759.00
