2092.00 389.00
989.00 152.00
830.00 296.00
16.00 159.00
815.00 357.00
1887.00 687.00
840.00 588.00
818.00 656.00
173.00 570.00
28.00 541.00
2075.00 889.00
787.00 747.00
1599.00 933.00
1612.00 990.00
222.00 824.00
487.00 869.00
743.00 871.00
1727.00 1054.00
1868.00 1068.00
715.00 952.00
603.00 964.00
1492.00 1060.00
305.00 985.00
1771.00 1139.00
1674.00 1148.00
693.00 1022.00
1269.00 1107.00
1551.00 1162.00
647.00 1153.00
1218.00 1254.00
1381.00 1294.00
197.00 1198.00
1642.00 1349.00
1178.00 1307.00
791.00 1325.00
1219.00 1358.00
1883.00 1414.00
1269.00 1376.00
1801.00 1409.00
1644.00 1414.00
616.00 1370.00
1156.00 1412.00
1387.00 1444.00
1891.00 1488.00
486.00 1422.00
1566.00 1475.00
997.00 1478.00
1113.00 1455.00
1385.00 1496.00
787.00 1494.00
1220.00 1492.00
1852.00 1538.00
1895.00 1549.00
456.00 1475.00
1220.00 1570.00
1110.00 1585.00
517.00 1621.00
1224.00 1650.00
1318.00 1769.00
797.00 1836.00
795.00 1964.00
722.00 1966.00
992.00 2541.00
