434.00 48.00
614.00 137.00
820.00 222.00
152.00 82.00
720.00 228.00
1128.00 327.00
1087.00 361.00
1317.00 398.00
735.00 338.00
1537.00 449.00
430.00 370.00
658.00 387.00
1545.00 499.00
548.00 414.00
428.00 411.00
427.00 488.00
1330.00 579.00
658.00 500.00
538.00 488.00
597.00 504.00
1412.00 617.00
625.00 591.00
426.00 538.00
1205.00 638.00
951.00 603.00
531.00 617.00
408.00 594.00
489.00 616.00
587.00 638.00
1124.00 690.00
233.00 616.00
157.00 606.00
532.00 679.00
930.00 707.00
889.00 707.00
136.00 647.00
687.00 684.00
1073.00 722.00
405.00 713.00
659.00 735.00
1853.00 822.00
134.00 705.00
727.00 757.00
807.00 797.00
1078.00 856.00
422.00 789.00
924.00 816.00
1478.00 846.00
883.00 828.00
977.00 838.00
560.00 827.00
1584.00 885.00
888.00 870.00
628.00 886.00
406.00 878.00
1284.00 916.00
495.00 901.00
919.00 927.00
577.00 936.00
822.00 956.00
381.00 930.00
1025.00 986.00
891.00 984.00
811.00 1000.00
456.00 987.00
543.00 1032.00
399.00 1059.00
837.00 1045.00
444.00 1045.00
780.00 1048.00
553.00 1073.00
701.00 1068.00
618.00 1058.00
1099.00 1113.00
511.00 1116.00
448.00 1102.00
599.00 1169.00
268.00 1124.00
642.00 1139.00
1101.00 1157.00
696.00 1155.00
832.00 1151.00
938.00 1179.00
647.00 1192.00
284.00 1201.00
1102.00 1207.00
805.00 1217.00
529.00 1239.00
1412.00 1246.00
265.00 1242.00
772.00 1276.00
925.00 1272.00
820.00 1263.00
1201.00 1268.00
604.00 1285.00
463.00 1289.00
814.00 1323.00
1292.00 1299.00
961.00 1325.00
741.00 1325.00
504.00 1333.00
412.00 1351.00
1030.00 1385.00
295.00 1374.00
1104.00 1393.00
350.00 1413.00
1164.00 1421.00
1018.00 1434.00
247.00 1434.00
1060.00 1432.00
949.00 1482.00
482.00 1471.00
1313.00 1461.00
651.00 1475.00
1065.00 1488.00
718.00 1508.00
822.00 1524.00
777.00 1528.00
1229.00 1525.00
1390.00 1537.00
134.00 1554.00
1337.00 1544.00
691.00 1568.00
408.00 1614.00
778.00 1623.00
222.00 1648.00
699.00 1652.00
1319.00 1645.00
842.00 1735.00
1506.00 1803.00
91.00 1773.00
709.00 1856.00
977.00 1849.00
403.00 1934.00
392.00 1980.00
690.00 1990.00
79.00 2034.00
396.00 2024.00
567.00 2060.00
154.00 2125.00
75.00 2152.00
392.00 2147.00
1491.00 2072.00
925.00 2137.00
1118.00 2183.00
590.00 2244.00
390.00 2274.00
383.00 2326.00
190.00 2353.00
72.00 2374.00
1351.00 2304.00
948.00 2365.00
1544.00 2312.00
585.00 2430.00
1498.00 2323.00
388.00 2480.00
1480.00 2403.00
440.00 2564.00
866.00 2503.00
