973.00 459.00
1965.00 497.00
1219.00 456.00
1220.00 497.00
8.00 522.00
1056.00 525.00
992.00 531.00
775.00 546.00
1056.00 566.00
1871.00 618.00
638.00 612.00
571.00 615.00
977.00 709.00
1239.00 786.00
1451.00 790.00
874.00 762.00
983.00 799.00
1937.00 816.00
1188.00 824.00
123.00 849.00
1246.00 839.00
1423.00 855.00
762.00 830.00
1061.00 864.00
1492.00 880.00
562.00 867.00
2010.00 924.00
131.00 899.00
197.00 902.00
971.00 891.00
1925.00 941.00
877.00 956.00
2016.00 982.00
1054.00 939.00
972.00 944.00
12.00 982.00
1869.00 947.00
1189.00 945.00
559.00 954.00
1760.00 1021.00
130.00 1031.00
1522.00 1033.00
556.00 1000.00
930.00 1015.00
15.00 1030.00
1611.00 1038.00
556.00 1064.00
1882.00 1087.00
1411.00 1078.00
314.00 1047.00
1935.00 1119.00
402.00 1083.00
1336.00 1185.00
1544.00 1148.00
335.00 1108.00
1433.00 1178.00
554.00 1138.00
1195.00 1183.00
29.00 1256.00
1381.00 1200.00
1893.00 1240.00
551.00 1216.00
644.00 1254.00
1411.00 1282.00
1277.00 1291.00
1770.00 1350.00
2045.00 1345.00
1322.00 1310.00
548.00 1293.00
1897.00 1353.00
1594.00 1341.00
93.00 1300.00
2052.00 1446.00
1791.00 1405.00
50.00 1406.00
1912.00 1580.00
1064.00 1659.00
1570.00 1845.00
1977.00 1933.00
1787.00 2021.00
1465.00 2060.00
1196.00 2053.00
1468.00 2133.00
1120.00 2164.00
992.00 2190.00
883.00 2196.00
1845.00 2216.00
980.00 2238.00
1602.00 2234.00
735.00 2264.00
1962.00 2308.00
1530.00 2343.00
1302.00 2369.00
1677.00 2350.00
1470.00 2433.00
1409.00 2525.00
1493.00 2668.00
780.00 2746.00
