695.00 424.00
1910.00 336.00
1682.00 389.00
1584.00 427.00
2139.00 333.00
2072.00 370.00
1265.00 500.00
1376.00 528.00
1473.00 489.00
1541.00 489.00
1591.00 519.00
706.00 638.00
1521.00 602.00
1635.00 592.00
659.00 669.00
688.00 712.00
1306.00 695.00
1523.00 655.00
1917.00 620.00
1433.00 682.00
621.00 749.00
1362.00 721.00
674.00 780.00
1126.00 777.00
1036.00 802.00
1421.00 742.00
1358.00 771.00
625.00 839.00
1447.00 795.00
733.00 895.00
804.00 879.00
1532.00 868.00
625.00 941.00
1701.00 898.00
1443.00 932.00
1623.00 940.00
730.00 981.00
818.00 970.00
1695.00 960.00
1632.00 985.00
828.00 1021.00
1491.00 1013.00
873.00 1022.00
914.00 1026.00
1127.00 1093.00
1085.00 1105.00
1378.00 1096.00
870.00 1086.00
1447.00 1147.00
722.00 1220.00
1362.00 1215.00
1435.00 1205.00
1826.00 1237.00
811.00 1254.00
719.00 1308.00
1504.00 1326.00
1010.00 1410.00
797.00 1448.00
940.00 1427.00
854.00 1457.00
1354.00 1476.00
826.00 1521.00
962.00 1618.00
1021.00 1614.00
1062.00 1633.00
914.00 1636.00
867.00 1638.00
959.00 1680.00
746.00 1695.00
914.00 1701.00
863.00 1704.00
1030.00 1742.00
1233.00 1775.00
1288.00 1783.00
984.00 1775.00
1751.00 1819.00
1177.00 1793.00
1369.00 1821.00
1224.00 1817.00
1460.00 1933.00
742.00 1824.00
885.00 1894.00
740.00 1907.00
920.00 1967.00
712.00 1949.00
776.00 2011.00
996.00 2098.00
953.00 2116.00
