1909.00 9.00
1756.00 39.00
1721.00 334.00
1665.00 357.00
1742.00 375.00
1037.00 479.00
995.00 497.00
19.00 634.00
1708.00 644.00
1648.00 652.00
1238.00 691.00
1896.00 685.00
1288.00 697.00
1467.00 695.00
1850.00 697.00
1760.00 722.00
415.00 800.00
964.00 816.00
1051.00 862.00
966.00 871.00
1026.00 908.00
1638.00 913.00
687.00 935.00
1496.00 944.00
546.00 1012.00
1746.00 1007.00
610.00 1045.00
897.00 1050.00
1791.00 1060.00
199.00 1094.00
158.00 1103.00
1536.00 1056.00
295.00 1106.00
789.00 1099.00
976.00 1080.00
736.00 1108.00
222.00 1142.00
1694.00 1098.00
382.00 1138.00
54.00 1152.00
115.00 1167.00
499.00 1171.00
171.00 1181.00
1863.00 1140.00
1582.00 1148.00
222.00 1195.00
1770.00 1158.00
1682.00 1176.00
269.00 1205.00
316.00 1218.00
1629.00 1185.00
523.00 1233.00
1080.00 1225.00
630.00 1241.00
99.00 1250.00
1298.00 1226.00
221.00 1251.00
1849.00 1207.00
1061.00 1266.00
1908.00 1215.00
1478.00 1248.00
539.00 1282.00
21.00 1293.00
330.00 1279.00
1142.00 1286.00
97.00 1326.00
48.00 1334.00
680.00 1325.00
1864.00 1292.00
1082.00 1338.00
1661.00 1326.00
1137.00 1336.00
531.00 1357.00
403.00 1368.00
1342.00 1347.00
278.00 1375.00
794.00 1371.00
1550.00 1346.00
1711.00 1340.00
610.00 1383.00
1122.00 1381.00
1617.00 1363.00
942.00 1393.00
729.00 1395.00
539.00 1399.00
1039.00 1394.00
1261.00 1387.00
2072.00 1383.00
2014.00 1380.00
438.00 1428.00
622.00 1426.00
1501.00 1389.00
794.00 1438.00
988.00 1431.00
2026.00 1426.00
736.00 1453.00
1558.00 1428.00
1371.00 1461.00
1046.00 1476.00
1316.00 1483.00
809.00 1504.00
904.00 1490.00
1084.00 1517.00
266.00 1514.00
1497.00 1495.00
1542.00 1504.00
1640.00 1510.00
1990.00 1505.00
1431.00 1525.00
570.00 1566.00
716.00 1552.00
672.00 1604.00
870.00 1607.00
51.00 1660.00
1630.00 1612.00
317.00 1645.00
1587.00 1608.00
918.00 1631.00
1072.00 1627.00
180.00 1666.00
1834.00 1615.00
1343.00 1641.00
125.00 1699.00
280.00 1706.00
1657.00 1659.00
339.00 1707.00
519.00 1716.00
883.00 1716.00
1394.00 1698.00
116.00 1750.00
162.00 1751.00
711.00 1724.00
1870.00 1689.00
1959.00 1701.00
1016.00 1755.00
2067.00 1715.00
425.00 1794.00
1914.00 1761.00
880.00 1797.00
1799.00 1764.00
88.00 1836.00
1756.00 1779.00
232.00 1854.00
354.00 1865.00
669.00 1847.00
1806.00 1808.00
73.00 1891.00
1887.00 1827.00
978.00 1883.00
821.00 1905.00
1752.00 1845.00
1396.00 1877.00
275.00 1943.00
1306.00 1901.00
1229.00 1904.00
962.00 1930.00
1548.00 1921.00
809.00 1951.00
374.00 1969.00
1007.00 1968.00
415.00 1992.00
873.00 1981.00
1440.00 1970.00
1300.00 1959.00
1495.00 1968.00
197.00 2037.00
832.00 2031.00
1303.00 2013.00
1552.00 2017.00
1381.00 2016.00
1121.00 2036.00
247.00 2075.00
1828.00 2030.00
658.00 2093.00
828.00 2080.00
951.00 2060.00
1236.00 2073.00
362.00 2105.00
1371.00 2061.00
1032.00 2100.00
426.00 2134.00
1188.00 2099.00
113.00 2153.00
867.00 2143.00
1416.00 2104.00
1833.00 2088.00
658.00 2164.00
797.00 2152.00
406.00 2217.00
1342.00 2150.00
1567.00 2166.00
1051.00 2224.00
1387.00 2181.00
1830.00 2162.00
713.00 2238.00
1109.00 2216.00
881.00 2198.00
508.00 2264.00
802.00 2247.00
1978.00 2179.00
1030.00 2266.00
1376.00 2241.00
1668.00 2229.00
341.00 2319.00
690.00 2298.00
811.00 2298.00
1310.00 2263.00
908.00 2288.00
183.00 2362.00
489.00 2335.00
974.00 2302.00
1710.00 2254.00
757.00 2359.00
1689.00 2339.00
1383.00 2346.00
976.00 2392.00
1200.00 2387.00
1938.00 2360.00
1126.00 2416.00
259.00 2482.00
1319.00 2421.00
1425.00 2422.00
1379.00 2439.00
1980.00 2397.00
237.00 2543.00
1173.00 2487.00
1527.00 2507.00
1851.00 2493.00
943.00 2551.00
232.00 2622.00
1994.00 2520.00
1775.00 2538.00
1456.00 2571.00
684.00 2625.00
1254.00 2594.00
482.00 2662.00
740.00 2653.00
1064.00 2669.00
481.00 2721.00
1905.00 2651.00
941.00 2677.00
1038.00 2715.00
426.00 2783.00
734.00 2838.00
