832.00 234.00
2060.00 137.00
942.00 354.00
2084.00 324.00
1976.00 355.00
995.00 499.00
711.00 642.00
1878.00 523.00
1937.00 504.00
727.00 685.00
1914.00 578.00
1231.00 686.00
1003.00 747.00
1175.00 708.00
662.00 781.00
1670.00 684.00
1987.00 622.00
957.00 814.00
1959.00 735.00
1737.00 895.00
1962.00 874.00
1466.00 982.00
1022.00 987.00
866.00 1029.00
1574.00 1013.00
1666.00 1026.00
650.00 1106.00
971.00 1123.00
506.00 1178.00
823.00 1150.00
1013.00 1178.00
897.00 1193.00
337.00 1252.00
1898.00 1163.00
791.00 1232.00
973.00 1236.00
1267.00 1201.00
1463.00 1219.00
1068.00 1232.00
1332.00 1253.00
710.00 1301.00
818.00 1287.00
910.00 1291.00
1223.00 1268.00
1650.00 1253.00
1504.00 1261.00
423.00 1323.00
1442.00 1275.00
710.00 1343.00
1557.00 1324.00
1219.00 1337.00
1481.00 1327.00
345.00 1386.00
1612.00 1368.00
1343.00 1377.00
59.00 1484.00
1653.00 1413.00
706.00 1543.00
1179.00 1548.00
1248.00 1571.00
1129.00 1561.00
849.00 1578.00
1643.00 1583.00
805.00 1639.00
158.00 1677.00
1698.00 1624.00
1060.00 1647.00
1467.00 1651.00
1731.00 1724.00
1612.00 1719.00
1399.00 1779.00
1315.00 1779.00
1776.00 1788.00
1725.00 1936.00
1778.00 1938.00
1829.00 1935.00
2023.00 1994.00
1309.00 2015.00
2139.00 2132.00
2036.00 2122.00
1853.00 2112.00
772.00 2149.00
1386.00 2158.00
78.00 2306.00
