1237.00 14.00
963.00 232.00
1843.00 139.00
1771.00 197.00
1355.00 359.00
1987.00 209.00
1112.00 468.00
2120.00 252.00
872.00 620.00
1302.00 555.00
459.00 780.00
1529.00 600.00
476.00 875.00
1621.00 575.00
979.00 744.00
1570.00 610.00
2105.00 529.00
661.00 838.00
1092.00 798.00
432.00 930.00
1907.00 677.00
421.00 983.00
2108.00 713.00
557.00 1017.00
1899.00 789.00
994.00 981.00
2015.00 804.00
1910.00 844.00
1129.00 1019.00
2127.00 880.00
1281.00 980.00
392.00 1154.00
507.00 1123.00
959.00 1067.00
669.00 1100.00
441.00 1145.00
1355.00 1022.00
1671.00 943.00
802.00 1114.00
964.00 1112.00
489.00 1201.00
532.00 1201.00
891.00 1161.00
1893.00 1033.00
1089.00 1155.00
1679.00 1065.00
795.00 1206.00
857.00 1223.00
923.00 1224.00
1278.00 1178.00
1680.00 1113.00
1027.00 1216.00
1573.00 1151.00
627.00 1283.00
1015.00 1268.00
2080.00 1143.00
748.00 1320.00
917.00 1303.00
972.00 1304.00
1929.00 1190.00
1600.00 1250.00
637.00 1343.00
1259.00 1309.00
557.00 1379.00
2085.00 1205.00
1359.00 1318.00
678.00 1372.00
956.00 1355.00
1617.00 1306.00
1704.00 1298.00
2137.00 1212.00
1181.00 1360.00
575.00 1450.00
2143.00 1291.00
681.00 1446.00
729.00 1484.00
1952.00 1372.00
1319.00 1444.00
533.00 1521.00
896.00 1491.00
800.00 1522.00
2140.00 1402.00
1018.00 1512.00
1653.00 1455.00
977.00 1518.00
1945.00 1426.00
1557.00 1487.00
534.00 1594.00
729.00 1581.00
1229.00 1561.00
1324.00 1535.00
1350.00 1579.00
2067.00 1523.00
1291.00 1604.00
743.00 1644.00
1872.00 1576.00
642.00 1662.00
1797.00 1589.00
755.00 1709.00
424.00 1754.00
1000.00 1719.00
1588.00 1710.00
848.00 1788.00
801.00 1794.00
518.00 1825.00
2023.00 1775.00
