399.00 226.00
107.00 218.00
855.00 401.00
20.00 407.00
760.00 493.00
1378.00 721.00
505.00 863.00
889.00 951.00
320.00 927.00
1031.00 989.00
347.00 1030.00
705.00 1056.00
1039.00 1055.00
208.00 1039.00
1273.00 1082.00
1009.00 1216.00
2017.00 1155.00
628.00 1285.00
447.00 1496.00
326.00 1590.00
488.00 1560.00
326.00 1640.00
941.00 1608.00
730.00 1681.00
427.00 1722.00
71.00 1722.00
313.00 1771.00
1077.00 1868.00
839.00 1897.00
1449.00 1957.00
1518.00 1982.00
764.00 1995.00
711.00 2003.00
1652.00 1971.00
1463.00 2040.00
1317.00 2046.00
996.00 2032.00
72.00 2056.00
710.00 2058.00
1790.00 2009.00
773.00 2042.00
664.00 2133.00
1508.00 2123.00
522.00 2161.00
1627.00 2121.00
802.00 2156.00
988.00 2164.00
870.00 2190.00
115.00 2286.00
1269.00 2283.00
1272.00 2334.00
1275.00 2423.00
1279.00 2477.00
58.00 2636.00
