1364.00 50.00
1497.00 33.00
1411.00 57.00
1733.00 135.00
2022.00 138.00
1878.00 157.00
1980.00 157.00
1088.00 197.00
542.00 283.00
1648.00 234.00
1066.00 319.00
631.00 399.00
1855.00 396.00
2044.00 383.00
780.00 460.00
368.00 530.00
2128.00 519.00
1600.00 506.00
1904.00 501.00
2021.00 526.00
1864.00 554.00
2100.00 567.00
2045.00 587.00
1947.00 590.00
1870.00 611.00
1739.00 623.00
1876.00 668.00
2123.00 643.00
2079.00 672.00
1486.00 713.00
1993.00 687.00
1942.00 699.00
1882.00 719.00
2107.00 744.00
1640.00 737.00
1889.00 788.00
1518.00 799.00
1832.00 803.00
1120.00 844.00
2113.00 795.00
1356.00 821.00
1560.00 810.00
1894.00 833.00
1615.00 818.00
638.00 863.00
1071.00 859.00
2018.00 786.00
1957.00 833.00
977.00 888.00
1464.00 860.00
1527.00 864.00
2120.00 850.00
876.00 884.00
1334.00 896.00
1647.00 873.00
1766.00 881.00
1144.00 908.00
1606.00 884.00
1528.00 905.00
1456.00 915.00
1128.00 955.00
1327.00 958.00
1380.00 944.00
1078.00 970.00
892.00 1002.00
2133.00 963.00
2085.00 984.00
277.00 1002.00
1785.00 950.00
1243.00 981.00
1040.00 1018.00
1137.00 1037.00
1789.00 991.00
1089.00 1039.00
2140.00 1015.00
2089.00 1027.00
2037.00 1048.00
967.00 1071.00
621.00 1095.00
1512.00 1054.00
196.00 1098.00
1560.00 1057.00
1918.00 1061.00
1343.00 1080.00
871.00 1096.00
1608.00 1098.00
1155.00 1096.00
1454.00 1082.00
2098.00 1106.00
125.00 1131.00
1495.00 1123.00
1800.00 1115.00
1260.00 1152.00
1902.00 1112.00
1338.00 1134.00
1151.00 1153.00
644.00 1169.00
297.00 1167.00
1962.00 1143.00
152.00 1193.00
1795.00 1166.00
538.00 1180.00
1512.00 1174.00
963.00 1196.00
1335.00 1180.00
1577.00 1171.00
209.00 1208.00
862.00 1229.00
1706.00 1174.00
383.00 1205.00
1153.00 1229.00
1808.00 1209.00
2079.00 1199.00
726.00 1224.00
317.00 1236.00
1200.00 1229.00
218.00 1251.00
2021.00 1210.00
1762.00 1232.00
1272.00 1232.00
1914.00 1228.00
1098.00 1250.00
1408.00 1249.00
1872.00 1235.00
1345.00 1236.00
912.00 1260.00
1583.00 1271.00
1174.00 1270.00
851.00 1282.00
1813.00 1257.00
2005.00 1281.00
242.00 1294.00
956.00 1295.00
1633.00 1262.00
1519.00 1283.00
1232.00 1304.00
1318.00 1296.00
808.00 1303.00
1034.00 1304.00
1101.00 1327.00
1599.00 1324.00
579.00 1349.00
1410.00 1314.00
652.00 1355.00
728.00 1312.00
1147.00 1351.00
201.00 1372.00
1877.00 1347.00
794.00 1373.00
2048.00 1338.00
1035.00 1370.00
282.00 1396.00
2099.00 1374.00
1738.00 1383.00
599.00 1405.00
1153.00 1406.00
730.00 1385.00
1628.00 1391.00
1995.00 1387.00
1006.00 1427.00
1533.00 1397.00
1467.00 1406.00
840.00 1419.00
1883.00 1408.00
651.00 1437.00
907.00 1434.00
319.00 1451.00
2079.00 1415.00
729.00 1453.00
960.00 1456.00
1410.00 1454.00
526.00 1449.00
1996.00 1444.00
460.00 1470.00
853.00 1473.00
1469.00 1457.00
411.00 1478.00
1040.00 1472.00
1102.00 1475.00
1946.00 1481.00
535.00 1492.00
2085.00 1469.00
2144.00 1470.00
1251.00 1506.00
1042.00 1524.00
508.00 1536.00
1083.00 1525.00
1414.00 1528.00
2092.00 1531.00
1156.00 1532.00
777.00 1534.00
1308.00 1543.00
867.00 1561.00
1206.00 1580.00
1653.00 1557.00
640.00 1567.00
1003.00 1576.00
1256.00 1571.00
1371.00 1590.00
197.00 1596.00
124.00 1596.00
1608.00 1561.00
1417.00 1572.00
1902.00 1592.00
1537.00 1603.00
1047.00 1620.00
2099.00 1596.00
857.00 1628.00
919.00 1641.00
1132.00 1652.00
1306.00 1631.00
1421.00 1624.00
399.00 1658.00
1661.00 1635.00
463.00 1685.00
857.00 1697.00
1592.00 1686.00
1145.00 1702.00
1836.00 1701.00
954.00 1702.00
1985.00 1704.00
1059.00 1725.00
2141.00 1735.00
1489.00 1752.00
1994.00 1797.00
396.00 1794.00
447.00 1793.00
1119.00 1790.00
798.00 1797.00
1673.00 1797.00
1618.00 1798.00
1477.00 1806.00
2037.00 1831.00
1821.00 1834.00
258.00 1840.00
967.00 1840.00
453.00 1855.00
340.00 1861.00
1533.00 1868.00
398.00 1874.00
2004.00 1898.00
1360.00 1900.00
1426.00 1886.00
1627.00 1906.00
1726.00 1910.00
1959.00 1918.00
1123.00 1966.00
1666.00 1976.00
1776.00 1983.00
1651.00 2024.00
2001.00 2006.00
947.00 2070.00
2120.00 2102.00
2076.00 2135.00
2028.00 2155.00
1792.00 2150.00
732.00 2243.00
1698.00 2185.00
2037.00 2213.00
1908.00 2212.00
1707.00 2297.00
1794.00 2305.00
1857.00 2312.00
1715.00 2398.00
1803.00 2354.00
2149.00 2363.00
1824.00 2411.00
1913.00 2419.00
1963.00 2426.00
1720.00 2467.00
1776.00 2473.00
1908.00 2490.00
1728.00 2552.00
1823.00 2665.00
1964.00 2673.00
2150.00 2727.00
2000.00 2759.00
1809.00 2716.00
