1656.00 76.00
1251.00 80.00
1780.00 166.00
1824.00 168.00
1256.00 126.00
2044.00 205.00
1196.00 149.00
1149.00 208.00
1838.00 270.00
801.00 270.00
1933.00 325.00
1686.00 271.00
1108.00 261.00
1259.00 284.00
1816.00 367.00
1069.00 310.00
1237.00 357.00
1030.00 359.00
813.00 347.00
1831.00 408.00
754.00 380.00
1262.00 437.00
1866.00 466.00
802.00 433.00
1587.00 483.00
1663.00 491.00
1207.00 475.00
518.00 457.00
1877.00 511.00
1085.00 510.00
1540.00 513.00
1001.00 430.00
1614.00 535.00
1882.00 559.00
1690.00 596.00
1264.00 530.00
2084.00 612.00
1192.00 549.00
768.00 542.00
1616.00 605.00
1266.00 591.00
453.00 577.00
1662.00 641.00
1862.00 653.00
1769.00 680.00
775.00 597.00
1251.00 632.00
1562.00 681.00
1885.00 711.00
1381.00 703.00
1653.00 720.00
1957.00 717.00
1267.00 693.00
544.00 664.00
811.00 673.00
2085.00 742.00
1716.00 720.00
1530.00 737.00
1162.00 744.00
521.00 707.00
1813.00 791.00
1934.00 779.00
596.00 712.00
1704.00 804.00
1314.00 789.00
1446.00 806.00
1770.00 809.00
973.00 742.00
1517.00 785.00
591.00 753.00
1159.00 795.00
1737.00 863.00
1269.00 808.00
1890.00 848.00
1401.00 828.00
1591.00 836.00
1986.00 890.00
881.00 822.00
1726.00 905.00
1847.00 898.00
1316.00 882.00
1893.00 900.00
2116.00 948.00
1958.00 934.00
1050.00 879.00
1433.00 942.00
1318.00 952.00
1744.00 948.00
2109.00 989.00
682.00 908.00
1819.00 974.00
1320.00 998.00
736.00 959.00
2123.00 1045.00
1823.00 1024.00
1593.00 1025.00
781.00 988.00
1243.00 992.00
1322.00 1057.00
1441.00 1044.00
1801.00 1097.00
560.00 1041.00
642.00 1042.00
1605.00 1096.00
601.00 1048.00
1437.00 1111.00
1101.00 1054.00
728.00 1069.00
355.00 1081.00
1350.00 1123.00
538.00 1088.00
1955.00 1155.00
610.00 1095.00
686.00 1064.00
863.00 1131.00
1755.00 1191.00
2072.00 1192.00
1699.00 1185.00
708.00 1141.00
1544.00 1169.00
974.00 1168.00
527.00 1165.00
1631.00 1197.00
1839.00 1228.00
1547.00 1212.00
2143.00 1245.00
685.00 1199.00
1468.00 1226.00
759.00 1210.00
2146.00 1304.00
1452.00 1284.00
1325.00 1297.00
1900.00 1328.00
1798.00 1354.00
1971.00 1339.00
719.00 1310.00
1627.00 1352.00
1949.00 1398.00
1851.00 1420.00
1649.00 1429.00
1894.00 1418.00
1801.00 1440.00
1937.00 1454.00
1789.00 1497.00
1577.00 1478.00
1706.00 1494.00
2010.00 1511.00
1608.00 1525.00
1830.00 1554.00
1876.00 1556.00
1335.00 1569.00
1565.00 1554.00
1763.00 1580.00
964.00 1615.00
1442.00 1576.00
1338.00 1636.00
1854.00 1637.00
1385.00 1628.00
1339.00 1677.00
1454.00 1621.00
1904.00 1678.00
1668.00 1673.00
1947.00 1702.00
1710.00 1694.00
1881.00 1732.00
1344.00 1731.00
963.00 1741.00
1809.00 1724.00
1399.00 1727.00
1966.00 1762.00
1918.00 1774.00
1344.00 1785.00
1599.00 1746.00
2151.00 1788.00
1556.00 1754.00
1412.00 1801.00
1107.00 1809.00
1066.00 1846.00
1434.00 1847.00
1499.00 1849.00
1115.00 1869.00
1210.00 1878.00
1305.00 1868.00
1780.00 1879.00
951.00 1906.00
1390.00 1894.00
1162.00 1903.00
1518.00 1944.00
1643.00 1932.00
1305.00 1927.00
1105.00 1923.00
1475.00 1947.00
1602.00 1953.00
1680.00 1991.00
731.00 1967.00
