1429.00 47.00
1377.00 88.00
1111.00 146.00
530.00 296.00
610.00 295.00
1907.00 349.00
918.00 424.00
1100.00 488.00
927.00 477.00
1255.00 540.00
856.00 585.00
370.00 559.00
2065.00 562.00
610.00 583.00
980.00 627.00
437.00 584.00
811.00 608.00
1037.00 643.00
927.00 653.00
1221.00 661.00
1431.00 655.00
1058.00 712.00
1280.00 696.00
1369.00 709.00
855.00 693.00
997.00 717.00
1174.00 736.00
1327.00 734.00
1119.00 743.00
1061.00 754.00
1019.00 760.00
1208.00 777.00
176.00 734.00
222.00 739.00
1070.00 807.00
1632.00 814.00
1230.00 826.00
927.00 832.00
974.00 845.00
1903.00 810.00
1439.00 869.00
1329.00 856.00
1127.00 863.00
1501.00 872.00
1654.00 863.00
2064.00 877.00
1936.00 877.00
830.00 905.00
1329.00 904.00
1178.00 899.00
1462.00 920.00
1236.00 900.00
510.00 850.00
1123.00 907.00
1656.00 906.00
2124.00 903.00
1399.00 930.00
1837.00 909.00
524.00 910.00
2031.00 931.00
1675.00 953.00
1544.00 937.00
975.00 947.00
1354.00 970.00
1567.00 986.00
1095.00 957.00
1334.00 1017.00
654.00 950.00
855.00 985.00
400.00 950.00
1678.00 996.00
302.00 968.00
1845.00 1020.00
642.00 1004.00
1166.00 1028.00
1286.00 1022.00
1570.00 1033.00
176.00 995.00
863.00 1034.00
1106.00 1041.00
1064.00 1044.00
272.00 1016.00
1863.00 1064.00
1553.00 1088.00
128.00 1041.00
1288.00 1072.00
1019.00 1084.00
915.00 1071.00
2112.00 1040.00
1336.00 1104.00
1489.00 1077.00
1426.00 1092.00
1937.00 1078.00
188.00 1050.00
347.00 1068.00
396.00 1069.00
1534.00 1143.00
1359.00 1145.00
1955.00 1140.00
698.00 1090.00
1772.00 1132.00
1722.00 1135.00
1672.00 1172.00
1312.00 1152.00
606.00 1139.00
1493.00 1173.00
1857.00 1186.00
1576.00 1160.00
206.00 1150.00
296.00 1159.00
1407.00 1200.00
1362.00 1195.00
1316.00 1203.00
627.00 1184.00
1655.00 1227.00
884.00 1207.00
998.00 1219.00
1046.00 1222.00
953.00 1226.00
1452.00 1216.00
369.00 1197.00
2008.00 1216.00
1154.00 1240.00
637.00 1234.00
452.00 1223.00
1005.00 1260.00
1293.00 1252.00
1068.00 1272.00
175.00 1248.00
1831.00 1267.00
247.00 1252.00
307.00 1256.00
1411.00 1276.00
1621.00 1293.00
1340.00 1271.00
1000.00 1311.00
1294.00 1293.00
1898.00 1325.00
1850.00 1311.00
1412.00 1327.00
2047.00 1335.00
891.00 1347.00
1996.00 1332.00
1523.00 1334.00
1118.00 1346.00
1320.00 1361.00
780.00 1365.00
1077.00 1325.00
230.00 1352.00
1368.00 1363.00
1459.00 1379.00
315.00 1361.00
1646.00 1366.00
952.00 1391.00
1025.00 1391.00
1977.00 1413.00
901.00 1396.00
1812.00 1441.00
2103.00 1434.00
1761.00 1440.00
1878.00 1442.00
499.00 1438.00
1207.00 1453.00
162.00 1453.00
256.00 1453.00
1371.00 1470.00
1630.00 1462.00
1200.00 1499.00
1832.00 1488.00
1973.00 1499.00
923.00 1506.00
995.00 1501.00
1275.00 1507.00
1882.00 1519.00
552.00 1525.00
424.00 1523.00
1374.00 1511.00
1423.00 1524.00
1637.00 1535.00
1469.00 1524.00
310.00 1554.00
1077.00 1552.00
154.00 1558.00
850.00 1549.00
901.00 1549.00
797.00 1550.00
1189.00 1555.00
2008.00 1562.00
410.00 1578.00
235.00 1584.00
1921.00 1565.00
1801.00 1578.00
849.00 1592.00
1097.00 1594.00
1055.00 1595.00
981.00 1599.00
1856.00 1595.00
848.00 1642.00
1525.00 1627.00
148.00 1662.00
669.00 1644.00
1703.00 1644.00
1940.00 1667.00
486.00 1695.00
1582.00 1664.00
1688.00 1696.00
1502.00 1698.00
1076.00 1703.00
1333.00 1724.00
974.00 1709.00
1153.00 1715.00
920.00 1716.00
1023.00 1728.00
2021.00 1712.00
1502.00 1745.00
981.00 1764.00
1735.00 1753.00
1098.00 1755.00
1305.00 1769.00
2016.00 1765.00
1455.00 1776.00
846.00 1783.00
2075.00 1772.00
610.00 1790.00
1151.00 1787.00
1853.00 1789.00
1258.00 1804.00
919.00 1807.00
1378.00 1823.00
1532.00 1810.00
1303.00 1810.00
829.00 1824.00
1448.00 1834.00
1823.00 1830.00
1606.00 1858.00
188.00 1962.00
