1330.00 456.00
807.00 388.00
808.00 505.00
670.00 611.00
777.00 697.00
1353.00 840.00
61.00 579.00
1459.00 1021.00
689.00 846.00
794.00 914.00
778.00 960.00
800.00 1005.00
718.00 1015.00
1881.00 1301.00
884.00 1186.00
2127.00 1391.00
844.00 1278.00
1802.00 1419.00
1037.00 1324.00
776.00 1391.00
1482.00 1446.00
1035.00 1393.00
1569.00 1474.00
690.00 1372.00
936.00 1404.00
818.00 1416.00
562.00 1402.00
440.00 1414.00
1714.00 1547.00
1934.00 1624.00
867.00 1496.00
776.00 1470.00
1491.00 1592.00
562.00 1541.00
1354.00 1608.00
438.00 1552.00
874.00 1603.00
762.00 1602.00
804.00 1610.00
1564.00 1715.00
761.00 1790.00
803.00 1792.00
467.00 1811.00
878.00 1949.00
821.00 1908.00
1086.00 2040.00
822.00 2243.00
1425.00 2211.00
1516.00 2307.00
1075.00 2312.00
1119.00 2372.00
724.00 2442.00
1355.00 2408.00
760.00 2619.00
1067.00 2624.00
292.00 2798.00
822.00 2690.00
799.00 2743.00
1449.00 2663.00
1067.00 2748.00
672.00 2859.00
1536.00 2650.00
832.00 2828.00
1511.00 2757.00
1454.00 2793.00
1754.00 2763.00
