453.00 270.00
864.00 230.00
1800.00 225.00
496.00 305.00
975.00 287.00
1124.00 343.00
1914.00 339.00
1919.00 387.00
1126.00 412.00
165.00 456.00
1007.00 437.00
1369.00 450.00
160.00 526.00
1347.00 497.00
235.00 571.00
194.00 605.00
147.00 629.00
1222.00 583.00
337.00 629.00
2045.00 588.00
1519.00 613.00
241.00 664.00
291.00 672.00
988.00 687.00
223.00 714.00
1294.00 678.00
1839.00 656.00
904.00 686.00
1777.00 675.00
374.00 740.00
191.00 757.00
1307.00 719.00
1675.00 720.00
1720.00 723.00
1526.00 744.00
103.00 784.00
530.00 794.00
144.00 792.00
333.00 790.00
1415.00 774.00
885.00 776.00
1014.00 789.00
388.00 817.00
1913.00 800.00
564.00 844.00
1798.00 811.00
52.00 836.00
1497.00 854.00
1016.00 853.00
1165.00 852.00
507.00 865.00
612.00 869.00
2087.00 842.00
665.00 915.00
892.00 893.00
1990.00 872.00
1507.00 895.00
594.00 960.00
1310.00 937.00
947.00 926.00
1596.00 952.00
963.00 973.00
656.00 997.00
1065.00 998.00
2095.00 983.00
2019.00 1001.00
1016.00 1074.00
1941.00 1014.00
1138.00 1044.00
424.00 1035.00
1013.00 1018.00
1733.00 1055.00
1062.00 1064.00
1650.00 1070.00
1496.00 1078.00
840.00 1112.00
1113.00 1096.00
1390.00 1107.00
2019.00 1100.00
1289.00 1134.00
121.00 1198.00
1657.00 1163.00
1230.00 1190.00
740.00 1162.00
76.00 1207.00
1306.00 1182.00
1404.00 1203.00
1536.00 1207.00
1244.00 1233.00
1808.00 1209.00
2059.00 1223.00
188.00 1274.00
367.00 1268.00
1920.00 1232.00
2100.00 1238.00
1859.00 1242.00
641.00 1298.00
1522.00 1270.00
323.00 1326.00
1967.00 1300.00
1833.00 1304.00
216.00 1363.00
2056.00 1316.00
1710.00 1327.00
268.00 1374.00
1877.00 1367.00
430.00 1390.00
1928.00 1391.00
33.00 1409.00
476.00 1439.00
356.00 1428.00
265.00 1436.00
427.00 1436.00
1057.00 1452.00
165.00 1447.00
99.00 1475.00
306.00 1474.00
1584.00 1456.00
1478.00 1458.00
2051.00 1500.00
353.00 1516.00
85.00 1525.00
1158.00 1510.00
422.00 1527.00
1492.00 1525.00
1766.00 1533.00
211.00 1549.00
1895.00 1545.00
347.00 1562.00
405.00 1573.00
465.00 1581.00
1498.00 1566.00
1795.00 1574.00
2056.00 1590.00
69.00 1596.00
1076.00 1605.00
1896.00 1599.00
754.00 1606.00
660.00 1604.00
413.00 1626.00
171.00 1633.00
244.00 1643.00
999.00 1649.00
486.00 1654.00
1045.00 1647.00
429.00 1667.00
1775.00 1676.00
895.00 1677.00
611.00 1677.00
1446.00 1684.00
1991.00 1712.00
2098.00 1705.00
1284.00 1702.00
1174.00 1699.00
676.00 1699.00
471.00 1720.00
564.00 1726.00
640.00 1747.00
1483.00 1765.00
1035.00 1751.00
1935.00 1802.00
1789.00 1835.00
800.00 1808.00
1149.00 1833.00
133.00 1791.00
624.00 1799.00
1942.00 1845.00
2051.00 1859.00
1419.00 1873.00
572.00 1877.00
452.00 1879.00
349.00 1879.00
201.00 1880.00
2060.00 1963.00
621.00 1949.00
665.00 1998.00
1441.00 1998.00
1599.00 2144.00
1941.00 2248.00
567.00 2267.00
180.00 2375.00
1241.00 2498.00
