1508.00 304.00
409.00 128.00
972.00 206.00
1308.00 301.00
1454.00 378.00
1208.00 358.00
1243.00 413.00
676.00 353.00
524.00 334.00
1449.00 554.00
1149.00 474.00
1408.00 562.00
941.00 424.00
625.00 436.00
711.00 445.00
416.00 447.00
1460.00 618.00
670.00 464.00
1293.00 596.00
122.00 408.00
374.00 427.00
1453.00 690.00
1398.00 674.00
1494.00 710.00
1077.00 615.00
1085.00 657.00
1404.00 750.00
1041.00 688.00
1415.00 807.00
664.00 660.00
1198.00 750.00
1333.00 854.00
925.00 801.00
1447.00 870.00
1389.00 882.00
229.00 653.00
1006.00 802.00
1459.00 938.00
998.00 843.00
1404.00 974.00
1521.00 1038.00
1140.00 901.00
932.00 894.00
298.00 807.00
1040.00 957.00
1360.00 1005.00
1411.00 1034.00
215.00 836.00
1092.00 990.00
1361.00 1063.00
56.00 946.00
208.00 968.00
1093.00 1100.00
1330.00 1121.00
1467.00 1157.00
645.00 984.00
387.00 972.00
167.00 1031.00
637.00 1031.00
916.00 1107.00
1392.00 1188.00
403.00 1047.00
835.00 1087.00
640.00 1083.00
758.00 1128.00
899.00 1161.00
654.00 1127.00
829.00 1141.00
1061.00 1191.00
1246.00 1248.00
462.00 1144.00
399.00 1143.00
711.00 1161.00
328.00 1188.00
560.00 1157.00
782.00 1208.00
668.00 1206.00
852.00 1194.00
709.00 1205.00
626.00 1184.00
640.00 1259.00
860.00 1256.00
1082.00 1331.00
948.00 1285.00
726.00 1292.00
774.00 1319.00
33.00 1359.00
908.00 1350.00
834.00 1355.00
1207.00 1399.00
917.00 1412.00
326.00 1442.00
725.00 1431.00
1221.00 1504.00
324.00 1499.00
380.00 1503.00
436.00 1495.00
261.00 1532.00
1258.00 1587.00
887.00 1567.00
376.00 1582.00
184.00 1615.00
36.00 1637.00
373.00 1654.00
1491.00 1725.00
331.00 1679.00
184.00 1720.00
1125.00 1693.00
143.00 1739.00
803.00 1678.00
27.00 1772.00
681.00 1784.00
1149.00 1775.00
640.00 1816.00
695.00 1832.00
820.00 1847.00
754.00 1812.00
602.00 1879.00
712.00 1903.00
813.00 1930.00
993.00 1921.00
382.00 1984.00
626.00 1973.00
747.00 1968.00
927.00 1958.00
627.00 2018.00
489.00 1980.00
738.00 2013.00
954.00 1999.00
751.00 2064.00
875.00 2059.00
