742.00 130.00
1387.00 272.00
1682.00 345.00
1086.00 245.00
739.00 233.00
1372.00 370.00
1183.00 351.00
945.00 285.00
197.00 151.00
1707.00 446.00
1002.00 335.00
736.00 306.00
1612.00 454.00
1753.00 487.00
812.00 363.00
968.00 420.00
1709.00 566.00
944.00 466.00
2072.00 647.00
998.00 486.00
1845.00 613.00
1064.00 515.00
1407.00 594.00
1714.00 622.00
1775.00 684.00
1851.00 706.00
1002.00 573.00
1923.00 721.00
1067.00 595.00
1346.00 687.00
1204.00 664.00
1782.00 791.00
946.00 688.00
1577.00 761.00
1323.00 737.00
847.00 668.00
1990.00 810.00
1930.00 803.00
1265.00 738.00
1513.00 754.00
1203.00 750.00
1139.00 777.00
794.00 726.00
1188.00 809.00
1995.00 889.00
168.00 676.00
1068.00 819.00
1125.00 818.00
1864.00 888.00
1791.00 927.00
790.00 796.00
1352.00 872.00
1870.00 975.00
1468.00 922.00
1140.00 921.00
359.00 780.00
1303.00 932.00
1946.00 1013.00
727.00 826.00
1738.00 1005.00
1586.00 1008.00
232.00 831.00
760.00 902.00
1874.00 1039.00
1825.00 1056.00
1928.00 1063.00
1426.00 1010.00
1642.00 1049.00
1067.00 1035.00
1741.00 1074.00
1793.00 1118.00
1942.00 1116.00
124.00 922.00
901.00 955.00
746.00 992.00
311.00 953.00
435.00 976.00
1251.00 1071.00
260.00 1008.00
1898.00 1166.00
1797.00 1159.00
1957.00 1171.00
1429.00 1119.00
719.00 1049.00
1303.00 1130.00
145.00 1031.00
1639.00 1178.00
301.00 1046.00
1770.00 1212.00
354.00 1060.00
1001.00 1183.00
221.00 1067.00
1516.00 1185.00
1451.00 1222.00
1283.00 1214.00
351.00 1101.00
1654.00 1290.00
138.00 1137.00
1807.00 1337.00
720.00 1235.00
1278.00 1273.00
200.00 1199.00
387.00 1244.00
776.00 1288.00
285.00 1256.00
1405.00 1340.00
1212.00 1391.00
430.00 1315.00
1810.00 1403.00
159.00 1306.00
777.00 1364.00
915.00 1421.00
1461.00 1431.00
1379.00 1415.00
424.00 1371.00
1297.00 1443.00
328.00 1398.00
1464.00 1472.00
126.00 1376.00
796.00 1471.00
1667.00 1544.00
423.00 1467.00
1286.00 1504.00
261.00 1459.00
1831.00 1577.00
1466.00 1546.00
184.00 1479.00
1002.00 1584.00
1772.00 1609.00
1621.00 1564.00
343.00 1521.00
1873.00 1636.00
712.00 1561.00
279.00 1559.00
1289.00 1612.00
1470.00 1651.00
756.00 1626.00
1575.00 1664.00
1783.00 1773.00
185.00 1705.00
1309.00 1769.00
1834.00 1839.00
135.00 1833.00
376.00 1835.00
605.00 1909.00
1790.00 1920.00
1841.00 1931.00
1903.00 2025.00
987.00 2148.00
930.00 2156.00
899.00 2258.00
1597.00 2311.00
1919.00 2306.00
970.00 2451.00
888.00 2475.00
1241.00 2505.00
650.00 2561.00
1612.00 2464.00
896.00 2589.00
506.00 2639.00
1237.00 2564.00
558.00 2658.00
1074.00 2678.00
