323.00 81.00
721.00 155.00
357.00 216.00
430.00 256.00
544.00 260.00
632.00 261.00
752.00 263.00
1927.00 319.00
1972.00 390.00
956.00 271.00
799.00 266.00
2060.00 409.00
2143.00 406.00
464.00 328.00
1803.00 464.00
1950.00 485.00
513.00 433.00
594.00 433.00
136.00 487.00
787.00 454.00
889.00 456.00
2122.00 610.00
138.00 538.00
176.00 601.00
1880.00 664.00
2087.00 698.00
727.00 631.00
977.00 633.00
349.00 684.00
1869.00 705.00
1090.00 640.00
561.00 668.00
518.00 682.00
1089.00 681.00
106.00 691.00
570.00 710.00
854.00 713.00
665.00 726.00
112.00 752.00
1829.00 763.00
792.00 787.00
982.00 787.00
544.00 807.00
494.00 811.00
890.00 807.00
2056.00 901.00
1995.00 890.00
2149.00 914.00
1171.00 852.00
2113.00 955.00
826.00 866.00
954.00 867.00
525.00 878.00
726.00 883.00
891.00 876.00
264.00 895.00
1848.00 982.00
2120.00 996.00
637.00 943.00
895.00 943.00
983.00 943.00
744.00 944.00
516.00 969.00
853.00 956.00
2127.00 1037.00
2078.00 1033.00
306.00 1006.00
1066.00 1002.00
900.00 1001.00
2024.00 1075.00
1676.00 1003.00
970.00 1037.00
867.00 1057.00
298.00 1104.00
1898.00 1083.00
1860.00 1124.00
898.00 1102.00
441.00 1134.00
573.00 1121.00
639.00 1109.00
1052.00 1108.00
2141.00 1166.00
368.00 1197.00
1954.00 1192.00
487.00 1188.00
783.00 1169.00
2145.00 1214.00
322.00 1231.00
1645.00 1205.00
1595.00 1225.00
1809.00 1236.00
519.00 1229.00
1485.00 1197.00
1950.00 1334.00
898.00 1276.00
2151.00 1314.00
1714.00 1322.00
468.00 1277.00
1875.00 1294.00
1581.00 1266.00
1600.00 1308.00
2083.00 1349.00
875.00 1328.00
1884.00 1384.00
1560.00 1359.00
1623.00 1361.00
1992.00 1393.00
479.00 1387.00
1068.00 1381.00
933.00 1380.00
1170.00 1433.00
1887.00 1431.00
879.00 1433.00
1547.00 1406.00
1655.00 1418.00
1696.00 1450.00
1535.00 1457.00
1806.00 1470.00
1890.00 1477.00
1749.00 1485.00
912.00 1526.00
1077.00 1525.00
1171.00 1515.00
1522.00 1503.00
1900.00 1568.00
1511.00 1546.00
1153.00 1568.00
1501.00 1588.00
1904.00 1615.00
1548.00 1648.00
1910.00 1661.00
1639.00 1667.00
1497.00 1694.00
1955.00 1690.00
1715.00 1644.00
1912.00 1710.00
1400.00 1715.00
1999.00 1699.00
1182.00 1718.00
1642.00 1711.00
1735.00 1714.00
1472.00 1763.00
1557.00 1766.00
1686.00 1748.00
1917.00 1756.00
1645.00 1777.00
1820.00 1783.00
1410.00 1805.00
1480.00 1815.00
1650.00 1833.00
2014.00 1834.00
1744.00 1855.00
1896.00 1900.00
1484.00 1905.00
2151.00 1925.00
2083.00 1935.00
1250.00 1955.00
1898.00 1981.00
1939.00 1985.00
2091.00 1980.00
1372.00 2002.00
730.00 2045.00
1232.00 2068.00
1949.00 2130.00
1666.00 2155.00
1707.00 2155.00
1731.00 2236.00
1968.00 2242.00
2131.00 2292.00
1735.00 2286.00
1189.00 2317.00
638.00 2362.00
1256.00 2321.00
1297.00 2380.00
547.00 2413.00
1938.00 2409.00
1336.00 2430.00
1975.00 2450.00
1506.00 2467.00
1626.00 2579.00
1280.00 2616.00
765.00 2610.00
