1875.00 225.00
199.00 140.00
132.00 128.00
126.00 209.00
1682.00 423.00
1648.00 473.00
1210.00 455.00
1953.00 510.00
1994.00 537.00
1211.00 513.00
1633.00 597.00
1322.00 545.00
102.00 478.00
1674.00 586.00
1896.00 580.00
1213.00 589.00
795.00 577.00
54.00 552.00
1979.00 636.00
1213.00 647.00
695.00 643.00
72.00 611.00
858.00 700.00
975.00 716.00
794.00 727.00
458.00 697.00
1243.00 738.00
943.00 765.00
1652.00 822.00
794.00 779.00
886.00 789.00
784.00 821.00
1336.00 868.00
1795.00 909.00
1221.00 895.00
1652.00 929.00
1365.00 925.00
1221.00 959.00
795.00 957.00
1372.00 1008.00
856.00 991.00
904.00 1013.00
796.00 1026.00
44.00 1005.00
929.00 1058.00
317.00 1044.00
606.00 1064.00
659.00 1073.00
187.00 1055.00
1272.00 1146.00
692.00 1129.00
1362.00 1160.00
816.00 1183.00
768.00 1184.00
1050.00 1178.00
991.00 1207.00
1735.00 1241.00
1420.00 1222.00
1320.00 1225.00
1094.00 1218.00
98.00 1183.00
1039.00 1234.00
704.00 1259.00
756.00 1255.00
1378.00 1271.00
252.00 1254.00
1553.00 1303.00
1760.00 1311.00
1702.00 1314.00
1205.00 1296.00
956.00 1308.00
1476.00 1351.00
196.00 1290.00
1641.00 1339.00
269.00 1311.00
907.00 1339.00
1417.00 1361.00
1837.00 1394.00
1280.00 1362.00
1323.00 1401.00
512.00 1369.00
462.00 1373.00
1465.00 1397.00
174.00 1365.00
587.00 1368.00
732.00 1389.00
1007.00 1399.00
1387.00 1416.00
33.00 1395.00
1568.00 1416.00
1513.00 1459.00
1718.00 1474.00
1403.00 1476.00
400.00 1452.00
256.00 1450.00
590.00 1466.00
832.00 1478.00
1210.00 1471.00
1162.00 1467.00
451.00 1491.00
150.00 1492.00
1281.00 1479.00
1525.00 1505.00
44.00 1527.00
549.00 1540.00
338.00 1543.00
109.00 1561.00
882.00 1566.00
1163.00 1566.00
445.00 1589.00
303.00 1586.00
166.00 1561.00
376.00 1590.00
577.00 1606.00
529.00 1603.00
239.00 1608.00
1388.00 1619.00
1528.00 1614.00
1067.00 1619.00
829.00 1612.00
174.00 1637.00
106.00 1633.00
998.00 1650.00
881.00 1652.00
837.00 1667.00
1078.00 1703.00
492.00 1699.00
1842.00 1696.00
355.00 1711.00
303.00 1724.00
716.00 1722.00
829.00 1760.00
1402.00 1760.00
1296.00 1768.00
1047.00 1787.00
965.00 1792.00
894.00 1800.00
569.00 1819.00
816.00 1806.00
751.00 1811.00
507.00 1817.00
1624.00 1801.00
658.00 1848.00
94.00 1845.00
1172.00 1854.00
1055.00 1856.00
952.00 1861.00
1624.00 1853.00
264.00 1884.00
827.00 1884.00
1285.00 1888.00
731.00 1916.00
274.00 1927.00
18.00 1937.00
363.00 1948.00
801.00 1930.00
1319.00 1946.00
1560.00 1955.00
226.00 1974.00
561.00 1982.00
81.00 1993.00
344.00 1997.00
874.00 1991.00
1723.00 1997.00
1490.00 1995.00
728.00 2011.00
1332.00 1998.00
1125.00 1980.00
824.00 1988.00
1081.00 2019.00
1202.00 2008.00
1633.00 2027.00
82.00 2045.00
895.00 2065.00
967.00 2065.00
188.00 2075.00
1139.00 2067.00
1564.00 2064.00
1489.00 2064.00
723.00 2109.00
822.00 2097.00
348.00 2096.00
210.00 2121.00
1260.00 2090.00
474.00 2111.00
650.00 2112.00
948.00 2118.00
49.00 2121.00
158.00 2159.00
112.00 2180.00
957.00 2159.00
1911.00 2154.00
265.00 2181.00
1030.00 2173.00
486.00 2183.00
1681.00 2169.00
1568.00 2166.00
39.00 2215.00
1859.00 2198.00
398.00 2229.00
1485.00 2215.00
644.00 2234.00
174.00 2273.00
1571.00 2244.00
127.00 2278.00
1401.00 2256.00
946.00 2266.00
267.00 2293.00
700.00 2284.00
876.00 2262.00
479.00 2307.00
1572.00 2288.00
220.00 2299.00
1131.00 2303.00
775.00 2315.00
641.00 2329.00
983.00 2321.00
1026.00 2322.00
891.00 2340.00
843.00 2346.00
1497.00 2333.00
429.00 2397.00
298.00 2414.00
986.00 2377.00
1116.00 2368.00
1430.00 2383.00
1223.00 2393.00
573.00 2432.00
495.00 2446.00
294.00 2469.00
1060.00 2410.00
1223.00 2477.00
2057.00 2504.00
730.00 2572.00
1579.00 2544.00
1126.00 2564.00
1464.00 2573.00
1711.00 2596.00
602.00 2697.00
162.00 2658.00
1619.00 2641.00
1882.00 2652.00
