63.00 122.00
1591.00 604.00
1546.00 601.00
978.00 517.00
196.00 417.00
1714.00 737.00
1756.00 771.00
1272.00 688.00
777.00 613.00
1328.00 740.00
91.00 518.00
1866.00 834.00
380.00 585.00
436.00 606.00
1809.00 852.00
1331.00 796.00
9.00 554.00
1911.00 868.00
976.00 748.00
935.00 790.00
1477.00 872.00
1815.00 939.00
935.00 847.00
989.00 861.00
1476.00 933.00
1269.00 923.00
1371.00 933.00
1642.00 1003.00
1412.00 1035.00
1274.00 1038.00
771.00 987.00
1534.00 1093.00
28.00 871.00
1361.00 1072.00
232.00 937.00
939.00 1046.00
1263.00 1154.00
986.00 1115.00
1289.00 1195.00
928.00 1197.00
1292.00 1283.00
1416.00 1297.00
1465.00 1300.00
991.00 1268.00
24.00 1189.00
909.00 1289.00
1541.00 1360.00
729.00 1301.00
117.00 1245.00
1238.00 1368.00
27.00 1279.00
747.00 1357.00
1081.00 1383.00
1431.00 1412.00
1479.00 1520.00
436.00 1404.00
990.00 1455.00
1308.00 1487.00
1080.00 1480.00
1215.00 1559.00
1046.00 1560.00
1292.00 1622.00
1081.00 1638.00
988.00 1647.00
701.00 1968.00
1077.00 2228.00
1216.00 2290.00
1049.00 2597.00
