1375.00 24.00
1329.00 163.00
957.00 109.00
866.00 105.00
1390.00 227.00
967.00 152.00
1295.00 258.00
1440.00 279.00
912.00 264.00
1393.00 376.00
1267.00 345.00
1222.00 364.00
1165.00 362.00
1388.00 444.00
72.00 276.00
1450.00 499.00
1370.00 485.00
936.00 432.00
857.00 447.00
1192.00 527.00
1131.00 499.00
159.00 408.00
1183.00 591.00
1258.00 639.00
1214.00 633.00
1319.00 630.00
917.00 635.00
872.00 626.00
935.00 711.00
1216.00 675.00
1274.00 707.00
849.00 705.00
894.00 712.00
1356.00 768.00
750.00 702.00
347.00 690.00
1461.00 755.00
880.00 764.00
1234.00 781.00
8.00 672.00
1110.00 832.00
1183.00 820.00
1397.00 809.00
1332.00 823.00
892.00 815.00
1217.00 867.00
1154.00 883.00
1384.00 871.00
905.00 875.00
1333.00 871.00
1058.00 894.00
690.00 873.00
1130.00 936.00
1187.00 963.00
708.00 929.00
1310.00 937.00
904.00 938.00
1109.00 997.00
933.00 988.00
1171.00 1008.00
1020.00 1012.00
743.00 1008.00
697.00 1009.00
1076.00 1049.00
866.00 1042.00
909.00 1044.00
1304.00 1036.00
1063.00 1090.00
883.00 1085.00
704.00 1096.00
948.00 1111.00
1219.00 1097.00
648.00 1127.00
1096.00 1145.00
869.00 1179.00
932.00 1173.00
1407.00 1157.00
1326.00 1192.00
1078.00 1186.00
1152.00 1209.00
1027.00 1247.00
753.00 1223.00
1368.00 1206.00
906.00 1243.00
1092.00 1237.00
661.00 1239.00
1115.00 1290.00
865.00 1276.00
1203.00 1267.00
1414.00 1283.00
911.00 1289.00
785.00 1299.00
863.00 1322.00
1307.00 1309.00
1181.00 1342.00
925.00 1330.00
1017.00 1440.00
1124.00 1464.00
920.00 1443.00
968.00 1444.00
1242.00 1514.00
1017.00 1519.00
1169.00 1525.00
832.00 1601.00
1218.00 1658.00
1411.00 1725.00
721.00 1705.00
814.00 1702.00
1012.00 1697.00
1422.00 1781.00
1029.00 2029.00
1077.00 2028.00
