1796.00 263.00
851.00 229.00
914.00 309.00
784.00 282.00
879.00 366.00
925.00 381.00
928.00 434.00
1012.00 468.00
1912.00 547.00
1823.00 539.00
1898.00 657.00
1541.00 644.00
1062.00 598.00
854.00 641.00
760.00 647.00
1051.00 689.00
883.00 711.00
821.00 705.00
649.00 715.00
1437.00 792.00
600.00 742.00
877.00 797.00
1506.00 857.00
1987.00 909.00
1938.00 902.00
239.00 794.00
1464.00 911.00
1532.00 899.00
1877.00 925.00
1678.00 922.00
1942.00 957.00
1219.00 953.00
991.00 947.00
1971.00 1009.00
1891.00 1015.00
1217.00 1006.00
981.00 988.00
875.00 1001.00
1077.00 1024.00
1294.00 1032.00
109.00 977.00
1357.00 1075.00
2016.00 1128.00
232.00 1054.00
1269.00 1085.00
1053.00 1067.00
1354.00 1119.00
1980.00 1169.00
1108.00 1131.00
1460.00 1157.00
535.00 1128.00
1269.00 1197.00
1355.00 1204.00
1460.00 1205.00
1089.00 1208.00
1239.00 1244.00
1419.00 1256.00
1366.00 1250.00
1289.00 1259.00
1516.00 1252.00
1181.00 1270.00
47.00 1227.00
403.00 1247.00
1562.00 1287.00
1373.00 1299.00
542.00 1276.00
1499.00 1326.00
498.00 1282.00
835.00 1302.00
1291.00 1304.00
1385.00 1345.00
1158.00 1340.00
1437.00 1351.00
835.00 1344.00
1604.00 1379.00
1210.00 1364.00
1565.00 1425.00
1479.00 1405.00
34.00 1351.00
1104.00 1396.00
980.00 1392.00
1826.00 1433.00
1202.00 1407.00
1291.00 1440.00
1684.00 1443.00
849.00 1407.00
142.00 1388.00
1037.00 1428.00
1105.00 1446.00
868.00 1466.00
1881.00 1503.00
195.00 1446.00
1190.00 1481.00
245.00 1450.00
992.00 1460.00
1838.00 1512.00
1294.00 1526.00
1571.00 1563.00
1089.00 1521.00
22.00 1488.00
958.00 1520.00
252.00 1496.00
1192.00 1597.00
1716.00 1574.00
1757.00 1592.00
1430.00 1574.00
1047.00 1568.00
991.00 1567.00
188.00 1545.00
1496.00 1588.00
329.00 1555.00
1774.00 1633.00
1713.00 1629.00
1004.00 1628.00
1626.00 1649.00
1514.00 1668.00
1731.00 1684.00
1628.00 1696.00
1504.00 1716.00
1621.00 1740.00
1785.00 1786.00
1493.00 1761.00
1581.00 1797.00
1028.00 1819.00
897.00 2139.00
1383.00 2173.00
1088.00 2518.00
1163.00 2592.00
1836.00 2609.00
1122.00 2621.00
838.00 2704.00
1798.00 2716.00
