1577.00 152.00
2081.00 344.00
1647.00 316.00
1805.00 409.00
1345.00 502.00
2015.00 631.00
2086.00 727.00
1754.00 703.00
1295.00 644.00
1700.00 725.00
962.00 696.00
1732.00 773.00
511.00 711.00
1321.00 863.00
1540.00 890.00
1874.00 939.00
1753.00 945.00
554.00 721.00
1422.00 945.00
2128.00 992.00
1787.00 1034.00
1311.00 982.00
817.00 874.00
1603.00 1050.00
1831.00 1115.00
1295.00 1082.00
1556.00 1105.00
1768.00 1122.00
1397.00 1089.00
633.00 1000.00
100.00 1042.00
1441.00 1154.00
1500.00 1193.00
1267.00 1177.00
1624.00 1224.00
158.00 1107.00
1531.00 1236.00
221.00 1186.00
1718.00 1318.00
1783.00 1321.00
164.00 1206.00
1567.00 1345.00
1755.00 1393.00
1365.00 1371.00
1458.00 1441.00
1918.00 1467.00
532.00 1393.00
1509.00 1467.00
1776.00 1490.00
1665.00 1506.00
1461.00 1496.00
466.00 1474.00
238.00 1422.00
182.00 1456.00
426.00 1432.00
1735.00 1572.00
697.00 1528.00
1492.00 1559.00
1784.00 1587.00
277.00 1556.00
634.00 1583.00
322.00 1608.00
757.00 1629.00
231.00 1594.00
654.00 1638.00
1661.00 1764.00
1828.00 1770.00
528.00 2025.00
197.00 2126.00
216.00 2171.00
188.00 2216.00
487.00 2219.00
386.00 2223.00
727.00 2249.00
419.00 2317.00
499.00 2365.00
352.00 2349.00
399.00 2440.00
491.00 2438.00
141.00 2656.00
