1255.00 560.00
563.00 574.00
1173.00 646.00
747.00 755.00
1114.00 743.00
1699.00 791.00
117.00 979.00
1281.00 1050.00
1400.00 1045.00
1731.00 1048.00
2031.00 1029.00
460.00 1081.00
2116.00 1124.00
1977.00 1127.00
1230.00 1192.00
1275.00 1183.00
1629.00 1160.00
1669.00 1210.00
2012.00 1205.00
1525.00 1269.00
2148.00 1232.00
1144.00 1291.00
1655.00 1338.00
1493.00 1373.00
1677.00 1390.00
168.00 1415.00
1767.00 1404.00
941.00 1433.00
876.00 1436.00
1030.00 1448.00
658.00 1455.00
850.00 1537.00
1263.00 1532.00
863.00 2026.00
