1429.00 260.00
1562.00 309.00
1776.00 366.00
904.00 280.00
956.00 286.00
1458.00 358.00
725.00 325.00
682.00 365.00
1033.00 426.00
746.00 386.00
939.00 452.00
1195.00 481.00
1132.00 435.00
1109.00 498.00
1718.00 571.00
933.00 524.00
932.00 581.00
1739.00 627.00
1247.00 575.00
567.00 567.00
777.00 570.00
1607.00 634.00
841.00 617.00
950.00 634.00
1094.00 667.00
665.00 619.00
890.00 654.00
529.00 665.00
940.00 691.00
992.00 693.00
1294.00 722.00
750.00 677.00
1211.00 727.00
871.00 736.00
1318.00 785.00
1220.00 826.00
955.00 818.00
1141.00 839.00
1034.00 870.00
1508.00 899.00
1317.00 899.00
1122.00 901.00
993.00 883.00
1178.00 917.00
1391.00 938.00
1238.00 920.00
906.00 915.00
863.00 927.00
1111.00 951.00
812.00 941.00
1007.00 956.00
880.00 1010.00
1282.00 1059.00
924.00 1077.00
832.00 1080.00
1304.00 1123.00
823.00 1135.00
1011.00 1138.00
947.00 1142.00
862.00 1184.00
967.00 1188.00
1681.00 1203.00
794.00 1200.00
1425.00 1236.00
1239.00 1223.00
1049.00 1230.00
1305.00 1243.00
1174.00 1225.00
1113.00 1218.00
787.00 1251.00
1425.00 1286.00
963.00 1290.00
1261.00 1278.00
895.00 1282.00
1746.00 1296.00
1218.00 1267.00
1174.00 1302.00
800.00 1295.00
1321.00 1298.00
1218.00 1333.00
1175.00 1349.00
819.00 1346.00
1285.00 1343.00
1426.00 1363.00
1696.00 1380.00
1263.00 1385.00
1428.00 1404.00
1307.00 1388.00
1750.00 1416.00
1114.00 1414.00
1197.00 1432.00
1489.00 1445.00
1428.00 1448.00
1745.00 1466.00
1325.00 1497.00
587.00 1455.00
1100.00 1482.00
1480.00 1491.00
1641.00 1513.00
1154.00 1505.00
588.00 1540.00
1068.00 1545.00
1498.00 1575.00
1745.00 1582.00
1547.00 1591.00
817.00 1598.00
1387.00 1652.00
1452.00 1643.00
1758.00 1681.00
1377.00 1693.00
1331.00 1715.00
1247.00 1698.00
1617.00 1700.00
754.00 1728.00
1524.00 1719.00
1673.00 1721.00
1573.00 1722.00
1469.00 1725.00
1744.00 1749.00
1624.00 1765.00
1489.00 1771.00
1534.00 1778.00
1225.00 1812.00
1205.00 1854.00
173.00 1897.00
1750.00 1863.00
1596.00 1898.00
1362.00 1944.00
800.00 1981.00
1650.00 1985.00
1135.00 2060.00
1438.00 2055.00
1377.00 2066.00
1405.00 2113.00
1335.00 2180.00
1533.00 2202.00
1404.00 2410.00
