1738.00 146.00
2142.00 226.00
1812.00 216.00
1757.00 228.00
1581.00 300.00
1587.00 387.00
1106.00 443.00
2071.00 362.00
1916.00 411.00
1752.00 459.00
1006.00 538.00
2039.00 418.00
1867.00 489.00
1596.00 523.00
1680.00 532.00
1012.00 626.00
1519.00 630.00
1572.00 596.00
1846.00 530.00
1676.00 661.00
1082.00 680.00
9.00 730.00
372.00 693.00
1576.00 642.00
1631.00 685.00
1520.00 712.00
1000.00 764.00
474.00 797.00
1912.00 696.00
1464.00 843.00
1521.00 780.00
1583.00 774.00
1764.00 746.00
501.00 871.00
623.00 876.00
424.00 903.00
1528.00 870.00
1400.00 891.00
1464.00 896.00
715.00 917.00
662.00 948.00
923.00 966.00
280.00 983.00
373.00 1000.00
1062.00 1006.00
1620.00 1023.00
1518.00 1006.00
1692.00 967.00
1457.00 985.00
944.00 1008.00
1735.00 1002.00
1062.00 1047.00
258.00 1063.00
1682.00 1045.00
511.00 1108.00
431.00 1089.00
1596.00 1083.00
1656.00 1119.00
1944.00 1064.00
1502.00 1128.00
1991.00 1077.00
423.00 1193.00
1703.00 1122.00
948.00 1150.00
538.00 1166.00
1381.00 1169.00
167.00 1209.00
1918.00 1105.00
2144.00 1112.00
288.00 1217.00
1437.00 1182.00
1536.00 1172.00
392.00 1236.00
492.00 1253.00
733.00 1245.00
871.00 1242.00
191.00 1270.00
1570.00 1255.00
576.00 1277.00
298.00 1296.00
511.00 1311.00
449.00 1334.00
220.00 1360.00
1442.00 1341.00
61.00 1374.00
680.00 1358.00
2132.00 1291.00
387.00 1382.00
2017.00 1302.00
1065.00 1392.00
620.00 1383.00
1962.00 1327.00
438.00 1417.00
1694.00 1406.00
1997.00 1400.00
1065.00 1439.00
188.00 1475.00
421.00 1521.00
1872.00 1417.00
1448.00 1458.00
2001.00 1461.00
138.00 1482.00
1009.00 1537.00
1788.00 1469.00
1244.00 1541.00
606.00 1557.00
349.00 1578.00
488.00 1599.00
1617.00 1598.00
1955.00 1563.00
2011.00 1573.00
485.00 1675.00
1923.00 1616.00
234.00 1741.00
346.00 1646.00
1778.00 1692.00
70.00 1839.00
189.00 1846.00
495.00 1872.00
64.00 1893.00
134.00 1940.00
406.00 1991.00
31.00 2102.00
1383.00 2473.00
1760.00 2538.00
