955.00 505.00
1836.00 544.00
1097.00 562.00
1267.00 630.00
974.00 720.00
1074.00 732.00
680.00 765.00
783.00 752.00
1264.00 812.00
1472.00 775.00
1702.00 868.00
1756.00 873.00
1829.00 930.00
1429.00 957.00
998.00 973.00
1491.00 998.00
156.00 1011.00
1431.00 1017.00
1302.00 993.00
308.00 1014.00
832.00 1055.00
54.00 1092.00
1196.00 1086.00
1776.00 1139.00
1583.00 1118.00
1001.00 1123.00
1633.00 1157.00
253.00 1168.00
1467.00 1170.00
539.00 1173.00
497.00 1188.00
1963.00 1204.00
1002.00 1239.00
342.00 1229.00
413.00 1241.00
779.00 1265.00
877.00 1277.00
1185.00 1280.00
586.00 1276.00
474.00 1289.00
1059.00 1285.00
875.00 1366.00
1857.00 1347.00
589.00 1367.00
709.00 1383.00
1532.00 1404.00
240.00 1409.00
450.00 1466.00
1742.00 1447.00
710.00 1479.00
775.00 1524.00
581.00 1485.00
1913.00 1481.00
1959.00 1495.00
520.00 1527.00
431.00 1551.00
1003.00 1575.00
381.00 1563.00
2124.00 1613.00
1320.00 1595.00
1674.00 1588.00
1430.00 1585.00
656.00 1650.00
483.00 1667.00
923.00 1678.00
221.00 1724.00
332.00 1729.00
855.00 1753.00
756.00 1765.00
1034.00 1788.00
518.00 1806.00
574.00 1845.00
1764.00 1880.00
655.00 1884.00
1811.00 1898.00
1337.00 2001.00
1621.00 2011.00
1665.00 2034.00
1811.00 2056.00
272.00 2051.00
395.00 2059.00
878.00 2092.00
499.00 2080.00
1510.00 2109.00
1048.00 2115.00
1739.00 2140.00
1340.00 2150.00
791.00 2189.00
1670.00 2206.00
1214.00 2166.00
1174.00 2207.00
1821.00 2175.00
1001.00 2189.00
1600.00 2231.00
1821.00 2284.00
1671.00 2298.00
1734.00 2302.00
2020.00 2310.00
1344.00 2272.00
755.00 2328.00
1540.00 2331.00
187.00 2330.00
252.00 2335.00
466.00 2391.00
1493.00 2393.00
513.00 2459.00
1585.00 2474.00
751.00 2526.00
1523.00 2510.00
1747.00 2519.00
1840.00 2532.00
562.00 2560.00
752.00 2611.00
744.00 2859.00
