1416.00 24.00
1170.00 64.00
1236.00 91.00
2147.00 235.00
1838.00 235.00
1379.00 285.00
1423.00 294.00
1847.00 407.00
1649.00 402.00
1425.00 348.00
1566.00 409.00
1801.00 431.00
1383.00 351.00
1032.00 269.00
1705.00 467.00
1070.00 366.00
1663.00 476.00
1372.00 415.00
1177.00 354.00
1702.00 539.00
1056.00 422.00
1179.00 437.00
1617.00 533.00
1356.00 510.00
1436.00 575.00
664.00 497.00
1338.00 579.00
1436.00 616.00
843.00 581.00
1529.00 677.00
1003.00 625.00
1625.00 718.00
581.00 653.00
1234.00 665.00
749.00 651.00
1376.00 708.00
1622.00 787.00
576.00 698.00
1189.00 726.00
1812.00 823.00
1376.00 749.00
1125.00 737.00
1302.00 744.00
225.00 759.00
1441.00 826.00
1806.00 884.00
184.00 789.00
1216.00 829.00
843.00 830.00
71.00 825.00
1360.00 864.00
1119.00 845.00
13.00 821.00
1252.00 874.00
1743.00 953.00
1642.00 963.00
1402.00 951.00
1572.00 976.00
1355.00 929.00
205.00 900.00
130.00 891.00
438.00 914.00
947.00 938.00
1799.00 1052.00
1212.00 984.00
1312.00 996.00
1721.00 1094.00
1406.00 1063.00
900.00 1027.00
1221.00 1051.00
1128.00 1069.00
1704.00 1138.00
750.00 1068.00
10.00 1058.00
117.00 1064.00
1647.00 1070.00
469.00 1091.00
1396.00 1149.00
382.00 1095.00
1241.00 1096.00
218.00 1115.00
790.00 1150.00
316.00 1132.00
60.00 1143.00
18.00 1161.00
1342.00 1186.00
1398.00 1206.00
954.00 1196.00
1061.00 1189.00
1546.00 1201.00
552.00 1201.00
1131.00 1219.00
856.00 1220.00
1332.00 1259.00
1460.00 1275.00
990.00 1266.00
1129.00 1270.00
682.00 1273.00
351.00 1272.00
634.00 1270.00
394.00 1294.00
1508.00 1327.00
1421.00 1339.00
1466.00 1338.00
1512.00 1410.00
1443.00 1407.00
518.00 1388.00
1371.00 1411.00
726.00 1396.00
846.00 1411.00
1694.00 1425.00
503.00 1453.00
1462.00 1499.00
1254.00 1539.00
538.00 1517.00
936.00 1540.00
1120.00 1542.00
1387.00 1518.00
683.00 1548.00
908.00 1587.00
1632.00 1654.00
1005.00 1638.00
1397.00 1641.00
766.00 1671.00
1443.00 1652.00
1208.00 1671.00
1258.00 1673.00
874.00 1696.00
1019.00 1681.00
1663.00 1719.00
751.00 1757.00
529.00 1809.00
1239.00 1832.00
1336.00 1820.00
1004.00 1837.00
873.00 1850.00
635.00 1846.00
1464.00 1891.00
799.00 1859.00
872.00 1941.00
1005.00 1958.00
1533.00 1966.00
1141.00 1973.00
556.00 1995.00
859.00 2014.00
1396.00 2007.00
1212.00 2032.00
1509.00 2020.00
1010.00 2044.00
748.00 2102.00
1446.00 2054.00
1634.00 2051.00
1127.00 2080.00
