349.00 562.00
1629.00 333.00
747.00 614.00
1781.00 376.00
1424.00 515.00
892.00 606.00
889.00 753.00
1816.00 566.00
1490.00 775.00
1203.00 872.00
690.00 971.00
888.00 967.00
686.00 1027.00
1225.00 959.00
915.00 1073.00
669.00 1113.00
1228.00 1059.00
1183.00 1073.00
493.00 1210.00
1541.00 1083.00
656.00 1208.00
1638.00 1090.00
1872.00 1088.00
1479.00 1151.00
1295.00 1196.00
1696.00 1158.00
1566.00 1189.00
946.00 1265.00
1912.00 1145.00
1046.00 1260.00
2117.00 1128.00
1201.00 1255.00
1303.00 1262.00
1572.00 1252.00
2101.00 1194.00
1086.00 1323.00
1366.00 1334.00
946.00 1353.00
2032.00 1233.00
1456.00 1309.00
1540.00 1295.00
1673.00 1301.00
1304.00 1344.00
1202.00 1383.00
946.00 1416.00
1681.00 1351.00
1016.00 1419.00
1172.00 1425.00
1620.00 1380.00
1440.00 1401.00
993.00 1477.00
1695.00 1414.00
1368.00 1438.00
1623.00 1445.00
1460.00 1448.00
2010.00 1418.00
1247.00 1503.00
1851.00 1479.00
1638.00 1509.00
1549.00 1514.00
1735.00 1524.00
1372.00 1577.00
1420.00 1578.00
1311.00 1599.00
1885.00 1556.00
1314.00 1737.00
1273.00 1793.00
1463.00 1825.00
1135.00 1967.00
1759.00 1917.00
1358.00 1972.00
1838.00 1943.00
1267.00 2014.00
1481.00 1991.00
1828.00 2001.00
1652.00 2009.00
1990.00 2017.00
1654.00 2090.00
1576.00 2098.00
1038.00 2116.00
1837.00 2136.00
1431.00 2169.00
1983.00 2158.00
872.00 2194.00
1643.00 2172.00
1310.00 2183.00
1602.00 2211.00
1808.00 2221.00
1350.00 2273.00
1170.00 2288.00
1597.00 2295.00
1313.00 2355.00
1220.00 2359.00
1171.00 2364.00
1513.00 2398.00
1820.00 2444.00
1463.00 2468.00
1399.00 2471.00
1569.00 2547.00
1170.00 2526.00
1522.00 2551.00
1436.00 2558.00
744.00 2589.00
1560.00 2659.00
866.00 2690.00
1557.00 2821.00
1461.00 2830.00
1406.00 2835.00
