1685.00 383.00
1326.00 411.00
1773.00 393.00
1717.00 475.00
1855.00 447.00
2004.00 435.00
1267.00 584.00
1553.00 514.00
571.00 664.00
621.00 679.00
1424.00 646.00
1525.00 639.00
1589.00 635.00
1740.00 642.00
1265.00 724.00
245.00 812.00
348.00 806.00
1204.00 760.00
1895.00 730.00
1261.00 860.00
1339.00 854.00
1393.00 852.00
1478.00 847.00
810.00 907.00
1614.00 840.00
184.00 984.00
1261.00 906.00
1325.00 930.00
2121.00 871.00
967.00 981.00
1075.00 988.00
1216.00 983.00
786.00 1011.00
539.00 1023.00
1160.00 994.00
2118.00 912.00
2052.00 914.00
288.00 1099.00
538.00 1080.00
427.00 1105.00
1286.00 1060.00
1535.00 1046.00
1398.00 1054.00
1787.00 1033.00
2050.00 1020.00
696.00 1132.00
95.00 1209.00
429.00 1219.00
293.00 1268.00
1611.00 1105.00
710.00 1181.00
942.00 1191.00
987.00 1189.00
1543.00 1124.00
112.00 1287.00
1672.00 1132.00
1737.00 1113.00
1389.00 1155.00
1974.00 1102.00
290.00 1309.00
1030.00 1201.00
1204.00 1193.00
522.00 1288.00
1379.00 1202.00
1949.00 1172.00
1156.00 1228.00
828.00 1262.00
647.00 1276.00
80.00 1383.00
1436.00 1259.00
1649.00 1261.00
626.00 1323.00
1377.00 1283.00
276.00 1404.00
2051.00 1251.00
1188.00 1308.00
1242.00 1304.00
519.00 1413.00
457.00 1422.00
1363.00 1338.00
1122.00 1368.00
300.00 1474.00
346.00 1470.00
1271.00 1375.00
1184.00 1401.00
231.00 1516.00
1689.00 1416.00
1547.00 1470.00
1358.00 1501.00
1587.00 1554.00
343.00 1667.00
1802.00 1620.00
1394.00 1648.00
935.00 1717.00
1617.00 1705.00
983.00 1738.00
1345.00 1742.00
192.00 1858.00
368.00 1884.00
1278.00 1861.00
354.00 2048.00
1288.00 2025.00
1368.00 2125.00
1691.00 2206.00
2048.00 2268.00
1761.00 2281.00
1823.00 2311.00
1591.00 2313.00
1477.00 2319.00
1584.00 2365.00
2060.00 2369.00
1903.00 2392.00
1702.00 2447.00
2121.00 2565.00
