588.00 1018.00
877.00 1100.00
704.00 1251.00
570.00 1242.00
189.00 1271.00
401.00 1336.00
679.00 1373.00
776.00 1392.00
265.00 1317.00
429.00 1377.00
470.00 1366.00
360.00 1370.00
722.00 1420.00
798.00 1457.00
538.00 1432.00
384.00 1411.00
755.00 1469.00
435.00 1445.00
592.00 1476.00
522.00 1475.00
635.00 1504.00
635.00 1582.00
11.00 1573.00
837.00 1638.00
294.00 1609.00
627.00 1680.00
204.00 1689.00
347.00 1693.00
504.00 1716.00
619.00 1726.00
18.00 1699.00
290.00 1729.00
152.00 1773.00
219.00 1786.00
748.00 1831.00
588.00 1829.00
532.00 1862.00
790.00 1867.00
729.00 1878.00
899.00 1879.00
664.00 1893.00
693.00 1936.00
920.00 1932.00
644.00 1953.00
579.00 1964.00
740.00 2000.00
690.00 2001.00
600.00 2015.00
833.00 1989.00
788.00 2009.00
284.00 2046.00
206.00 2074.00
118.00 2073.00
80.00 2121.00
247.00 2100.00
37.00 2105.00
127.00 2117.00
324.00 2098.00
713.00 2114.00
244.00 2183.00
70.00 2207.00
351.00 2188.00
852.00 2184.00
513.00 2247.00
262.00 2326.00
320.00 2310.00
490.00 2298.00
215.00 2371.00
259.00 2373.00
12.00 2435.00
27.00 2482.00
514.00 2435.00
416.00 2729.00
