1423.00 554.00
167.00 367.00
1329.00 561.00
1700.00 620.00
320.00 404.00
613.00 798.00
922.00 886.00
610.00 864.00
1835.00 1025.00
1348.00 959.00
856.00 940.00
949.00 932.00
1117.00 951.00
356.00 883.00
1913.00 1072.00
605.00 921.00
1071.00 977.00
713.00 1004.00
962.00 1045.00
1442.00 1082.00
1305.00 1070.00
668.00 1032.00
276.00 1005.00
723.00 1056.00
1306.00 1122.00
1455.00 1132.00
1496.00 1133.00
1791.00 1178.00
1677.00 1186.00
282.00 1105.00
1704.00 1247.00
1828.00 1251.00
1944.00 1337.00
425.00 1202.00
1706.00 1288.00
1298.00 1276.00
710.00 1248.00
664.00 1259.00
887.00 1272.00
1216.00 1290.00
1503.00 1308.00
1091.00 1297.00
1005.00 1293.00
1175.00 1300.00
422.00 1263.00
228.00 1257.00
163.00 1254.00
1742.00 1345.00
573.00 1283.00
341.00 1272.00
672.00 1304.00
1368.00 1354.00
902.00 1326.00
1506.00 1358.00
467.00 1328.00
647.00 1347.00
1715.00 1418.00
1940.00 1430.00
739.00 1362.00
822.00 1366.00
957.00 1371.00
1010.00 1387.00
1425.00 1387.00
396.00 1358.00
1102.00 1415.00
451.00 1378.00
1828.00 1442.00
1205.00 1424.00
890.00 1420.00
695.00 1438.00
166.00 1398.00
1948.00 1486.00
616.00 1477.00
1796.00 1619.00
1620.00 1831.00
1571.00 1962.00
