909.00 188.00
407.00 278.00
686.00 312.00
948.00 282.00
389.00 322.00
1509.00 294.00
455.00 312.00
1089.00 380.00
387.00 406.00
453.00 360.00
814.00 401.00
257.00 410.00
586.00 415.00
1071.00 423.00
641.00 426.00
1207.00 404.00
710.00 449.00
1251.00 418.00
325.00 444.00
1935.00 399.00
585.00 466.00
1146.00 483.00
2067.00 418.00
815.00 483.00
1096.00 516.00
1828.00 444.00
385.00 498.00
1343.00 465.00
1199.00 477.00
255.00 487.00
640.00 487.00
1171.00 535.00
713.00 529.00
1945.00 470.00
1019.00 546.00
1986.00 477.00
1065.00 558.00
1118.00 560.00
1887.00 491.00
544.00 510.00
447.00 536.00
2147.00 492.00
1803.00 523.00
1737.00 526.00
398.00 637.00
874.00 613.00
510.00 614.00
640.00 619.00
1996.00 552.00
2127.00 560.00
1122.00 652.00
1852.00 565.00
2037.00 562.00
446.00 608.00
1463.00 588.00
1670.00 574.00
1769.00 571.00
1613.00 596.00
1901.00 606.00
1567.00 613.00
852.00 655.00
484.00 674.00
640.00 685.00
2073.00 620.00
1703.00 660.00
851.00 710.00
1473.00 666.00
446.00 750.00
1565.00 697.00
616.00 734.00
1812.00 690.00
1967.00 697.00
990.00 761.00
2036.00 692.00
1616.00 717.00
1877.00 725.00
1475.00 718.00
1836.00 738.00
2003.00 744.00
1575.00 752.00
2086.00 740.00
1165.00 779.00
1480.00 771.00
419.00 824.00
1848.00 787.00
2039.00 792.00
375.00 845.00
812.00 845.00
1091.00 809.00
1965.00 808.00
588.00 875.00
874.00 887.00
1507.00 842.00
2099.00 853.00
830.00 906.00
1577.00 866.00
711.00 953.00
1321.00 897.00
1016.00 895.00
1866.00 906.00
759.00 962.00
1619.00 921.00
1993.00 931.00
1401.00 929.00
1091.00 930.00
1952.00 941.00
1675.00 931.00
296.00 975.00
1911.00 951.00
1489.00 931.00
421.00 994.00
1863.00 964.00
2106.00 939.00
1752.00 971.00
1542.00 974.00
1807.00 978.00
644.00 1030.00
1223.00 984.00
1633.00 971.00
588.00 1031.00
2087.00 1034.00
1643.00 1020.00
859.00 1057.00
1582.00 1020.00
1295.00 1019.00
1991.00 1048.00
1812.00 1028.00
1095.00 1023.00
1240.00 1032.00
1909.00 1048.00
1406.00 1053.00
1539.00 1047.00
1181.00 1056.00
1730.00 1081.00
1409.00 1108.00
1654.00 1089.00
1019.00 1090.00
1551.00 1095.00
1243.00 1089.00
1695.00 1126.00
1775.00 1132.00
692.00 1154.00
200.00 1125.00
1171.00 1115.00
405.00 1164.00
1976.00 1137.00
1548.00 1140.00
2150.00 1139.00
1501.00 1149.00
1246.00 1162.00
1723.00 1189.00
1155.00 1184.00
2004.00 1178.00
1401.00 1172.00
1043.00 1202.00
1923.00 1193.00
1622.00 1205.00
349.00 1198.00
694.00 1202.00
242.00 1208.00
2099.00 1212.00
1815.00 1214.00
1235.00 1212.00
469.00 1207.00
515.00 1209.00
1733.00 1230.00
199.00 1229.00
1416.00 1238.00
1779.00 1255.00
966.00 1238.00
1171.00 1249.00
1580.00 1260.00
1075.00 1249.00
831.00 1239.00
891.00 1255.00
1879.00 1245.00
2065.00 1281.00
1235.00 1277.00
1173.00 1290.00
944.00 1294.00
1027.00 1294.00
1298.00 1304.00
530.00 1330.00
749.00 1320.00
1679.00 1326.00
1823.00 1330.00
1522.00 1332.00
1185.00 1337.00
2034.00 1327.00
880.00 1351.00
1034.00 1343.00
1651.00 1378.00
1574.00 1378.00
1413.00 1370.00
1011.00 1384.00
1514.00 1383.00
1703.00 1398.00
1357.00 1393.00
2112.00 1435.00
1185.00 1420.00
1609.00 1420.00
698.00 1419.00
1530.00 1446.00
911.00 1437.00
1718.00 1441.00
866.00 1452.00
990.00 1460.00
1947.00 1479.00
1039.00 1463.00
1357.00 1453.00
1208.00 1465.00
1257.00 1469.00
1859.00 1484.00
776.00 1481.00
1522.00 1513.00
902.00 1493.00
848.00 1499.00
2012.00 1510.00
1077.00 1507.00
980.00 1513.00
717.00 1539.00
1143.00 1519.00
801.00 1525.00
1343.00 1528.00
2056.00 1520.00
548.00 1562.00
1404.00 1535.00
1198.00 1541.00
1100.00 1548.00
1914.00 1566.00
1255.00 1546.00
1462.00 1565.00
822.00 1572.00
1146.00 1593.00
1785.00 1579.00
1605.00 1611.00
645.00 1578.00
1436.00 1613.00
1929.00 1617.00
1748.00 1633.00
950.00 1637.00
1336.00 1635.00
996.00 1620.00
2011.00 1639.00
1791.00 1650.00
2130.00 1644.00
771.00 1644.00
1559.00 1614.00
1833.00 1667.00
1389.00 1668.00
1917.00 1671.00
955.00 1678.00
872.00 1686.00
1625.00 1699.00
2060.00 1695.00
1322.00 1695.00
679.00 1707.00
1726.00 1714.00
1380.00 1709.00
1431.00 1733.00
1860.00 1743.00
1942.00 1794.00
1654.00 1745.00
2045.00 1739.00
1696.00 1765.00
1451.00 1780.00
1766.00 1804.00
1543.00 1789.00
1405.00 1817.00
1585.00 1802.00
1285.00 1800.00
1448.00 1825.00
1883.00 1833.00
1838.00 1838.00
1081.00 1839.00
1224.00 1840.00
1702.00 1830.00
1775.00 1848.00
1647.00 1879.00
1872.00 1880.00
558.00 1868.00
2136.00 1908.00
1784.00 1912.00
1291.00 1920.00
1431.00 1920.00
1552.00 1921.00
1493.00 1942.00
1621.00 1967.00
1707.00 1968.00
1877.00 1968.00
1643.00 2029.00
1412.00 2054.00
1522.00 2057.00
1589.00 2060.00
1322.00 2040.00
1249.00 2047.00
440.00 2045.00
1817.00 2085.00
1905.00 2097.00
1486.00 2124.00
1578.00 2135.00
1888.00 2154.00
987.00 2096.00
571.00 2117.00
740.00 2113.00
727.00 2157.00
1574.00 2202.00
1892.00 2218.00
1629.00 2227.00
1423.00 2212.00
1955.00 2239.00
1382.00 2191.00
1285.00 2216.00
1914.00 2272.00
1378.00 2233.00
1288.00 2284.00
1164.00 2310.00
1566.00 2389.00
1325.00 2337.00
963.00 2369.00
1367.00 2388.00
1009.00 2378.00
1258.00 2430.00
546.00 2404.00
1149.00 2455.00
1503.00 2554.00
1377.00 2450.00
1267.00 2525.00
966.00 2551.00
846.00 2617.00
1316.00 2717.00
