153.00 411.00
209.00 424.00
1536.00 539.00
95.00 517.00
196.00 546.00
1916.00 576.00
311.00 576.00
1592.00 619.00
1804.00 633.00
111.00 647.00
1843.00 677.00
1534.00 738.00
2011.00 726.00
1831.00 769.00
122.00 738.00
26.00 749.00
2151.00 819.00
351.00 829.00
1114.00 879.00
1448.00 929.00
97.00 955.00
2122.00 999.00
915.00 1060.00
31.00 1046.00
266.00 1074.00
400.00 1098.00
40.00 1098.00
2151.00 1113.00
1922.00 1114.00
1789.00 1137.00
2141.00 1162.00
1784.00 1187.00
647.00 1227.00
1489.00 1225.00
1251.00 1235.00
1758.00 1244.00
254.00 1253.00
676.00 1281.00
287.00 1311.00
1980.00 1321.00
2129.00 1326.00
111.00 1338.00
994.00 1341.00
1355.00 1382.00
1467.00 1437.00
1331.00 1475.00
2009.00 1496.00
1942.00 1544.00
985.00 1651.00
1627.00 1672.00
913.00 1706.00
1381.00 1710.00
275.00 1774.00
434.00 1793.00
528.00 1792.00
1987.00 1837.00
2141.00 1862.00
1996.00 1942.00
688.00 2435.00
382.00 2516.00
1260.00 2534.00
270.00 2599.00
169.00 2635.00
958.00 2601.00
1311.00 2587.00
607.00 2645.00
861.00 2667.00
626.00 2718.00
