1501.00 162.00
644.00 27.00
1594.00 194.00
1752.00 206.00
1504.00 206.00
1405.00 194.00
1331.00 206.00
1575.00 260.00
1355.00 268.00
1753.00 289.00
946.00 238.00
444.00 221.00
1491.00 361.00
1432.00 333.00
850.00 323.00
1693.00 357.00
318.00 315.00
1134.00 386.00
1521.00 428.00
1724.00 447.00
783.00 425.00
1441.00 460.00
965.00 441.00
1528.00 487.00
293.00 458.00
1477.00 595.00
1571.00 566.00
1436.00 601.00
238.00 494.00
1134.00 574.00
1389.00 638.00
1582.00 673.00
1430.00 642.00
1788.00 651.00
740.00 651.00
1336.00 643.00
255.00 581.00
1536.00 663.00
852.00 621.00
1988.00 703.00
1896.00 717.00
1105.00 673.00
1823.00 738.00
1389.00 711.00
769.00 709.00
315.00 717.00
1497.00 741.00
974.00 742.00
1813.00 834.00
83.00 767.00
1438.00 871.00
1186.00 902.00
60.00 816.00
1757.00 912.00
1040.00 876.00
123.00 825.00
237.00 839.00
1799.00 950.00
1067.00 931.00
1190.00 949.00
1634.00 960.00
1701.00 964.00
1955.00 1016.00
119.00 933.00
1527.00 997.00
940.00 982.00
1317.00 997.00
1744.00 1030.00
1912.00 1065.00
1549.00 1057.00
1658.00 1089.00
1121.00 1089.00
1704.00 1111.00
1395.00 1121.00
1441.00 1124.00
1516.00 1131.00
1070.00 1128.00
1188.00 1115.00
1121.00 1164.00
965.00 1227.00
1626.00 1260.00
1190.00 1241.00
1516.00 1314.00
1191.00 1310.00
991.00 1402.00
1125.00 1393.00
1447.00 1467.00
1126.00 1487.00
1213.00 1504.00
953.00 1516.00
1289.00 1609.00
885.00 1677.00
853.00 1752.00
