1776.00 101.00
1464.00 130.00
1556.00 157.00
1723.00 147.00
1481.00 189.00
1524.00 222.00
1759.00 223.00
1893.00 262.00
1685.00 311.00
1897.00 328.00
1675.00 352.00
1607.00 379.00
1976.00 353.00
1902.00 391.00
1835.00 399.00
1643.00 433.00
1981.00 413.00
1908.00 448.00
1680.00 494.00
1986.00 469.00
1911.00 502.00
1705.00 546.00
1915.00 551.00
1730.00 596.00
2026.00 578.00
1918.00 597.00
2031.00 623.00
1922.00 639.00
2034.00 664.00
1149.00 744.00
362.00 793.00
2073.00 710.00
1279.00 766.00
437.00 794.00
550.00 826.00
1099.00 806.00
1928.00 803.00
1162.00 817.00
1842.00 811.00
1222.00 827.00
346.00 919.00
1887.00 860.00
1052.00 900.00
507.00 941.00
652.00 961.00
1283.00 940.00
526.00 1009.00
2002.00 993.00
907.00 998.00
1632.00 978.00
370.00 1014.00
714.00 1023.00
803.00 1041.00
1045.00 1018.00
714.00 1077.00
493.00 1077.00
1891.00 1026.00
1709.00 1037.00
1624.00 1051.00
323.00 1105.00
1139.00 1075.00
857.00 1093.00
1446.00 1081.00
1316.00 1079.00
480.00 1119.00
364.00 1110.00
1194.00 1095.00
1000.00 1110.00
1061.00 1119.00
537.00 1150.00
579.00 1150.00
1384.00 1123.00
1118.00 1139.00
1872.00 1129.00
1323.00 1147.00
703.00 1167.00
656.00 1187.00
1831.00 1142.00
859.00 1184.00
360.00 1176.00
1079.00 1188.00
313.00 1219.00
1974.00 1162.00
1020.00 1196.00
1740.00 1173.00
579.00 1230.00
1264.00 1187.00
370.00 1223.00
649.00 1231.00
1142.00 1216.00
1691.00 1203.00
305.00 1273.00
2058.00 1211.00
1208.00 1248.00
577.00 1274.00
354.00 1305.00
463.00 1297.00
513.00 1298.00
1156.00 1279.00
1806.00 1267.00
1532.00 1275.00
818.00 1293.00
311.00 1326.00
577.00 1315.00
866.00 1321.00
648.00 1323.00
1988.00 1316.00
577.00 1363.00
316.00 1371.00
1809.00 1330.00
536.00 1373.00
1385.00 1344.00
1764.00 1337.00
414.00 1360.00
1896.00 1345.00
863.00 1384.00
1043.00 1379.00
1321.00 1368.00
920.00 1388.00
2040.00 1382.00
1280.00 1395.00
308.00 1429.00
2090.00 1389.00
1140.00 1410.00
847.00 1433.00
656.00 1421.00
738.00 1435.00
933.00 1439.00
805.00 1414.00
1794.00 1426.00
2011.00 1434.00
1907.00 1440.00
313.00 1478.00
572.00 1500.00
976.00 1510.00
2029.00 1497.00
2098.00 1483.00
1280.00 1493.00
1820.00 1480.00
706.00 1496.00
931.00 1502.00
1137.00 1527.00
312.00 1531.00
1774.00 1508.00
409.00 1536.00
859.00 1556.00
1925.00 1538.00
1542.00 1534.00
1491.00 1541.00
1193.00 1543.00
593.00 1557.00
486.00 1577.00
1246.00 1570.00
1064.00 1579.00
1640.00 1568.00
645.00 1589.00
1727.00 1575.00
905.00 1598.00
716.00 1572.00
1578.00 1591.00
1195.00 1598.00
1492.00 1599.00
1447.00 1600.00
1390.00 1605.00
2126.00 1615.00
1001.00 1624.00
2041.00 1619.00
482.00 1669.00
1721.00 1625.00
586.00 1649.00
645.00 1636.00
440.00 1647.00
764.00 1638.00
955.00 1666.00
1424.00 1650.00
1022.00 1665.00
1951.00 1664.00
1487.00 1662.00
1671.00 1671.00
2021.00 1678.00
643.00 1705.00
1784.00 1717.00
442.00 1724.00
1257.00 1728.00
1527.00 1775.00
1000.00 1772.00
439.00 1787.00
1213.00 1786.00
270.00 1816.00
312.00 1834.00
1934.00 1910.00
2042.00 1950.00
923.00 2022.00
272.00 2034.00
644.00 2110.00
989.00 2126.00
442.00 2120.00
1824.00 2183.00
1975.00 2212.00
2062.00 2212.00
685.00 2217.00
538.00 2226.00
1778.00 2245.00
2021.00 2232.00
2122.00 2255.00
271.00 2266.00
2048.00 2294.00
620.00 2303.00
1269.00 2374.00
715.00 2394.00
960.00 2395.00
1538.00 2423.00
674.00 2397.00
1694.00 2446.00
759.00 2435.00
1116.00 2486.00
809.00 2481.00
1363.00 2515.00
1717.00 2533.00
760.00 2524.00
1537.00 2557.00
556.00 2531.00
1962.00 2610.00
1374.00 2663.00
