1769.00 267.00
198.00 325.00
1551.00 441.00
1498.00 441.00
1648.00 468.00
1648.00 513.00
1840.00 595.00
928.00 651.00
1796.00 687.00
1881.00 720.00
1719.00 711.00
1024.00 752.00
846.00 655.00
1744.00 765.00
1672.00 752.00
1784.00 812.00
1631.00 818.00
624.00 815.00
1136.00 888.00
1806.00 895.00
368.00 857.00
1904.00 941.00
1835.00 949.00
1665.00 966.00
346.00 908.00
1870.00 1002.00
1934.00 1038.00
895.00 1017.00
955.00 1025.00
1305.00 1043.00
1907.00 1084.00
1727.00 1089.00
1570.00 1109.00
998.00 1108.00
1330.00 1109.00
1026.00 1155.00
1297.00 1182.00
970.00 1199.00
1841.00 1249.00
762.00 1224.00
560.00 1212.00
468.00 1222.00
400.00 1240.00
1690.00 1288.00
1345.00 1296.00
734.00 1279.00
622.00 1281.00
1064.00 1305.00
1510.00 1314.00
1756.00 1355.00
1427.00 1353.00
551.00 1300.00
1695.00 1344.00
1579.00 1326.00
721.00 1364.00
1068.00 1380.00
1152.00 1393.00
1452.00 1404.00
935.00 1410.00
548.00 1411.00
662.00 1438.00
1428.00 1462.00
1555.00 1459.00
1199.00 1457.00
1687.00 1493.00
1759.00 1456.00
1330.00 1483.00
1093.00 1493.00
1818.00 1503.00
1030.00 1510.00
933.00 1510.00
974.00 1524.00
1571.00 1536.00
588.00 1550.00
835.00 1541.00
876.00 1545.00
1225.00 1563.00
1062.00 1562.00
828.00 1643.00
1788.00 1660.00
1326.00 1663.00
1123.00 1674.00
1212.00 1687.00
1168.00 1700.00
880.00 1700.00
1438.00 1746.00
1577.00 1775.00
1648.00 1802.00
983.00 1811.00
1275.00 1955.00
1154.00 2026.00
1327.00 2027.00
1482.00 2137.00
1560.00 2523.00
675.00 2673.00
506.00 2684.00
