1118.00 547.00
724.00 742.00
1410.00 717.00
581.00 721.00
1223.00 727.00
1862.00 777.00
1721.00 840.00
1416.00 857.00
1983.00 863.00
1560.00 876.00
591.00 837.00
1683.00 895.00
776.00 877.00
887.00 856.00
1422.00 903.00
874.00 950.00
1743.00 959.00
981.00 968.00
272.00 959.00
1656.00 979.00
751.00 932.00
1472.00 1004.00
1552.00 1025.00
1798.00 1090.00
1904.00 1037.00
633.00 1055.00
1665.00 1088.00
695.00 1055.00
1982.00 1128.00
652.00 1107.00
184.00 1112.00
2060.00 1154.00
1383.00 1149.00
1754.00 1167.00
292.00 1165.00
1304.00 1206.00
1088.00 1197.00
576.00 1209.00
1994.00 1244.00
1178.00 1239.00
529.00 1202.00
1643.00 1250.00
1177.00 1296.00
696.00 1273.00
1567.00 1281.00
1084.00 1286.00
552.00 1251.00
1517.00 1309.00
1313.00 1312.00
885.00 1279.00
335.00 1323.00
502.00 1339.00
1460.00 1364.00
1949.00 1376.00
1113.00 1383.00
1559.00 1415.00
574.00 1394.00
1509.00 1398.00
1462.00 1416.00
1145.00 1428.00
485.00 1410.00
1397.00 1432.00
1211.00 1452.00
1511.00 1453.00
1553.00 1462.00
1632.00 1492.00
1462.00 1473.00
173.00 1477.00
648.00 1487.00
343.00 1485.00
581.00 1492.00
1532.00 1525.00
1376.00 1539.00
1062.00 1528.00
909.00 1541.00
768.00 1582.00
954.00 1570.00
1310.00 1600.00
867.00 1605.00
1397.00 1621.00
303.00 1616.00
415.00 1618.00
1217.00 1669.00
1384.00 1664.00
1270.00 1677.00
1147.00 1716.00
1236.00 1733.00
1167.00 1773.00
1097.00 1868.00
1097.00 1943.00
820.00 1998.00
975.00 2017.00
1120.00 2002.00
911.00 2153.00
1439.00 2199.00
1617.00 2260.00
1350.00 2285.00
1423.00 2297.00
1584.00 2353.00
