1495.00 683.00
199.00 352.00
287.00 375.00
1391.00 717.00
1171.00 640.00
961.00 592.00
903.00 581.00
1298.00 681.00
1534.00 747.00
861.00 595.00
1255.00 714.00
213.00 460.00
933.00 645.00
1092.00 710.00
1157.00 728.00
1214.00 745.00
171.00 593.00
1041.00 815.00
152.00 641.00
1544.00 994.00
493.00 754.00
147.00 704.00
287.00 764.00
1547.00 1053.00
1127.00 1021.00
1379.00 1076.00
385.00 913.00
1128.00 1072.00
1385.00 1157.00
789.00 1019.00
1244.00 1145.00
19.00 889.00
696.00 1026.00
1011.00 1141.00
1144.00 1195.00
1076.00 1229.00
1399.00 1258.00
1245.00 1256.00
1557.00 1302.00
9.00 1088.00
723.00 1174.00
580.00 1188.00
423.00 1180.00
354.00 1172.00
1148.00 1301.00
680.00 1210.00
93.00 1157.00
194.00 1196.00
292.00 1219.00
1079.00 1331.00
584.00 1262.00
924.00 1313.00
1032.00 1328.00
1150.00 1382.00
141.00 1240.00
680.00 1309.00
728.00 1317.00
840.00 1342.00
822.00 1389.00
1042.00 1441.00
1149.00 1489.00
626.00 1410.00
1011.00 1493.00
57.00 1377.00
892.00 1469.00
1063.00 1514.00
625.00 1462.00
562.00 1459.00
1283.00 1529.00
894.00 1518.00
1012.00 1536.00
1218.00 1562.00
243.00 1499.00
727.00 1538.00
622.00 1531.00
893.00 1560.00
1266.00 1591.00
50.00 1514.00
917.00 1602.00
9.00 1550.00
208.00 1598.00
722.00 1621.00
133.00 1595.00
284.00 1602.00
45.00 1606.00
454.00 1670.00
1378.00 1763.00
46.00 1677.00
658.00 1756.00
461.00 1756.00
197.00 1757.00
387.00 1806.00
1329.00 1896.00
632.00 1989.00
949.00 1967.00
539.00 2016.00
1274.00 2171.00
