1404.00 557.00
1559.00 726.00
804.00 727.00
1031.00 754.00
1100.00 770.00
932.00 782.00
1239.00 826.00
1065.00 821.00
1692.00 887.00
1065.00 863.00
1527.00 900.00
1205.00 900.00
1291.00 965.00
1694.00 938.00
880.00 951.00
1222.00 957.00
1098.00 946.00
1694.00 984.00
772.00 952.00
1750.00 1002.00
1482.00 1038.00
1177.00 990.00
1861.00 1069.00
1256.00 1098.00
1191.00 1078.00
679.00 1058.00
1799.00 1089.00
1698.00 1139.00
1754.00 1120.00
1026.00 1132.00
983.00 1092.00
1239.00 1151.00
852.00 1107.00
1583.00 1181.00
1700.00 1216.00
1390.00 1212.00
1757.00 1199.00
1520.00 1222.00
870.00 1191.00
1897.00 1216.00
1997.00 1220.00
1758.00 1243.00
2024.00 1261.00
1703.00 1314.00
883.00 1247.00
1359.00 1314.00
515.00 1205.00
677.00 1288.00
881.00 1295.00
1444.00 1363.00
987.00 1318.00
1845.00 1394.00
162.00 1285.00
1889.00 1366.00
1202.00 1387.00
718.00 1322.00
16.00 1303.00
1658.00 1462.00
528.00 1411.00
699.00 1404.00
1261.00 1442.00
1788.00 1431.00
279.00 1417.00
50.00 1359.00
142.00 1370.00
192.00 1379.00
1708.00 1465.00
1261.00 1513.00
1954.00 1502.00
1058.00 1527.00
756.00 1452.00
578.00 1496.00
1429.00 1569.00
1499.00 1577.00
1551.00 1583.00
1319.00 1585.00
722.00 1532.00
606.00 1542.00
423.00 1528.00
105.00 1557.00
796.00 1602.00
1262.00 1681.00
987.00 1681.00
1172.00 1715.00
909.00 1741.00
620.00 1709.00
1218.00 1774.00
709.00 1772.00
881.00 1796.00
1117.00 1801.00
1263.00 1805.00
974.00 1817.00
1432.00 1862.00
1375.00 1898.00
1401.00 1962.00
1494.00 1945.00
256.00 1959.00
1973.00 2039.00
1996.00 2110.00
189.00 2228.00
1345.00 2237.00
1936.00 2272.00
42.00 2280.00
131.00 2278.00
181.00 2296.00
435.00 2386.00
311.00 2306.00
1086.00 2457.00
1026.00 2539.00
1080.00 2563.00
