2107.00 9.00
1984.00 29.00
697.00 358.00
828.00 405.00
1658.00 275.00
571.00 461.00
512.00 495.00
656.00 477.00
2052.00 296.00
1340.00 437.00
1819.00 375.00
2151.00 346.00
1362.00 489.00
1309.00 525.00
1527.00 504.00
1436.00 541.00
1363.00 573.00
1498.00 604.00
1213.00 709.00
2060.00 610.00
1442.00 837.00
1159.00 899.00
458.00 1010.00
1029.00 967.00
524.00 1012.00
2135.00 838.00
986.00 980.00
2066.00 886.00
716.00 1039.00
2123.00 892.00
1579.00 966.00
1729.00 952.00
1119.00 1036.00
2073.00 935.00
1530.00 1003.00
1633.00 1000.00
1483.00 1023.00
465.00 1138.00
1044.00 1126.00
962.00 1153.00
1293.00 1125.00
820.00 1193.00
867.00 1167.00
921.00 1157.00
744.00 1204.00
644.00 1218.00
687.00 1231.00
788.00 1234.00
574.00 1249.00
503.00 1266.00
1240.00 1186.00
1291.00 1209.00
1332.00 1203.00
1116.00 1267.00
2005.00 1207.00
865.00 1283.00
809.00 1310.00
917.00 1335.00
548.00 1351.00
1238.00 1301.00
872.00 1337.00
718.00 1356.00
790.00 1354.00
550.00 1404.00
1311.00 1336.00
1106.00 1355.00
2106.00 1292.00
988.00 1404.00
1147.00 1366.00
822.00 1421.00
874.00 1449.00
1399.00 1397.00
2110.00 1348.00
1880.00 1371.00
1237.00 1427.00
541.00 1482.00
1693.00 1388.00
2060.00 1360.00
929.00 1434.00
758.00 1471.00
1458.00 1412.00
799.00 1471.00
1593.00 1410.00
868.00 1490.00
1302.00 1445.00
2114.00 1392.00
1145.00 1479.00
1441.00 1479.00
1644.00 1454.00
629.00 1538.00
1935.00 1457.00
1074.00 1523.00
1779.00 1476.00
991.00 1532.00
917.00 1556.00
1134.00 1535.00
505.00 1584.00
1464.00 1521.00
644.00 1581.00
1891.00 1487.00
1242.00 1559.00
782.00 1617.00
989.00 1592.00
1549.00 1564.00
1487.00 1573.00
1936.00 1538.00
643.00 1627.00
521.00 1636.00
721.00 1632.00
1244.00 1606.00
928.00 1633.00
989.00 1633.00
850.00 1644.00
781.00 1673.00
1463.00 1624.00
1760.00 1608.00
1648.00 1621.00
615.00 1688.00
1523.00 1659.00
850.00 1703.00
1140.00 1722.00
1922.00 1656.00
1064.00 1752.00
1538.00 1727.00
900.00 1744.00
613.00 1807.00
1142.00 1782.00
703.00 1815.00
1503.00 1846.00
581.00 1902.00
1260.00 1872.00
1302.00 1902.00
1073.00 1913.00
709.00 1938.00
1126.00 1930.00
773.00 1956.00
838.00 1952.00
533.00 1965.00
1493.00 1941.00
2100.00 1890.00
914.00 1987.00
1234.00 1964.00
1528.00 1988.00
1036.00 2050.00
1170.00 2026.00
2001.00 2072.00
1889.00 2115.00
1348.00 2185.00
1469.00 2234.00
1467.00 2276.00
1810.00 2276.00
1567.00 2273.00
1412.00 2298.00
1291.00 2306.00
1346.00 2309.00
2020.00 2296.00
2141.00 2324.00
1370.00 2375.00
1914.00 2370.00
877.00 2389.00
1024.00 2395.00
1677.00 2410.00
1864.00 2405.00
1807.00 2445.00
1116.00 2480.00
840.00 2504.00
1697.00 2521.00
923.00 2560.00
1795.00 2566.00
1248.00 2579.00
1980.00 2597.00
676.00 2661.00
