1561.00 543.00
1412.00 569.00
1516.00 577.00
1475.00 584.00
1679.00 672.00
1406.00 681.00
835.00 775.00
1175.00 767.00
1627.00 722.00
1902.00 711.00
1851.00 722.00
1400.00 819.00
1126.00 790.00
1296.00 854.00
1813.00 871.00
1760.00 883.00
858.00 966.00
743.00 1004.00
1169.00 977.00
1332.00 939.00
1399.00 977.00
1592.00 1004.00
1509.00 1020.00
1682.00 981.00
1634.00 989.00
2151.00 956.00
1342.00 1065.00
1281.00 1065.00
2044.00 1001.00
1995.00 1008.00
1064.00 1131.00
1349.00 1122.00
1812.00 1121.00
1769.00 1127.00
1065.00 1178.00
389.00 1167.00
46.00 1258.00
273.00 1232.00
347.00 1226.00
790.00 1207.00
1357.00 1258.00
1610.00 1282.00
1652.00 1277.00
1919.00 1256.00
641.00 1231.00
520.00 1276.00
44.00 1347.00
1358.00 1327.00
434.00 1306.00
97.00 1365.00
1165.00 1322.00
1860.00 1333.00
2001.00 1317.00
1739.00 1339.00
1630.00 1360.00
1364.00 1377.00
2048.00 1340.00
1797.00 1363.00
1458.00 1414.00
242.00 1439.00
1192.00 1363.00
93.00 1457.00
779.00 1406.00
1276.00 1400.00
1367.00 1467.00
1745.00 1421.00
675.00 1477.00
392.00 1479.00
478.00 1438.00
350.00 1495.00
1506.00 1509.00
2111.00 1447.00
2070.00 1448.00
1808.00 1491.00
1993.00 1500.00
1448.00 1514.00
1110.00 1522.00
954.00 1550.00
910.00 1558.00
1374.00 1568.00
2110.00 1522.00
489.00 1591.00
532.00 1573.00
1901.00 1559.00
1572.00 1591.00
1640.00 1590.00
1379.00 1619.00
346.00 1609.00
1892.00 1621.00
1384.00 1692.00
1237.00 1673.00
2061.00 1636.00
2131.00 1612.00
1388.00 1755.00
1657.00 1726.00
2037.00 1688.00
1986.00 1708.00
1248.00 1764.00
1584.00 1754.00
543.00 1810.00
1631.00 1780.00
59.00 1886.00
1397.00 1874.00
1543.00 1837.00
542.00 1890.00
2060.00 1822.00
1213.00 1985.00
1388.00 2017.00
905.00 2116.00
1597.00 2085.00
2094.00 2167.00
