798.00 215.00
829.00 296.00
778.00 276.00
1145.00 228.00
1296.00 182.00
1767.00 63.00
865.00 389.00
1176.00 293.00
1595.00 200.00
904.00 460.00
1710.00 265.00
1118.00 441.00
840.00 520.00
607.00 601.00
1180.00 475.00
1901.00 299.00
1163.00 539.00
1586.00 458.00
861.00 659.00
1307.00 534.00
974.00 641.00
1963.00 446.00
605.00 770.00
1389.00 580.00
1186.00 620.00
516.00 828.00
1086.00 737.00
1700.00 607.00
1152.00 702.00
1339.00 688.00
1656.00 691.00
1203.00 776.00
1313.00 778.00
1875.00 691.00
1979.00 681.00
1485.00 791.00
595.00 998.00
433.00 1033.00
493.00 1048.00
432.00 1082.00
1175.00 971.00
1243.00 964.00
729.00 1106.00
810.00 1108.00
590.00 1150.00
1839.00 983.00
1194.00 1093.00
1969.00 962.00
908.00 1184.00
821.00 1205.00
729.00 1233.00
1861.00 1070.00
476.00 1274.00
659.00 1267.00
1446.00 1167.00
1033.00 1228.00
727.00 1330.00
1137.00 1252.00
550.00 1351.00
1922.00 1213.00
1783.00 1241.00
1786.00 1332.00
1854.00 1345.00
2142.00 1436.00
1552.00 1534.00
1935.00 1473.00
766.00 2353.00
1647.00 2455.00
1391.00 2452.00
1335.00 2794.00
