2091.00 60.00
1652.00 165.00
1827.00 190.00
2101.00 166.00
1615.00 305.00
1765.00 293.00
2106.00 221.00
1765.00 341.00
1991.00 311.00
2135.00 314.00
1574.00 399.00
1998.00 366.00
1748.00 425.00
1136.00 562.00
1945.00 390.00
2103.00 405.00
1888.00 472.00
1041.00 649.00
1637.00 550.00
1691.00 534.00
1120.00 650.00
1032.00 698.00
1655.00 597.00
1986.00 547.00
1095.00 711.00
1016.00 747.00
1891.00 623.00
1793.00 649.00
1600.00 691.00
1736.00 694.00
1031.00 833.00
1520.00 767.00
995.00 904.00
1036.00 912.00
2143.00 732.00
1667.00 857.00
1012.00 979.00
2013.00 849.00
1430.00 938.00
2054.00 865.00
1869.00 876.00
967.00 1045.00
1415.00 981.00
1033.00 1035.00
1650.00 943.00
1500.00 981.00
1556.00 995.00
1501.00 1039.00
1887.00 972.00
1110.00 1105.00
1593.00 1045.00
1353.00 1094.00
1817.00 1040.00
1481.00 1099.00
1319.00 1140.00
985.00 1199.00
1787.00 1102.00
1029.00 1225.00
1101.00 1220.00
2146.00 1115.00
1295.00 1216.00
1349.00 1217.00
1198.00 1236.00
846.00 1288.00
1423.00 1227.00
2012.00 1170.00
1042.00 1283.00
1835.00 1200.00
892.00 1309.00
1411.00 1271.00
1083.00 1307.00
1164.00 1298.00
1285.00 1295.00
1045.00 1358.00
1216.00 1349.00
1269.00 1349.00
861.00 1405.00
1485.00 1345.00
881.00 1448.00
1031.00 1442.00
2019.00 1340.00
980.00 1416.00
1168.00 1491.00
2030.00 1430.00
968.00 1519.00
882.00 1545.00
1131.00 1547.00
1417.00 1533.00
2040.00 1492.00
1563.00 1504.00
1052.00 1613.00
1419.00 1592.00
1480.00 1652.00
1158.00 1706.00
1289.00 1715.00
1739.00 1840.00
2104.00 1860.00
1526.00 1911.00
1830.00 1917.00
1990.00 1926.00
1752.00 1951.00
1107.00 2043.00
1739.00 2072.00
1816.00 2115.00
1726.00 2189.00
1834.00 2325.00
2109.00 2407.00
2116.00 2481.00
