435.00 420.00
1640.00 339.00
488.00 484.00
1156.00 470.00
495.00 709.00
311.00 719.00
1404.00 662.00
990.00 725.00
678.00 770.00
336.00 811.00
13.00 969.00
1573.00 879.00
143.00 980.00
196.00 990.00
281.00 979.00
1162.00 957.00
1644.00 953.00
504.00 1024.00
168.00 1071.00
991.00 1066.00
1060.00 1054.00
1955.00 1009.00
104.00 1109.00
1202.00 1077.00
308.00 1182.00
604.00 1147.00
1765.00 1107.00
178.00 1200.00
818.00 1171.00
1110.00 1182.00
655.00 1204.00
1033.00 1188.00
401.00 1211.00
521.00 1219.00
2119.00 1175.00
1768.00 1210.00
302.00 1313.00
458.00 1296.00
514.00 1285.00
867.00 1286.00
1709.00 1233.00
1828.00 1281.00
1155.00 1281.00
1647.00 1261.00
2090.00 1239.00
551.00 1355.00
2139.00 1314.00
1218.00 1313.00
1801.00 1331.00
1069.00 1341.00
882.00 1375.00
456.00 1384.00
1496.00 1348.00
1438.00 1353.00
643.00 1405.00
2034.00 1374.00
1717.00 1391.00
550.00 1444.00
2079.00 1358.00
1350.00 1416.00
642.00 1478.00
1845.00 1422.00
431.00 1506.00
1265.00 1456.00
516.00 1511.00
740.00 1462.00
1111.00 1491.00
1769.00 1453.00
640.00 1552.00
1340.00 1514.00
1931.00 1518.00
1162.00 1532.00
1227.00 1530.00
358.00 1571.00
1273.00 1546.00
1862.00 1510.00
429.00 1591.00
1766.00 1529.00
513.00 1575.00
1115.00 1560.00
104.00 1632.00
639.00 1598.00
1581.00 1569.00
1839.00 1597.00
1015.00 1596.00
430.00 1645.00
1348.00 1595.00
1266.00 1611.00
641.00 1639.00
966.00 1624.00
1590.00 1637.00
282.00 1677.00
1774.00 1629.00
706.00 1659.00
1964.00 1638.00
872.00 1656.00
1714.00 1639.00
795.00 1689.00
1467.00 1719.00
1914.00 1695.00
1541.00 1692.00
1661.00 1695.00
1170.00 1739.00
1539.00 1758.00
440.00 1888.00
1065.00 1946.00
1199.00 1940.00
307.00 2003.00
995.00 1980.00
2135.00 2208.00
1262.00 2292.00
1906.00 2317.00
1527.00 2468.00
