2047.00 89.00
1964.00 112.00
2099.00 112.00
1379.00 372.00
2022.00 336.00
1009.00 608.00
984.00 676.00
1111.00 645.00
1068.00 665.00
936.00 664.00
666.00 693.00
1214.00 672.00
1009.00 721.00
1911.00 561.00
1387.00 703.00
853.00 756.00
1260.00 716.00
897.00 769.00
1210.00 756.00
1388.00 749.00
688.00 817.00
1269.00 797.00
1318.00 826.00
1391.00 804.00
1254.00 840.00
1079.00 869.00
1140.00 862.00
1212.00 856.00
889.00 866.00
1470.00 836.00
1024.00 901.00
1838.00 817.00
1223.00 899.00
914.00 943.00
1392.00 855.00
846.00 934.00
764.00 913.00
1386.00 960.00
1473.00 928.00
836.00 1011.00
1738.00 878.00
626.00 987.00
670.00 990.00
1323.00 952.00
1931.00 913.00
1866.00 912.00
1473.00 969.00
1806.00 933.00
1117.00 1037.00
1199.00 1029.00
1957.00 957.00
651.00 1051.00
1400.00 1024.00
1044.00 1070.00
990.00 1083.00
1764.00 1000.00
867.00 1093.00
1123.00 1083.00
1043.00 1135.00
1450.00 1075.00
909.00 1141.00
1794.00 1065.00
1246.00 1143.00
2095.00 1072.00
853.00 1181.00
1933.00 1095.00
1501.00 1135.00
2030.00 1116.00
898.00 1216.00
1336.00 1177.00
1228.00 1230.00
1406.00 1216.00
1758.00 1178.00
1106.00 1227.00
1290.00 1236.00
1666.00 1174.00
2075.00 1168.00
1760.00 1219.00
1366.00 1270.00
876.00 1281.00
836.00 1322.00
1407.00 1274.00
1125.00 1293.00
967.00 1308.00
1865.00 1269.00
1310.00 1315.00
1607.00 1285.00
1396.00 1336.00
1767.00 1320.00
993.00 1375.00
1074.00 1388.00
1318.00 1377.00
1244.00 1389.00
1370.00 1392.00
994.00 1433.00
1414.00 1416.00
724.00 1441.00
934.00 1452.00
1284.00 1444.00
1036.00 1446.00
592.00 1460.00
2016.00 1439.00
1379.00 1466.00
1648.00 1451.00
1458.00 1459.00
996.00 1509.00
913.00 1515.00
1420.00 1502.00
2105.00 1481.00
1958.00 1479.00
1372.00 1526.00
1652.00 1508.00
714.00 1541.00
1420.00 1544.00
1095.00 1551.00
1327.00 1534.00
1915.00 1526.00
1283.00 1546.00
1784.00 1558.00
1502.00 1612.00
1124.00 1597.00
1165.00 1564.00
1556.00 1585.00
1786.00 1601.00
1724.00 1604.00
1271.00 1627.00
1312.00 1631.00
1586.00 1633.00
1628.00 1642.00
2107.00 1650.00
1468.00 1658.00
1228.00 1679.00
1513.00 1675.00
1373.00 1665.00
1837.00 1669.00
806.00 1694.00
997.00 1734.00
1170.00 1733.00
873.00 1738.00
1381.00 1738.00
1336.00 1754.00
1670.00 1802.00
1720.00 1802.00
1964.00 1803.00
1297.00 1801.00
1434.00 1818.00
1364.00 1824.00
2128.00 1830.00
1490.00 1856.00
1946.00 1849.00
1998.00 1856.00
2083.00 1857.00
2042.00 1865.00
2142.00 1871.00
1721.00 1881.00
1364.00 1870.00
2001.00 1902.00
2056.00 1925.00
1674.00 1915.00
1175.00 1914.00
1973.00 1960.00
1440.00 1959.00
1391.00 1961.00
1917.00 1990.00
1393.00 2014.00
1653.00 2031.00
1942.00 2052.00
1425.00 2059.00
2012.00 2080.00
1640.00 2094.00
1584.00 2097.00
735.00 2076.00
1418.00 2125.00
1661.00 2142.00
1708.00 2146.00
1182.00 2139.00
1450.00 2174.00
1881.00 2178.00
1763.00 2190.00
1665.00 2190.00
1710.00 2198.00
1403.00 2191.00
1537.00 2206.00
1000.00 2207.00
1884.00 2227.00
2104.00 2230.00
1994.00 2231.00
2125.00 2281.00
1684.00 2278.00
1619.00 2320.00
1964.00 2338.00
2025.00 2349.00
2083.00 2359.00
1773.00 2382.00
1383.00 2407.00
2111.00 2448.00
1373.00 2491.00
650.00 2504.00
736.00 2587.00
1286.00 2675.00
