790.00 63.00
751.00 113.00
786.00 177.00
57.00 435.00
1139.00 629.00
224.00 707.00
381.00 708.00
381.00 860.00
1603.00 960.00
1607.00 1001.00
1695.00 1036.00
1607.00 1042.00
1034.00 1015.00
1166.00 1056.00
1391.00 1086.00
1788.00 1113.00
1546.00 1104.00
470.00 1033.00
1612.00 1123.00
1068.00 1105.00
1303.00 1122.00
1697.00 1160.00
1613.00 1164.00
201.00 1100.00
1340.00 1178.00
359.00 1115.00
1227.00 1178.00
1547.00 1185.00
1659.00 1203.00
1615.00 1206.00
1464.00 1206.00
1701.00 1243.00
1658.00 1245.00
1615.00 1247.00
1552.00 1265.00
742.00 1238.00
1087.00 1248.00
244.00 1202.00
1619.00 1288.00
1038.00 1288.00
13.00 1237.00
416.00 1266.00
537.00 1281.00
240.00 1308.00
152.00 1300.00
406.00 1318.00
1040.00 1348.00
363.00 1318.00
591.00 1345.00
1168.00 1403.00
61.00 1333.00
513.00 1375.00
1016.00 1415.00
1439.00 1444.00
1105.00 1443.00
1736.00 1470.00
99.00 1408.00
1183.00 1455.00
973.00 1427.00
335.00 1432.00
382.00 1435.00
1040.00 1471.00
29.00 1431.00
209.00 1452.00
739.00 1495.00
577.00 1519.00
1476.00 1546.00
452.00 1534.00
16.00 1523.00
1740.00 1569.00
129.00 1572.00
12.00 1580.00
473.00 1604.00
483.00 1706.00
133.00 1667.00
985.00 1702.00
1261.00 1699.00
1374.00 1742.00
412.00 1748.00
1279.00 1743.00
1226.00 1753.00
1425.00 1793.00
1106.00 1797.00
488.00 1811.00
1266.00 1800.00
1370.00 1803.00
1455.00 1839.00
1233.00 1854.00
1496.00 1854.00
1601.00 1866.00
211.00 1881.00
729.00 1923.00
839.00 1902.00
974.00 1926.00
286.00 1946.00
340.00 1952.00
1448.00 1953.00
549.00 1963.00
728.00 1972.00
975.00 1985.00
162.00 1987.00
505.00 1996.00
235.00 1993.00
1254.00 1997.00
1450.00 1996.00
1356.00 1997.00
1593.00 1998.00
1877.00 1998.00
378.00 2011.00
1687.00 2051.00
975.00 2036.00
1062.00 2072.00
1357.00 2045.00
1000.00 2099.00
1454.00 2103.00
1503.00 2104.00
1558.00 2101.00
1628.00 2103.00
1669.00 2104.00
1775.00 2103.00
1825.00 2104.00
1120.00 2115.00
976.00 2171.00
1297.00 2148.00
161.00 2176.00
219.00 2195.00
393.00 2194.00
1185.00 2180.00
1301.00 2207.00
1257.00 2206.00
1358.00 2207.00
1416.00 2205.00
1459.00 2206.00
695.00 2201.00
1673.00 2208.00
1782.00 2210.00
220.00 2252.00
1604.00 2216.00
975.00 2264.00
160.00 2275.00
289.00 2279.00
458.00 2277.00
215.00 2299.00
1515.00 2255.00
824.00 2285.00
1143.00 2305.00
285.00 2331.00
1184.00 2312.00
163.00 2347.00
457.00 2345.00
975.00 2360.00
1568.00 2315.00
1430.00 2331.00
91.00 2338.00
360.00 2367.00
1270.00 2338.00
1186.00 2367.00
1058.00 2383.00
147.00 2430.00
217.00 2432.00
502.00 2432.00
283.00 2449.00
976.00 2457.00
1178.00 2419.00
1261.00 2420.00
1366.00 2422.00
1583.00 2415.00
228.00 2490.00
1678.00 2427.00
76.00 2502.00
382.00 2518.00
1369.00 2484.00
93.00 2559.00
975.00 2552.00
161.00 2555.00
502.00 2520.00
229.00 2572.00
1262.00 2529.00
1370.00 2530.00
1329.00 2534.00
1470.00 2534.00
1519.00 2533.00
1577.00 2533.00
1636.00 2539.00
131.00 2636.00
536.00 2615.00
224.00 2635.00
1066.00 2590.00
1187.00 2583.00
716.00 2678.00
976.00 2649.00
1115.00 2610.00
382.00 2679.00
317.00 2695.00
1267.00 2640.00
1370.00 2644.00
977.00 2722.00
1473.00 2647.00
374.00 2736.00
418.00 2725.00
1590.00 2652.00
1065.00 2691.00
1803.00 2663.00
175.00 2771.00
113.00 2790.00
261.00 2783.00
1589.00 2701.00
31.00 2802.00
588.00 2790.00
1186.00 2746.00
219.00 2822.00
1021.00 2795.00
615.00 2831.00
379.00 2852.00
328.00 2867.00
1597.00 2768.00
1710.00 2770.00
1161.00 2816.00
