1158.00 367.00
2079.00 255.00
2033.00 264.00
1828.00 305.00
876.00 432.00
1675.00 336.00
1247.00 405.00
963.00 448.00
1178.00 437.00
639.00 501.00
1839.00 436.00
1556.00 426.00
1086.00 531.00
860.00 546.00
929.00 528.00
1236.00 517.00
1584.00 518.00
1174.00 549.00
1448.00 523.00
838.00 610.00
936.00 587.00
1298.00 597.00
2106.00 520.00
1851.00 562.00
1690.00 589.00
1074.00 625.00
1575.00 584.00
139.00 689.00
1410.00 624.00
1516.00 626.00
2112.00 578.00
863.00 700.00
1580.00 649.00
1931.00 652.00
1440.00 686.00
1253.00 718.00
390.00 762.00
2122.00 669.00
272.00 779.00
1568.00 717.00
1452.00 733.00
1392.00 759.00
1182.00 734.00
1255.00 765.00
566.00 788.00
937.00 777.00
1331.00 768.00
1590.00 765.00
1537.00 790.00
323.00 816.00
1448.00 802.00
1403.00 808.00
233.00 848.00
2131.00 746.00
1067.00 798.00
447.00 824.00
1894.00 814.00
1301.00 840.00
1626.00 839.00
566.00 874.00
1024.00 898.00
615.00 876.00
296.00 923.00
2141.00 840.00
26.00 942.00
1585.00 880.00
174.00 964.00
644.00 924.00
365.00 967.00
1073.00 959.00
2146.00 881.00
94.00 977.00
519.00 960.00
943.00 992.00
1284.00 959.00
1952.00 940.00
1477.00 976.00
320.00 972.00
406.00 1023.00
690.00 997.00
984.00 1002.00
778.00 998.00
752.00 1045.00
673.00 1054.00
1641.00 1026.00
1810.00 1091.00
516.00 1105.00
729.00 1111.00
1209.00 1153.00
259.00 1172.00
660.00 1178.00
906.00 1170.00
321.00 1190.00
99.00 1215.00
1030.00 1174.00
547.00 1210.00
79.00 1280.00
926.00 1223.00
212.00 1246.00
1915.00 1230.00
258.00 1251.00
872.00 1214.00
1268.00 1208.00
1658.00 1254.00
979.00 1214.00
619.00 1261.00
404.00 1293.00
349.00 1298.00
243.00 1309.00
547.00 1284.00
1305.00 1270.00
1152.00 1267.00
1921.00 1289.00
295.00 1337.00
968.00 1363.00
992.00 1301.00
1445.00 1291.00
61.00 1412.00
1661.00 1307.00
1350.00 1335.00
1233.00 1346.00
816.00 1380.00
558.00 1401.00
1082.00 1366.00
1061.00 1419.00
789.00 1435.00
674.00 1472.00
958.00 1467.00
829.00 1477.00
1157.00 1477.00
1360.00 1483.00
1734.00 1527.00
1944.00 1527.00
1879.00 1531.00
1681.00 1543.00
943.00 1530.00
845.00 1537.00
1067.00 1544.00
1158.00 1520.00
895.00 1547.00
380.00 1592.00
500.00 1586.00
563.00 1594.00
789.00 1582.00
785.00 1623.00
1070.00 1601.00
499.00 1695.00
716.00 1788.00
785.00 1842.00
525.00 1931.00
726.00 1936.00
785.00 1968.00
470.00 2049.00
806.00 2159.00
944.00 2157.00
1325.00 2165.00
1171.00 2274.00
1252.00 2276.00
1362.00 2334.00
1418.00 2336.00
821.00 2440.00
