1104.00 729.00
1233.00 722.00
879.00 758.00
833.00 778.00
521.00 669.00
904.00 804.00
1241.00 804.00
1026.00 837.00
787.00 841.00
946.00 851.00
613.00 813.00
1120.00 885.00
884.00 867.00
1076.00 832.00
932.00 900.00
727.00 930.00
1247.00 954.00
620.00 916.00
957.00 971.00
720.00 985.00
1002.00 989.00
1183.00 980.00
535.00 981.00
1125.00 992.00
1079.00 1002.00
1170.00 1042.00
746.00 1069.00
813.00 1069.00
684.00 1081.00
870.00 1080.00
893.00 1016.00
995.00 1065.00
65.00 1090.00
1103.00 1103.00
536.00 1072.00
825.00 1115.00
1158.00 1106.00
908.00 1129.00
668.00 1186.00
1252.00 1173.00
826.00 1191.00
922.00 1241.00
781.00 1224.00
1131.00 1223.00
381.00 1125.00
835.00 1246.00
681.00 1281.00
1206.00 1270.00
791.00 1292.00
275.00 1187.00
870.00 1319.00
527.00 1277.00
1230.00 1320.00
1188.00 1326.00
1296.00 1311.00
112.00 1243.00
808.00 1356.00
479.00 1261.00
1113.00 1365.00
239.00 1252.00
929.00 1375.00
1037.00 1383.00
355.00 1280.00
181.00 1264.00
883.00 1396.00
285.00 1293.00
755.00 1397.00
837.00 1402.00
731.00 1443.00
993.00 1434.00
1036.00 1449.00
948.00 1458.00
355.00 1466.00
690.00 1451.00
425.00 1492.00
279.00 1402.00
660.00 1495.00
1244.00 1549.00
967.00 1503.00
469.00 1514.00
770.00 1554.00
840.00 1573.00
908.00 1577.00
584.00 1626.00
430.00 1640.00
1054.00 1602.00
865.00 1614.00
932.00 1624.00
598.00 1697.00
1212.00 1632.00
1068.00 1654.00
1306.00 1681.00
1238.00 1685.00
1195.00 1687.00
115.00 1729.00
1132.00 1746.00
1617.00 1745.00
1104.00 1823.00
1727.00 1807.00
1832.00 1819.00
976.00 1897.00
791.00 1916.00
1179.00 1926.00
1321.00 2081.00
959.00 2070.00
1323.00 2154.00
1174.00 2355.00
1644.00 2412.00
1265.00 2395.00
1635.00 2475.00
1339.00 2501.00
1124.00 2568.00
