2055.00 214.00
656.00 257.00
738.00 242.00
1255.00 340.00
1343.00 359.00
1040.00 402.00
147.00 381.00
749.00 381.00
1173.00 502.00
673.00 410.00
770.00 431.00
1561.00 587.00
1496.00 605.00
1834.00 648.00
1446.00 645.00
1497.00 656.00
1397.00 688.00
1348.00 661.00
1448.00 687.00
1500.00 711.00
1252.00 695.00
1350.00 714.00
1304.00 764.00
1491.00 760.00
1361.00 757.00
1078.00 736.00
1121.00 760.00
1184.00 764.00
1257.00 767.00
1546.00 782.00
1025.00 758.00
954.00 768.00
1352.00 811.00
1078.00 795.00
1306.00 815.00
836.00 783.00
1028.00 842.00
1122.00 808.00
1531.00 842.00
1402.00 812.00
1481.00 873.00
1238.00 844.00
885.00 837.00
926.00 811.00
1352.00 861.00
1123.00 862.00
1739.00 918.00
954.00 872.00
875.00 893.00
663.00 892.00
725.00 898.00
591.00 897.00
1123.00 906.00
1459.00 958.00
1407.00 949.00
1357.00 948.00
924.00 922.00
875.00 945.00
1214.00 952.00
486.00 953.00
1052.00 971.00
1309.00 961.00
534.00 957.00
1557.00 993.00
365.00 953.00
915.00 1000.00
304.00 978.00
754.00 990.00
837.00 1004.00
1408.00 1001.00
1246.00 1011.00
956.00 1033.00
421.00 988.00
485.00 997.00
1559.00 1037.00
701.00 996.00
1039.00 1049.00
1263.00 1061.00
1460.00 1040.00
620.00 1026.00
876.00 1054.00
527.00 1040.00
823.00 1064.00
1411.00 1070.00
707.00 1065.00
1039.00 1092.00
1480.00 1105.00
480.00 1095.00
771.00 1078.00
1265.00 1122.00
1362.00 1137.00
1562.00 1101.00
1082.00 1097.00
1171.00 1114.00
1412.00 1133.00
615.00 1127.00
330.00 1130.00
833.00 1131.00
1895.00 1173.00
945.00 1149.00
1467.00 1173.00
1568.00 1185.00
490.00 1159.00
1314.00 1201.00
1218.00 1206.00
2015.00 1225.00
1691.00 1196.00
1172.00 1201.00
1364.00 1219.00
956.00 1196.00
1627.00 1241.00
194.00 1181.00
649.00 1191.00
1469.00 1289.00
1101.00 1210.00
1254.00 1279.00
997.00 1248.00
1173.00 1281.00
541.00 1239.00
1366.00 1302.00
589.00 1245.00
660.00 1245.00
1128.00 1293.00
820.00 1262.00
491.00 1268.00
1317.00 1336.00
1853.00 1353.00
759.00 1290.00
707.00 1294.00
931.00 1307.00
999.00 1310.00
1638.00 1358.00
604.00 1307.00
877.00 1322.00
1257.00 1339.00
1419.00 1354.00
489.00 1327.00
1084.00 1339.00
1750.00 1387.00
68.00 1318.00
1862.00 1404.00
1562.00 1371.00
1127.00 1368.00
1473.00 1394.00
956.00 1372.00
1175.00 1382.00
323.00 1420.00
774.00 1376.00
450.00 1387.00
1475.00 1446.00
1553.00 1426.00
1121.00 1427.00
1369.00 1424.00
1422.00 1475.00
227.00 1408.00
756.00 1449.00
1040.00 1451.00
915.00 1476.00
1477.00 1504.00
833.00 1466.00
1176.00 1474.00
1581.00 1482.00
1261.00 1503.00
506.00 1472.00
1130.00 1512.00
997.00 1477.00
756.00 1513.00
1425.00 1520.00
1479.00 1552.00
1211.00 1534.00
1273.00 1566.00
1482.00 1605.00
1163.00 1595.00
913.00 1585.00
1484.00 1646.00
1323.00 1610.00
1416.00 1625.00
1086.00 1635.00
1068.00 1679.00
1648.00 1677.00
1178.00 1654.00
1701.00 1689.00
913.00 1634.00
1430.00 1675.00
1739.00 1731.00
1486.00 1695.00
1226.00 1656.00
1131.00 1701.00
983.00 1678.00
1179.00 1715.00
1488.00 1743.00
911.00 1759.00
1180.00 1783.00
1132.00 1799.00
489.00 1860.00
1059.00 2062.00
1117.00 2071.00
1222.00 2127.00
1161.00 2097.00
935.00 2163.00
1613.00 2193.00
1529.00 2276.00
1918.00 2275.00
982.00 2285.00
1923.00 2342.00
1046.00 2349.00
1450.00 2389.00
104.00 2423.00
1742.00 2415.00
950.00 2431.00
1314.00 2438.00
1375.00 2436.00
1111.00 2473.00
932.00 2539.00
1181.00 2568.00
1892.00 2673.00
979.00 2649.00
1835.00 2800.00
