64.00 424.00
105.00 434.00
1029.00 621.00
1407.00 647.00
617.00 613.00
847.00 635.00
1267.00 722.00
50.00 586.00
931.00 672.00
1321.00 746.00
624.00 661.00
304.00 655.00
1044.00 717.00
421.00 670.00
814.00 726.00
10.00 648.00
1203.00 783.00
575.00 699.00
912.00 747.00
742.00 738.00
650.00 736.00
478.00 721.00
407.00 719.00
1259.00 806.00
1184.00 832.00
1336.00 855.00
744.00 801.00
912.00 801.00
394.00 766.00
565.00 791.00
804.00 824.00
306.00 796.00
481.00 837.00
391.00 842.00
752.00 859.00
541.00 892.00
591.00 903.00
726.00 944.00
1377.00 1009.00
1078.00 982.00
908.00 996.00
830.00 993.00
978.00 1022.00
162.00 953.00
388.00 1005.00
1241.00 1082.00
680.00 1033.00
579.00 1032.00
852.00 1063.00
1392.00 1110.00
243.00 1020.00
1284.00 1127.00
578.00 1084.00
916.00 1123.00
858.00 1132.00
811.00 1129.00
16.00 1067.00
308.00 1103.00
1452.00 1203.00
940.00 1167.00
713.00 1154.00
32.00 1134.00
84.00 1139.00
1015.00 1226.00
761.00 1208.00
291.00 1176.00
510.00 1215.00
1216.00 1225.00
855.00 1235.00
698.00 1243.00
1242.00 1286.00
1106.00 1312.00
12.00 1231.00
301.00 1290.00
1016.00 1335.00
1154.00 1359.00
528.00 1327.00
10.00 1307.00
64.00 1299.00
694.00 1351.00
266.00 1381.00
88.00 1389.00
243.00 1424.00
1057.00 1473.00
18.00 1433.00
288.00 1453.00
1226.00 1519.00
479.00 1482.00
738.00 1494.00
397.00 1494.00
1162.00 1578.00
646.00 1517.00
1287.00 1547.00
67.00 1514.00
906.00 1547.00
522.00 1538.00
237.00 1533.00
371.00 1557.00
303.00 1587.00
411.00 1607.00
287.00 1642.00
356.00 1690.00
420.00 1709.00
436.00 1750.00
803.00 1764.00
979.00 1762.00
283.00 1766.00
147.00 1805.00
184.00 2276.00
1032.00 2261.00
593.00 2368.00
886.00 2338.00
1267.00 2440.00
772.00 2431.00
963.00 2732.00
581.00 2854.00
