231.00 356.00
311.00 600.00
766.00 729.00
250.00 751.00
478.00 901.00
62.00 880.00
291.00 925.00
1490.00 1013.00
55.00 976.00
234.00 998.00
477.00 1082.00
568.00 1143.00
784.00 1153.00
103.00 1122.00
61.00 1107.00
274.00 1182.00
546.00 1202.00
1145.00 1227.00
356.00 1222.00
964.00 1257.00
760.00 1251.00
80.00 1279.00
169.00 1302.00
659.00 1321.00
1510.00 1330.00
945.00 1326.00
586.00 1345.00
496.00 1319.00
303.00 1400.00
571.00 1400.00
497.00 1400.00
217.00 1418.00
44.00 1411.00
690.00 1418.00
261.00 1446.00
214.00 1462.00
1163.00 1472.00
1247.00 1482.00
807.00 1521.00
1021.00 1515.00
1567.00 1526.00
66.00 1519.00
358.00 1520.00
889.00 1531.00
673.00 1603.00
1398.00 1592.00
394.00 1565.00
809.00 1579.00
257.00 1607.00
40.00 1650.00
533.00 1728.00
224.00 1704.00
276.00 1744.00
580.00 1739.00
229.00 1815.00
183.00 1855.00
60.00 1887.00
824.00 1904.00
447.00 1964.00
861.00 2011.00
372.00 1997.00
151.00 2024.00
344.00 2045.00
610.00 2056.00
110.00 2094.00
450.00 2106.00
787.00 2179.00
373.00 2215.00
137.00 2237.00
595.00 2231.00
488.00 2228.00
714.00 2311.00
523.00 2317.00
603.00 2345.00
288.00 2382.00
680.00 2386.00
638.00 2400.00
