1475.00 141.00
1425.00 181.00
1342.00 231.00
1427.00 242.00
1695.00 230.00
1304.00 330.00
1363.00 324.00
1762.00 242.00
1287.00 373.00
1019.00 427.00
1967.00 276.00
1633.00 356.00
1677.00 375.00
621.00 524.00
2095.00 292.00
1933.00 317.00
712.00 534.00
1338.00 445.00
1883.00 364.00
1640.00 427.00
670.00 578.00
1902.00 441.00
686.00 642.00
1592.00 584.00
644.00 721.00
686.00 704.00
1651.00 590.00
1179.00 649.00
1722.00 588.00
1994.00 596.00
2092.00 605.00
1145.00 734.00
1568.00 693.00
1519.00 689.00
1795.00 706.00
1175.00 804.00
929.00 832.00
663.00 864.00
704.00 866.00
1455.00 781.00
1662.00 764.00
1766.00 778.00
1420.00 833.00
691.00 916.00
1086.00 889.00
1667.00 861.00
1138.00 892.00
1616.00 843.00
1527.00 864.00
1383.00 887.00
1443.00 884.00
688.00 967.00
880.00 947.00
1878.00 856.00
1745.00 840.00
1834.00 861.00
1349.00 935.00
1672.00 910.00
2032.00 849.00
1442.00 946.00
713.00 1021.00
1776.00 939.00
1839.00 904.00
1973.00 922.00
1144.00 1004.00
2086.00 922.00
1930.00 936.00
2038.00 933.00
1243.00 986.00
1090.00 1038.00
1835.00 978.00
1753.00 990.00
1449.00 1025.00
1384.00 1041.00
1532.00 1029.00
769.00 1104.00
891.00 1094.00
952.00 1060.00
1899.00 999.00
1101.00 1092.00
1678.00 1034.00
1637.00 1039.00
1191.00 1119.00
1281.00 1114.00
652.00 1152.00
855.00 1154.00
1776.00 1063.00
1517.00 1101.00
1735.00 1065.00
1564.00 1097.00
909.00 1159.00
1345.00 1109.00
1838.00 1086.00
1452.00 1130.00
1147.00 1135.00
1402.00 1128.00
752.00 1214.00
1955.00 1098.00
578.00 1206.00
1260.00 1167.00
1790.00 1116.00
1572.00 1146.00
837.00 1212.00
897.00 1217.00
1127.00 1224.00
948.00 1209.00
703.00 1237.00
1517.00 1176.00
1048.00 1215.00
1193.00 1208.00
1684.00 1150.00
1239.00 1210.00
1349.00 1196.00
618.00 1272.00
1452.00 1200.00
1743.00 1173.00
748.00 1255.00
1391.00 1172.00
1936.00 1160.00
1617.00 1191.00
660.00 1263.00
793.00 1219.00
842.00 1263.00
1002.00 1260.00
1306.00 1222.00
1520.00 1252.00
1372.00 1250.00
1260.00 1255.00
1691.00 1251.00
1424.00 1261.00
1634.00 1246.00
1981.00 1204.00
797.00 1295.00
1465.00 1263.00
1068.00 1278.00
623.00 1326.00
993.00 1316.00
890.00 1327.00
1556.00 1299.00
752.00 1350.00
709.00 1353.00
1042.00 1335.00
1263.00 1328.00
1479.00 1311.00
1670.00 1307.00
1119.00 1343.00
640.00 1383.00
1403.00 1305.00
1598.00 1337.00
797.00 1387.00
1501.00 1355.00
599.00 1407.00
1859.00 1324.00
1119.00 1388.00
1798.00 1348.00
838.00 1412.00
1355.00 1393.00
738.00 1426.00
780.00 1434.00
1396.00 1376.00
930.00 1413.00
1198.00 1408.00
1700.00 1388.00
1655.00 1391.00
1561.00 1400.00
1266.00 1428.00
1070.00 1433.00
2002.00 1420.00
1913.00 1400.00
931.00 1486.00
1702.00 1441.00
1264.00 1485.00
874.00 1485.00
1072.00 1476.00
1431.00 1464.00
1365.00 1469.00
1544.00 1474.00
1031.00 1509.00
767.00 1510.00
1417.00 1509.00
1132.00 1538.00
1348.00 1542.00
862.00 1556.00
821.00 1545.00
1997.00 1515.00
1186.00 1543.00
2073.00 1496.00
1708.00 1530.00
903.00 1572.00
634.00 1591.00
695.00 1604.00
788.00 1588.00
2093.00 1559.00
847.00 1603.00
1490.00 1596.00
1646.00 1574.00
899.00 1628.00
999.00 1625.00
1888.00 1620.00
1587.00 1627.00
1836.00 1631.00
1716.00 1652.00
1650.00 1637.00
839.00 1679.00
1203.00 1651.00
2085.00 1654.00
1006.00 1681.00
2010.00 1666.00
1959.00 1674.00
1594.00 1696.00
655.00 1717.00
1775.00 1703.00
730.00 1729.00
1135.00 1719.00
2111.00 1714.00
1700.00 1752.00
977.00 1798.00
679.00 1778.00
1069.00 1776.00
1136.00 1766.00
928.00 1789.00
1205.00 1766.00
1021.00 1800.00
679.00 1824.00
921.00 1832.00
1021.00 1842.00
2105.00 1874.00
1728.00 1856.00
893.00 1880.00
1079.00 1986.00
1791.00 2007.00
1743.00 2060.00
2126.00 2106.00
1029.00 2073.00
1752.00 2139.00
1808.00 2143.00
2145.00 2186.00
2016.00 2329.00
2082.00 2353.00
1859.00 2345.00
1830.00 2600.00
1875.00 2629.00
