1267.00 630.00
254.00 602.00
1782.00 811.00
1149.00 841.00
1601.00 866.00
914.00 901.00
1847.00 994.00
1669.00 1001.00
1355.00 1090.00
271.00 1213.00
1459.00 1119.00
899.00 1271.00
379.00 1392.00
1790.00 1408.00
1237.00 1596.00
1784.00 1685.00
1513.00 1761.00
1714.00 1781.00
1207.00 1831.00
906.00 1832.00
1804.00 1928.00
1692.00 1950.00
1794.00 1971.00
1580.00 2009.00
1138.00 2018.00
1540.00 2054.00
1734.00 2066.00
1615.00 2072.00
899.00 2117.00
795.00 2137.00
1497.00 2124.00
1131.00 2151.00
1651.00 2161.00
1416.00 2189.00
1147.00 2214.00
1072.00 2239.00
988.00 2229.00
932.00 2240.00
933.00 2283.00
