2108.00 552.00
2114.00 660.00
2124.00 763.00
390.00 842.00
1418.00 918.00
511.00 918.00
2020.00 954.00
2094.00 961.00
263.00 906.00
370.00 982.00
523.00 1003.00
848.00 1000.00
1244.00 1033.00
1344.00 1040.00
990.00 1043.00
564.00 1030.00
65.00 1019.00
414.00 1033.00
1151.00 1105.00
95.00 1104.00
833.00 1141.00
1962.00 1188.00
372.00 1132.00
1115.00 1184.00
105.00 1225.00
2069.00 1284.00
1872.00 1323.00
513.00 1281.00
327.00 1325.00
696.00 1387.00
1025.00 1415.00
1338.00 1432.00
1026.00 1487.00
1255.00 1509.00
1169.00 2059.00
484.00 2176.00
1737.00 2145.00
445.00 2307.00
1701.00 2335.00
1480.00 2344.00
1819.00 2376.00
