218.00 374.00
1024.00 375.00
1708.00 294.00
803.00 376.00
2077.00 307.00
2020.00 342.00
220.00 513.00
2144.00 374.00
223.00 564.00
2142.00 430.00
943.00 538.00
1873.00 597.00
1605.00 604.00
470.00 707.00
845.00 697.00
1441.00 662.00
670.00 715.00
575.00 721.00
1660.00 694.00
689.00 765.00
491.00 786.00
856.00 767.00
581.00 801.00
420.00 818.00
1257.00 779.00
1809.00 745.00
1524.00 786.00
1165.00 826.00
593.00 844.00
1684.00 795.00
342.00 887.00
414.00 898.00
1325.00 847.00
938.00 876.00
1370.00 855.00
1151.00 889.00
334.00 928.00
1439.00 875.00
1942.00 873.00
2013.00 915.00
1327.00 892.00
455.00 971.00
605.00 967.00
500.00 978.00
1655.00 954.00
952.00 975.00
843.00 1008.00
495.00 1060.00
657.00 1056.00
920.00 1060.00
284.00 1090.00
555.00 1107.00
1523.00 1102.00
865.00 1109.00
2016.00 1058.00
992.00 1114.00
1043.00 1108.00
407.00 1138.00
1775.00 1088.00
1584.00 1110.00
820.00 1140.00
336.00 1174.00
1253.00 1142.00
390.00 1204.00
441.00 1217.00
501.00 1203.00
1609.00 1184.00
1310.00 1210.00
1183.00 1216.00
423.00 1258.00
800.00 1258.00
907.00 1257.00
1330.00 1251.00
1908.00 1245.00
999.00 1290.00
399.00 1308.00
1456.00 1273.00
1779.00 1263.00
786.00 1303.00
1698.00 1299.00
860.00 1312.00
1078.00 1329.00
1763.00 1316.00
1270.00 1329.00
650.00 1365.00
1340.00 1350.00
1381.00 1351.00
730.00 1374.00
516.00 1385.00
1078.00 1370.00
817.00 1389.00
431.00 1408.00
998.00 1387.00
2134.00 1405.00
883.00 1414.00
1241.00 1391.00
668.00 1439.00
939.00 1440.00
999.00 1461.00
843.00 1474.00
950.00 1482.00
563.00 1462.00
1079.00 1504.00
1138.00 1507.00
383.00 1524.00
424.00 1527.00
493.00 1556.00
782.00 1566.00
384.00 1568.00
445.00 1580.00
1170.00 1567.00
589.00 1575.00
1034.00 1587.00
890.00 1580.00
938.00 1612.00
360.00 1624.00
1891.00 1644.00
1645.00 1648.00
1978.00 1659.00
912.00 1685.00
682.00 1678.00
507.00 1684.00
826.00 1680.00
613.00 1692.00
728.00 1690.00
553.00 1704.00
642.00 1749.00
693.00 1748.00
1083.00 1756.00
585.00 1792.00
740.00 1777.00
556.00 1883.00
539.00 1940.00
245.00 2249.00
444.00 2282.00
795.00 2272.00
519.00 2372.00
725.00 2400.00
634.00 2511.00
310.00 2538.00
