983.00 16.00
957.00 70.00
1615.00 85.00
731.00 233.00
1279.00 204.00
1593.00 140.00
1412.00 147.00
1497.00 177.00
718.00 283.00
1593.00 220.00
904.00 258.00
955.00 292.00
1348.00 250.00
1218.00 244.00
1589.00 271.00
1671.00 336.00
714.00 382.00
1450.00 350.00
1190.00 297.00
532.00 429.00
817.00 442.00
910.00 405.00
1383.00 407.00
670.00 490.00
1591.00 473.00
955.00 497.00
1956.00 448.00
809.00 562.00
560.00 559.00
862.00 540.00
681.00 581.00
1435.00 592.00
926.00 570.00
480.00 631.00
1059.00 604.00
1172.00 593.00
556.00 644.00
1671.00 620.00
1014.00 612.00
692.00 663.00
854.00 628.00
648.00 654.00
554.00 701.00
813.00 690.00
622.00 716.00
1353.00 742.00
1060.00 690.00
1617.00 706.00
2151.00 620.00
1226.00 711.00
1014.00 699.00
1501.00 714.00
551.00 772.00
1178.00 733.00
1394.00 730.00
1670.00 730.00
1111.00 762.00
960.00 776.00
13.00 804.00
1050.00 802.00
1316.00 802.00
1589.00 783.00
2002.00 764.00
622.00 778.00
671.00 788.00
1126.00 820.00
1208.00 811.00
1259.00 817.00
1591.00 878.00
1738.00 834.00
669.00 841.00
594.00 842.00
1066.00 863.00
2094.00 782.00
1283.00 865.00
2005.00 805.00
1400.00 897.00
1015.00 900.00
828.00 891.00
1550.00 888.00
631.00 901.00
565.00 905.00
1599.00 924.00
1184.00 926.00
241.00 919.00
1310.00 934.00
520.00 935.00
842.00 962.00
908.00 977.00
1555.00 949.00
647.00 1045.00
228.00 1001.00
1286.00 985.00
854.00 1017.00
1782.00 996.00
1081.00 994.00
723.00 925.00
1458.00 1015.00
358.00 1014.00
123.00 1055.00
1031.00 1035.00
1641.00 1046.00
44.00 1070.00
538.00 1059.00
787.00 1071.00
1719.00 1066.00
496.00 1089.00
850.00 1088.00
933.00 1084.00
631.00 1090.00
109.00 1112.00
1058.00 1087.00
1414.00 1102.00
2115.00 955.00
1659.00 1091.00
1289.00 1103.00
1849.00 1101.00
732.00 1112.00
1227.00 1121.00
1137.00 1099.00
158.00 1134.00
1509.00 1120.00
478.00 1135.00
846.00 1143.00
1727.00 1131.00
680.00 1152.00
1978.00 1137.00
1395.00 1150.00
1059.00 1164.00
639.00 1170.00
1219.00 1168.00
1151.00 1156.00
587.00 1177.00
1817.00 1163.00
348.00 1174.00
1734.00 1177.00
86.00 1229.00
1395.00 1198.00
1648.00 1197.00
1302.00 1228.00
747.00 1230.00
971.00 1225.00
149.00 1264.00
459.00 1248.00
637.00 1237.00
1102.00 1249.00
338.00 1257.00
1513.00 1245.00
52.00 1283.00
1796.00 1259.00
2139.00 1235.00
679.00 1294.00
1399.00 1321.00
1651.00 1267.00
587.00 1302.00
381.00 1303.00
145.00 1325.00
333.00 1325.00
10.00 1351.00
402.00 1347.00
1905.00 1297.00
1402.00 1385.00
762.00 1374.00
1098.00 1373.00
1174.00 1379.00
2135.00 1384.00
1518.00 1374.00
1658.00 1417.00
1291.00 1406.00
324.00 1417.00
1592.00 1405.00
862.00 1405.00
1459.00 1405.00
1081.00 1428.00
175.00 1441.00
372.00 1404.00
1348.00 1440.00
1405.00 1447.00
65.00 1500.00
2038.00 1421.00
369.00 1475.00
133.00 1485.00
1350.00 1493.00
1096.00 1513.00
1140.00 1518.00
367.00 1519.00
759.00 1554.00
18.00 1545.00
1351.00 1536.00
2081.00 1547.00
1198.00 1558.00
59.00 1568.00
1064.00 1587.00
358.00 1605.00
167.00 1604.00
404.00 1601.00
781.00 1599.00
1774.00 1591.00
570.00 1618.00
725.00 1616.00
1043.00 1641.00
1350.00 1631.00
1853.00 1623.00
473.00 1629.00
2141.00 1583.00
189.00 1648.00
1732.00 1613.00
1537.00 1651.00
39.00 1671.00
135.00 1679.00
454.00 1674.00
1457.00 1704.00
1356.00 1683.00
961.00 1708.00
47.00 1728.00
1245.00 1754.00
2119.00 1698.00
1873.00 1739.00
1776.00 1746.00
1449.00 1792.00
798.00 1805.00
375.00 1833.00
1697.00 1783.00
191.00 1814.00
1126.00 1846.00
242.00 1826.00
1492.00 1822.00
2099.00 1823.00
122.00 1853.00
1440.00 1875.00
315.00 1889.00
1509.00 1876.00
2038.00 1877.00
990.00 1886.00
1838.00 1903.00
249.00 1930.00
1273.00 1936.00
11.00 1949.00
1445.00 1944.00
292.00 1988.00
403.00 1985.00
1644.00 1981.00
1550.00 1988.00
25.00 2036.00
2124.00 2021.00
1501.00 2042.00
1339.00 2052.00
879.00 2061.00
1253.00 2058.00
235.00 2076.00
1572.00 2060.00
52.00 2077.00
1433.00 2072.00
449.00 2113.00
1941.00 2070.00
2148.00 2066.00
1600.00 2115.00
1309.00 2130.00
1178.00 2141.00
174.00 2138.00
1043.00 2154.00
923.00 2167.00
1576.00 2167.00
416.00 2180.00
1221.00 2188.00
338.00 2192.00
297.00 2203.00
1503.00 2213.00
246.00 2228.00
750.00 2248.00
351.00 2247.00
580.00 2250.00
898.00 2253.00
1419.00 2244.00
1691.00 2247.00
641.00 2274.00
441.00 2281.00
1999.00 2287.00
954.00 2287.00
1008.00 2297.00
360.00 2303.00
1492.00 2282.00
1424.00 2306.00
749.00 2318.00
1345.00 2317.00
1260.00 2328.00
1552.00 2303.00
1484.00 2333.00
838.00 2358.00
1055.00 2356.00
948.00 2372.00
894.00 2403.00
658.00 2399.00
1487.00 2444.00
1120.00 2452.00
1737.00 2475.00
773.00 2496.00
861.00 2544.00
938.00 2548.00
726.00 2572.00
164.00 2460.00
993.00 2576.00
46.00 2513.00
1441.00 2588.00
612.00 2592.00
2005.00 2587.00
1709.00 2606.00
1067.00 2607.00
961.00 2637.00
1363.00 2647.00
1268.00 2644.00
1172.00 2655.00
1960.00 2647.00
1687.00 2668.00
2017.00 2654.00
1279.00 2701.00
1353.00 2702.00
1111.00 2759.00
1581.00 2739.00
1948.00 2739.00
918.00 2781.00
48.00 2702.00
1379.00 2853.00
1547.00 2857.00
