340.00 380.00
350.00 448.00
741.00 437.00
1769.00 368.00
1860.00 368.00
864.00 458.00
494.00 497.00
211.00 514.00
75.00 557.00
308.00 560.00
446.00 580.00
1135.00 551.00
1226.00 545.00
560.00 590.00
72.00 618.00
366.00 621.00
1389.00 598.00
2065.00 556.00
1223.00 638.00
262.00 679.00
310.00 696.00
991.00 678.00
1130.00 742.00
184.00 772.00
44.00 780.00
1856.00 723.00
1089.00 768.00
320.00 820.00
1040.00 819.00
580.00 842.00
479.00 843.00
121.00 861.00
1952.00 781.00
292.00 883.00
2044.00 814.00
1477.00 856.00
980.00 893.00
516.00 933.00
1360.00 882.00
1701.00 858.00
1314.00 903.00
1557.00 896.00
577.00 963.00
1637.00 919.00
1992.00 906.00
491.00 988.00
1396.00 978.00
1009.00 997.00
1804.00 959.00
1558.00 990.00
2087.00 956.00
246.00 1037.00
1446.00 1002.00
1233.00 1014.00
408.00 1039.00
575.00 1010.00
512.00 1052.00
2002.00 996.00
1372.00 1035.00
1055.00 1049.00
2148.00 993.00
390.00 1095.00
207.00 1108.00
1161.00 1088.00
432.00 1112.00
1651.00 1071.00
1232.00 1099.00
160.00 1130.00
511.00 1094.00
1284.00 1095.00
1380.00 1090.00
90.00 1135.00
573.00 1123.00
1090.00 1130.00
1777.00 1107.00
1316.00 1149.00
1552.00 1141.00
1626.00 1142.00
425.00 1182.00
1166.00 1169.00
1604.00 1184.00
1092.00 1191.00
570.00 1234.00
1407.00 1192.00
1692.00 1197.00
506.00 1245.00
1528.00 1223.00
1795.00 1208.00
1051.00 1254.00
37.00 1295.00
1353.00 1256.00
241.00 1291.00
569.00 1297.00
427.00 1294.00
982.00 1284.00
2098.00 1234.00
2139.00 1240.00
504.00 1301.00
1488.00 1277.00
1082.00 1323.00
567.00 1365.00
1125.00 1335.00
357.00 1366.00
1597.00 1339.00
424.00 1390.00
321.00 1443.00
1070.00 1420.00
1493.00 1386.00
1181.00 1414.00
984.00 1449.00
1363.00 1421.00
102.00 1478.00
566.00 1416.00
285.00 1485.00
1135.00 1495.00
686.00 1508.00
1030.00 1509.00
496.00 1510.00
876.00 1516.00
313.00 1534.00
2019.00 1486.00
1416.00 1514.00
1371.00 1515.00
2093.00 1499.00
203.00 1564.00
1094.00 1548.00
1622.00 1534.00
460.00 1564.00
1923.00 1551.00
1218.00 1642.00
441.00 1633.00
1177.00 1616.00
2025.00 1622.00
557.00 1709.00
1757.00 1613.00
1134.00 1629.00
1928.00 1620.00
1632.00 1632.00
1272.00 1644.00
1325.00 1647.00
1373.00 1654.00
1577.00 1658.00
1594.00 1801.00
