1773.00 151.00
1131.00 299.00
693.00 415.00
178.00 494.00
1718.00 361.00
1290.00 431.00
1105.00 483.00
924.00 432.00
1764.00 454.00
1678.00 462.00
94.00 600.00
1720.00 416.00
743.00 493.00
1816.00 397.00
926.00 510.00
1010.00 537.00
726.00 579.00
1489.00 555.00
410.00 626.00
1291.00 587.00
1111.00 613.00
157.00 673.00
461.00 652.00
1034.00 642.00
678.00 683.00
543.00 686.00
901.00 678.00
738.00 697.00
1953.00 573.00
26.00 757.00
165.00 780.00
1868.00 597.00
1818.00 611.00
2124.00 577.00
458.00 743.00
1652.00 667.00
1964.00 636.00
711.00 763.00
2039.00 643.00
766.00 769.00
1855.00 673.00
594.00 846.00
162.00 838.00
1118.00 777.00
1211.00 777.00
1252.00 777.00
1513.00 740.00
480.00 897.00
160.00 906.00
1724.00 769.00
580.00 907.00
1544.00 801.00
1176.00 846.00
82.00 923.00
818.00 915.00
1119.00 851.00
473.00 941.00
1386.00 842.00
692.00 930.00
966.00 917.00
1289.00 854.00
1009.00 921.00
67.00 972.00
1688.00 862.00
2035.00 833.00
1493.00 893.00
1640.00 900.00
56.00 1019.00
569.00 1011.00
511.00 1031.00
1126.00 955.00
1586.00 944.00
302.00 1056.00
1925.00 913.00
420.00 1047.00
1533.00 941.00
562.00 1059.00
155.00 1104.00
623.00 1085.00
1366.00 1018.00
1682.00 1008.00
566.00 1107.00
1591.00 1029.00
208.00 1142.00
1633.00 1039.00
1840.00 1035.00
720.00 1119.00
150.00 1183.00
663.00 1145.00
1207.00 1121.00
1571.00 1078.00
520.00 1169.00
785.00 1171.00
1643.00 1122.00
832.00 1174.00
641.00 1205.00
830.00 1218.00
216.00 1259.00
327.00 1236.00
499.00 1261.00
896.00 1205.00
448.00 1288.00
554.00 1250.00
1192.00 1192.00
302.00 1347.00
34.00 1328.00
703.00 1309.00
139.00 1352.00
614.00 1335.00
552.00 1315.00
375.00 1355.00
1056.00 1302.00
1588.00 1292.00
747.00 1349.00
428.00 1358.00
1363.00 1344.00
1859.00 1332.00
348.00 1412.00
1091.00 1393.00
1269.00 1375.00
1091.00 1438.00
1448.00 1499.00
181.00 1619.00
822.00 1611.00
1697.00 1628.00
1991.00 1641.00
54.00 1676.00
1697.00 1675.00
1739.00 1676.00
2044.00 1694.00
1991.00 1699.00
1927.00 1708.00
829.00 1702.00
354.00 1752.00
514.00 1786.00
1997.00 1790.00
819.00 1780.00
620.00 1797.00
869.00 1819.00
491.00 1862.00
1105.00 1880.00
1518.00 1887.00
889.00 1902.00
1225.00 1907.00
1656.00 1909.00
1772.00 1932.00
797.00 1922.00
1911.00 1953.00
2094.00 1982.00
1973.00 1992.00
1067.00 1947.00
1010.00 2022.00
1684.00 2093.00
1799.00 2105.00
