209.00 56.00
1651.00 35.00
1304.00 273.00
1409.00 343.00
1039.00 397.00
1096.00 434.00
894.00 424.00
989.00 400.00
1867.00 378.00
1631.00 383.00
1871.00 421.00
288.00 563.00
1983.00 425.00
1519.00 509.00
1856.00 475.00
1940.00 509.00
1463.00 528.00
1664.00 569.00
1372.00 610.00
549.00 704.00
1868.00 597.00
1873.00 643.00
2090.00 685.00
220.00 841.00
1883.00 749.00
309.00 837.00
2086.00 732.00
168.00 868.00
851.00 824.00
892.00 834.00
2091.00 788.00
1961.00 814.00
1303.00 856.00
1383.00 860.00
1911.00 867.00
496.00 969.00
2098.00 846.00
547.00 973.00
1044.00 977.00
1938.00 959.00
232.00 1078.00
275.00 1080.00
1369.00 1017.00
2105.00 1003.00
1860.00 1009.00
711.00 1086.00
1611.00 1050.00
448.00 1143.00
2043.00 1055.00
1906.00 1076.00
2109.00 1061.00
941.00 1141.00
1818.00 1091.00
1549.00 1110.00
1970.00 1098.00
2093.00 1102.00
1159.00 1226.00
1625.00 1193.00
1565.00 1199.00
1686.00 1192.00
360.00 1302.00
1225.00 1221.00
417.00 1292.00
1872.00 1198.00
1344.00 1245.00
1287.00 1258.00
688.00 1301.00
2013.00 1229.00
960.00 1305.00
624.00 1327.00
882.00 1319.00
339.00 1353.00
388.00 1363.00
1180.00 1337.00
72.00 1402.00
707.00 1373.00
1190.00 1388.00
1947.00 1352.00
338.00 1449.00
2008.00 1356.00
2146.00 1362.00
665.00 1434.00
986.00 1426.00
1881.00 1376.00
890.00 1444.00
821.00 1456.00
1670.00 1433.00
1472.00 1440.00
1141.00 1487.00
1412.00 1471.00
1843.00 1461.00
2130.00 1454.00
1685.00 1480.00
1969.00 1485.00
2040.00 1495.00
1545.00 1536.00
1589.00 1536.00
1467.00 1546.00
1727.00 1563.00
1958.00 1548.00
1388.00 1578.00
1326.00 1583.00
1281.00 1589.00
1553.00 1584.00
1875.00 1576.00
1604.00 1587.00
1469.00 1613.00
1733.00 1606.00
1985.00 1597.00
1926.00 1595.00
1863.00 1646.00
1803.00 1685.00
2137.00 1688.00
2035.00 1696.00
1523.00 1775.00
1589.00 1780.00
631.00 1826.00
868.00 1819.00
962.00 1817.00
1185.00 1831.00
1307.00 1828.00
1111.00 1851.00
965.00 1860.00
1751.00 1821.00
1248.00 1862.00
716.00 1894.00
1128.00 1912.00
987.00 1914.00
658.00 1942.00
1334.00 1923.00
1981.00 1873.00
817.00 1953.00
2105.00 1883.00
1573.00 1954.00
131.00 2014.00
1694.00 1934.00
889.00 1981.00
1481.00 1941.00
672.00 1991.00
769.00 1988.00
1340.00 1964.00
1993.00 1932.00
572.00 2012.00
1834.00 1957.00
10.00 2061.00
2095.00 1954.00
388.00 2041.00
341.00 2046.00
942.00 2032.00
454.00 2065.00
626.00 2059.00
1187.00 2035.00
535.00 2066.00
743.00 2062.00
1634.00 2031.00
115.00 2114.00
630.00 2106.00
1493.00 2073.00
1369.00 2109.00
514.00 2133.00
1708.00 2096.00
1903.00 2076.00
806.00 2140.00
1240.00 2138.00
503.00 2177.00
760.00 2171.00
443.00 2187.00
2128.00 2103.00
618.00 2202.00
1997.00 2132.00
237.00 2227.00
1782.00 2141.00
1496.00 2166.00
1619.00 2169.00
827.00 2225.00
241.00 2268.00
1779.00 2193.00
1479.00 2219.00
1540.00 2218.00
50.00 2310.00
1013.00 2273.00
1055.00 2272.00
1040.00 2321.00
1643.00 2316.00
1220.00 2338.00
322.00 2403.00
849.00 2375.00
2032.00 2312.00
369.00 2455.00
1216.00 2426.00
1571.00 2392.00
832.00 2442.00
46.00 2497.00
2151.00 2376.00
115.00 2496.00
705.00 2490.00
1665.00 2406.00
1064.00 2456.00
2107.00 2416.00
1802.00 2435.00
941.00 2483.00
1696.00 2474.00
355.00 2589.00
969.00 2550.00
2004.00 2506.00
413.00 2604.00
578.00 2558.00
1274.00 2588.00
846.00 2598.00
318.00 2640.00
1682.00 2547.00
1418.00 2561.00
260.00 2661.00
1154.00 2591.00
1806.00 2568.00
415.00 2656.00
1216.00 2632.00
1910.00 2588.00
686.00 2687.00
843.00 2668.00
1599.00 2637.00
319.00 2691.00
1841.00 2650.00
910.00 2702.00
966.00 2707.00
1894.00 2659.00
1505.00 2708.00
1076.00 2716.00
1752.00 2729.00
312.00 2838.00
1696.00 2779.00
1380.00 2800.00
1460.00 2802.00
430.00 2818.00
1623.00 2845.00
591.00 2866.00
