58.00 308.00
642.00 350.00
33.00 722.00
788.00 667.00
806.00 708.00
1020.00 764.00
1076.00 779.00
2033.00 685.00
1866.00 747.00
2012.00 739.00
222.00 930.00
20.00 948.00
317.00 961.00
245.00 1015.00
1880.00 912.00
1608.00 950.00
2078.00 899.00
1415.00 997.00
1888.00 980.00
1895.00 1053.00
1028.00 1201.00
1085.00 1208.00
1167.00 1196.00
1774.00 1178.00
1423.00 1205.00
1606.00 1196.00
2053.00 1150.00
1426.00 1254.00
1916.00 1282.00
1110.00 1428.00
1033.00 1401.00
2131.00 1360.00
1879.00 1383.00
1165.00 1432.00
1457.00 1506.00
10.00 1634.00
1420.00 1548.00
1940.00 1537.00
1951.00 1645.00
1814.00 1626.00
1466.00 1641.00
1062.00 1695.00
1359.00 1705.00
1528.00 1700.00
1483.00 1702.00
2116.00 1719.00
1709.00 1852.00
1622.00 1880.00
44.00 1956.00
2135.00 1894.00
993.00 1937.00
1065.00 1945.00
1334.00 1978.00
1980.00 1956.00
233.00 2031.00
1014.00 2001.00
1935.00 1988.00
1438.00 2000.00
1017.00 2049.00
1140.00 2077.00
1583.00 2076.00
36.00 2154.00
1623.00 2151.00
158.00 2186.00
1471.00 2151.00
100.00 2195.00
1531.00 2200.00
1431.00 2205.00
351.00 2245.00
1038.00 2227.00
159.00 2252.00
1659.00 2253.00
941.00 2269.00
1104.00 2250.00
1862.00 2264.00
1433.00 2274.00
1774.00 2286.00
2042.00 2271.00
488.00 2310.00
1209.00 2301.00
31.00 2347.00
1501.00 2347.00
161.00 2359.00
990.00 2380.00
1666.00 2388.00
40.00 2409.00
348.00 2413.00
162.00 2420.00
939.00 2449.00
1340.00 2442.00
1434.00 2464.00
43.00 2480.00
1760.00 2464.00
187.00 2496.00
1250.00 2500.00
1043.00 2512.00
11.00 2544.00
463.00 2538.00
1639.00 2535.00
1965.00 2577.00
287.00 2606.00
394.00 2617.00
988.00 2610.00
51.00 2645.00
1175.00 2647.00
184.00 2686.00
1341.00 2711.00
1007.00 2716.00
176.00 2775.00
