274.00 430.00
191.00 639.00
1237.00 519.00
1413.00 588.00
1115.00 743.00
638.00 767.00
1522.00 735.00
535.00 801.00
280.00 828.00
1228.00 829.00
1324.00 821.00
706.00 856.00
1667.00 871.00
513.00 950.00
1435.00 913.00
1731.00 937.00
1571.00 966.00
15.00 1049.00
529.00 1023.00
1619.00 1060.00
1931.00 1047.00
1851.00 1054.00
641.00 1136.00
1407.00 1164.00
1463.00 1166.00
1624.00 1171.00
619.00 1231.00
2006.00 1182.00
1240.00 1252.00
1392.00 1243.00
1866.00 1241.00
609.00 1288.00
1357.00 1316.00
264.00 1363.00
421.00 1368.00
1634.00 1316.00
1267.00 1359.00
1081.00 1373.00
1379.00 1357.00
1350.00 1416.00
1488.00 1410.00
1203.00 1438.00
1399.00 1512.00
1454.00 1518.00
536.00 1563.00
1077.00 1541.00
460.00 1609.00
1402.00 1564.00
1566.00 1610.00
2151.00 1611.00
538.00 1708.00
1447.00 1643.00
668.00 1762.00
446.00 1778.00
1315.00 1682.00
1559.00 1714.00
1423.00 1721.00
441.00 1865.00
1646.00 1786.00
1507.00 1790.00
700.00 1865.00
1637.00 1848.00
370.00 2027.00
1480.00 1891.00
1001.00 1940.00
434.00 2063.00
528.00 2020.00
110.00 2144.00
959.00 1989.00
1285.00 1963.00
690.00 2020.00
635.00 2070.00
426.00 2123.00
1326.00 2100.00
1319.00 2058.00
422.00 2232.00
612.00 2270.00
1436.00 2103.00
1641.00 2107.00
2014.00 2129.00
1070.00 2217.00
1004.00 2239.00
2043.00 2225.00
432.00 2347.00
2121.00 2245.00
696.00 2316.00
642.00 2359.00
358.00 2405.00
850.00 2357.00
602.00 2611.00
