1176.00 549.00
876.00 496.00
1395.00 637.00
1643.00 692.00
798.00 626.00
140.00 504.00
852.00 668.00
348.00 585.00
803.00 671.00
1695.00 805.00
1091.00 740.00
347.00 677.00
760.00 693.00
1437.00 840.00
1088.00 837.00
748.00 739.00
324.00 734.00
661.00 822.00
1560.00 982.00
273.00 785.00
131.00 779.00
1518.00 997.00
680.00 879.00
284.00 834.00
1192.00 953.00
1563.00 1029.00
1125.00 960.00
574.00 936.00
242.00 937.00
586.00 979.00
535.00 988.00
1527.00 1149.00
1375.00 1168.00
963.00 1116.00
914.00 1123.00
490.00 1095.00
263.00 1103.00
1098.00 1204.00
445.00 1130.00
1575.00 1330.00
82.00 1154.00
815.00 1219.00
381.00 1213.00
1341.00 1291.00
641.00 1246.00
335.00 1245.00
808.00 1319.00
1016.00 1328.00
322.00 1302.00
560.00 1328.00
704.00 1343.00
767.00 1364.00
561.00 1376.00
471.00 1373.00
516.00 1428.00
935.00 1488.00
426.00 1473.00
1190.00 1554.00
77.00 1517.00
307.00 1526.00
847.00 1576.00
410.00 1548.00
744.00 1582.00
885.00 1723.00
175.00 1689.00
701.00 1717.00
1294.00 1793.00
894.00 1768.00
789.00 1882.00
790.00 1992.00
1172.00 1991.00
1106.00 1998.00
1318.00 1997.00
837.00 2012.00
943.00 2015.00
1159.00 2034.00
743.00 2076.00
1417.00 2075.00
856.00 2168.00
1151.00 2208.00
811.00 2226.00
1315.00 2213.00
891.00 2227.00
692.00 2260.00
1101.00 2233.00
932.00 2250.00
897.00 2307.00
1188.00 2301.00
1184.00 2408.00
753.00 2436.00
1049.00 2463.00
1008.00 2477.00
865.00 2443.00
605.00 2471.00
629.00 2533.00
338.00 2597.00
