1262.00 505.00
919.00 548.00
1043.00 596.00
1045.00 670.00
256.00 630.00
272.00 677.00
635.00 643.00
861.00 761.00
1106.00 816.00
758.00 785.00
1076.00 884.00
717.00 808.00
857.00 832.00
1031.00 888.00
1147.00 891.00
667.00 826.00
765.00 869.00
1098.00 941.00
1097.00 1079.00
480.00 1009.00
397.00 1001.00
335.00 1005.00
210.00 1108.00
255.00 1119.00
1186.00 1121.00
938.00 1121.00
521.00 1124.00
657.00 1139.00
183.00 1210.00
938.00 1175.00
1173.00 1204.00
228.00 1222.00
294.00 1189.00
411.00 1273.00
918.00 1236.00
1076.00 1251.00
789.00 1235.00
470.00 1222.00
226.00 1306.00
480.00 1268.00
14.00 1329.00
1078.00 1306.00
567.00 1273.00
1008.00 1307.00
1131.00 1318.00
876.00 1305.00
589.00 1322.00
687.00 1340.00
947.00 1361.00
1154.00 1369.00
454.00 1358.00
1106.00 1401.00
1033.00 1396.00
163.00 1446.00
88.00 1449.00
1155.00 1412.00
797.00 1432.00
970.00 1423.00
513.00 1472.00
288.00 1540.00
1109.00 1491.00
954.00 1504.00
159.00 1545.00
769.00 1543.00
1026.00 1554.00
985.00 1555.00
189.00 1627.00
904.00 1586.00
715.00 1588.00
157.00 1690.00
220.00 1693.00
160.00 1733.00
262.00 1737.00
308.00 1759.00
487.00 1729.00
1093.00 1724.00
352.00 1776.00
260.00 1788.00
595.00 1796.00
198.00 1849.00
897.00 1804.00
152.00 1867.00
954.00 1934.00
979.00 1984.00
224.00 2071.00
1070.00 2021.00
222.00 2119.00
1124.00 2048.00
1071.00 2098.00
805.00 2107.00
933.00 2092.00
812.00 2168.00
1225.00 2121.00
1116.00 2156.00
645.00 2221.00
935.00 2200.00
1149.00 2197.00
865.00 2235.00
472.00 2277.00
1206.00 2210.00
1031.00 2260.00
1267.00 2232.00
447.00 2328.00
1117.00 2258.00
619.00 2339.00
815.00 2337.00
677.00 2366.00
1301.00 2274.00
890.00 2346.00
619.00 2410.00
896.00 2404.00
760.00 2449.00
381.00 2629.00
229.00 2676.00
417.00 2810.00
