239.00 567.00
30.00 562.00
1219.00 758.00
66.00 621.00
366.00 696.00
579.00 737.00
659.00 752.00
212.00 695.00
1110.00 865.00
77.00 804.00
550.00 940.00
985.00 968.00
1234.00 1030.00
480.00 955.00
1178.00 1053.00
139.00 945.00
1256.00 1094.00
463.00 1000.00
411.00 1015.00
144.00 999.00
681.00 1088.00
19.00 1015.00
491.00 1070.00
748.00 1112.00
863.00 1112.00
17.00 1076.00
196.00 1096.00
77.00 1093.00
58.00 1135.00
9.00 1134.00
568.00 1190.00
623.00 1201.00
671.00 1212.00
347.00 1211.00
909.00 1292.00
930.00 1335.00
658.00 1353.00
1070.00 1387.00
761.00 1389.00
925.00 1440.00
482.00 1422.00
335.00 1418.00
673.00 1438.00
1042.00 1469.00
871.00 1517.00
926.00 1525.00
999.00 1529.00
1218.00 1573.00
958.00 1580.00
999.00 1578.00
587.00 1617.00
179.00 1730.00
952.00 1755.00
