170.00 462.00
847.00 889.00
684.00 910.00
148.00 825.00
472.00 1039.00
852.00 1108.00
808.00 1106.00
535.00 1108.00
707.00 1150.00
768.00 1153.00
25.00 1079.00
696.00 1191.00
352.00 1148.00
643.00 1202.00
962.00 1245.00
266.00 1178.00
528.00 1209.00
436.00 1235.00
145.00 1208.00
22.00 1228.00
203.00 1228.00
810.00 1310.00
699.00 1316.00
932.00 1344.00
101.00 1255.00
778.00 1354.00
824.00 1384.00
216.00 1328.00
895.00 1397.00
665.00 1380.00
623.00 1382.00
393.00 1363.00
808.00 1427.00
643.00 1439.00
54.00 1370.00
250.00 1448.00
319.00 1487.00
529.00 1501.00
152.00 1479.00
698.00 1517.00
903.00 1527.00
47.00 1489.00
432.00 1522.00
836.00 1561.00
332.00 1530.00
644.00 1572.00
516.00 1630.00
463.00 1650.00
367.00 1650.00
757.00 1667.00
70.00 1659.00
239.00 1701.00
636.00 1706.00
121.00 1714.00
773.00 1889.00
40.00 1942.00
527.00 1968.00
808.00 1958.00
622.00 2320.00
465.00 2375.00
683.00 2369.00
