1172.00 496.00
1722.00 602.00
649.00 533.00
1376.00 680.00
455.00 710.00
1075.00 768.00
842.00 823.00
1868.00 917.00
1746.00 940.00
1567.00 967.00
1627.00 960.00
425.00 938.00
1426.00 1007.00
1353.00 1023.00
1862.00 1063.00
1644.00 1064.00
1194.00 1051.00
1543.00 1074.00
1124.00 1056.00
1685.00 1100.00
1376.00 1089.00
1764.00 1109.00
1441.00 1101.00
201.00 1054.00
1384.00 1152.00
833.00 1121.00
1181.00 1147.00
1494.00 1166.00
1231.00 1153.00
777.00 1139.00
1784.00 1211.00
1054.00 1171.00
1576.00 1208.00
1305.00 1200.00
1206.00 1197.00
562.00 1171.00
1631.00 1231.00
1165.00 1203.00
1054.00 1222.00
1417.00 1236.00
1494.00 1251.00
1007.00 1229.00
1332.00 1253.00
607.00 1222.00
1850.00 1277.00
909.00 1252.00
327.00 1232.00
1006.00 1289.00
603.00 1264.00
950.00 1283.00
1582.00 1321.00
548.00 1260.00
1234.00 1311.00
1193.00 1316.00
1112.00 1313.00
1364.00 1319.00
746.00 1291.00
1870.00 1375.00
1065.00 1333.00
1007.00 1341.00
840.00 1319.00
1117.00 1354.00
455.00 1321.00
945.00 1359.00
711.00 1357.00
820.00 1369.00
593.00 1361.00
1210.00 1374.00
886.00 1382.00
1654.00 1445.00
1236.00 1431.00
1349.00 1443.00
576.00 1404.00
943.00 1424.00
515.00 1396.00
989.00 1417.00
777.00 1425.00
1707.00 1482.00
1832.00 1490.00
818.00 1433.00
890.00 1438.00
1163.00 1461.00
1255.00 1481.00
1368.00 1485.00
298.00 1439.00
1419.00 1467.00
1781.00 1512.00
692.00 1480.00
1004.00 1492.00
851.00 1480.00
1302.00 1510.00
807.00 1487.00
914.00 1489.00
1561.00 1526.00
1602.00 1539.00
764.00 1499.00
1210.00 1525.00
1857.00 1560.00
1143.00 1544.00
1779.00 1555.00
1689.00 1580.00
1647.00 1568.00
1272.00 1563.00
1438.00 1563.00
706.00 1539.00
1395.00 1575.00
1559.00 1574.00
1090.00 1564.00
660.00 1553.00
1003.00 1570.00
1481.00 1589.00
607.00 1531.00
289.00 1553.00
1874.00 1615.00
1259.00 1612.00
506.00 1570.00
1339.00 1583.00
751.00 1548.00
1439.00 1609.00
1180.00 1614.00
841.00 1589.00
1134.00 1617.00
1077.00 1616.00
1764.00 1659.00
1002.00 1624.00
602.00 1611.00
958.00 1640.00
458.00 1623.00
329.00 1635.00
701.00 1654.00
1110.00 1661.00
1403.00 1665.00
1240.00 1679.00
1173.00 1678.00
1287.00 1687.00
1343.00 1662.00
453.00 1664.00
1003.00 1675.00
819.00 1689.00
644.00 1685.00
1081.00 1709.00
595.00 1692.00
342.00 1685.00
1178.00 1719.00
1466.00 1722.00
389.00 1693.00
1005.00 1727.00
1121.00 1751.00
1321.00 1745.00
1480.00 1764.00
959.00 1752.00
434.00 1737.00
1193.00 1767.00
720.00 1755.00
1822.00 1819.00
778.00 1785.00
1240.00 1807.00
382.00 1783.00
1195.00 1808.00
330.00 1808.00
1816.00 1875.00
1117.00 1860.00
825.00 1830.00
909.00 1874.00
1017.00 1886.00
1475.00 1907.00
730.00 1904.00
1151.00 1954.00
802.00 1962.00
1331.00 1974.00
883.00 1960.00
1464.00 2004.00
1200.00 2008.00
1356.00 2143.00
1464.00 2136.00
1661.00 2150.00
1562.00 2208.00
792.00 2238.00
743.00 2245.00
645.00 2272.00
459.00 2298.00
827.00 2292.00
536.00 2309.00
1263.00 2308.00
646.00 2318.00
1367.00 2323.00
748.00 2314.00
1113.00 2337.00
1219.00 2353.00
1154.00 2348.00
871.00 2341.00
915.00 2350.00
1131.00 2392.00
1012.00 2397.00
1172.00 2405.00
1010.00 2438.00
1350.00 2513.00
1061.00 2460.00
382.00 2466.00
1014.00 2541.00
