1218.00 33.00
888.00 76.00
949.00 64.00
625.00 71.00
174.00 62.00
532.00 70.00
584.00 84.00
1159.00 113.00
1738.00 120.00
1204.00 117.00
1646.00 127.00
1502.00 148.00
1270.00 157.00
2016.00 182.00
1161.00 168.00
1562.00 189.00
1745.00 170.00
568.00 160.00
1690.00 168.00
1800.00 176.00
1647.00 191.00
1398.00 227.00
499.00 208.00
248.00 205.00
1803.00 218.00
883.00 227.00
930.00 228.00
749.00 231.00
1140.00 251.00
1918.00 245.00
1333.00 270.00
1666.00 266.00
1418.00 274.00
1742.00 270.00
1876.00 272.00
387.00 265.00
1502.00 288.00
206.00 264.00
2031.00 269.00
582.00 263.00
482.00 274.00
152.00 280.00
654.00 282.00
807.00 288.00
579.00 311.00
986.00 298.00
1243.00 347.00
867.00 309.00
925.00 316.00
1190.00 335.00
1064.00 319.00
813.00 329.00
730.00 338.00
1114.00 342.00
1479.00 368.00
1303.00 383.00
477.00 366.00
589.00 358.00
434.00 369.00
1245.00 399.00
79.00 356.00
1047.00 383.00
2004.00 372.00
741.00 400.00
1637.00 387.00
143.00 386.00
1929.00 385.00
915.00 402.00
782.00 404.00
1817.00 384.00
841.00 410.00
575.00 406.00
1511.00 415.00
975.00 456.00
2009.00 461.00
658.00 431.00
1115.00 435.00
1897.00 438.00
185.00 423.00
472.00 435.00
1232.00 440.00
1054.00 459.00
1429.00 495.00
1523.00 472.00
367.00 472.00
556.00 473.00
618.00 483.00
224.00 494.00
664.00 489.00
1101.00 496.00
946.00 513.00
133.00 490.00
1911.00 489.00
2014.00 504.00
1471.00 527.00
1609.00 520.00
1195.00 521.00
1517.00 527.00
1240.00 536.00
1776.00 524.00
1829.00 526.00
1289.00 538.00
447.00 559.00
495.00 535.00
224.00 535.00
1978.00 565.00
392.00 567.00
1878.00 582.00
1837.00 597.00
108.00 565.00
1184.00 577.00
1412.00 558.00
1226.00 578.00
1517.00 576.00
864.00 583.00
1458.00 583.00
1601.00 567.00
1978.00 612.00
1690.00 600.00
246.00 626.00
82.00 615.00
1842.00 649.00
8.00 616.00
848.00 626.00
1616.00 614.00
416.00 626.00
308.00 643.00
1289.00 652.00
1229.00 649.00
910.00 649.00
1367.00 644.00
1068.00 654.00
1694.00 647.00
1963.00 660.00
603.00 654.00
1409.00 634.00
562.00 667.00
782.00 670.00
972.00 675.00
421.00 675.00
1711.00 688.00
1124.00 707.00
712.00 692.00
1526.00 703.00
1081.00 697.00
1239.00 707.00
1922.00 706.00
845.00 708.00
481.00 711.00
888.00 720.00
268.00 720.00
327.00 717.00
1182.00 705.00
1624.00 727.00
1039.00 735.00
1482.00 739.00
791.00 736.00
953.00 739.00
1425.00 744.00
1701.00 750.00
688.00 751.00
730.00 751.00
1906.00 781.00
1187.00 793.00
832.00 807.00
1531.00 774.00
1627.00 790.00
638.00 792.00
363.00 807.00
704.00 807.00
1368.00 824.00
585.00 824.00
455.00 808.00
785.00 820.00
1038.00 800.00
522.00 824.00
1922.00 829.00
1326.00 850.00
1679.00 828.00
1494.00 838.00
451.00 863.00
636.00 863.00
685.00 864.00
1021.00 868.00
1369.00 871.00
553.00 886.00
1521.00 889.00
756.00 866.00
1563.00 889.00
1314.00 891.00
670.00 906.00
1635.00 911.00
1450.00 922.00
493.00 922.00
1573.00 944.00
1020.00 936.00
769.00 942.00
1452.00 969.00
868.00 992.00
1663.00 965.00
1037.00 996.00
1852.00 1008.00
1919.00 1012.00
1539.00 1021.00
1368.00 1040.00
993.00 1050.00
1823.00 1080.00
950.00 1089.00
763.00 1085.00
909.00 1070.00
842.00 1085.00
1264.00 1103.00
1317.00 1109.00
1584.00 1095.00
259.00 1125.00
384.00 1145.00
1663.00 1111.00
1912.00 1136.00
1408.00 1129.00
609.00 1153.00
1303.00 1166.00
501.00 1188.00
1571.00 1190.00
1463.00 1188.00
951.00 1138.00
1687.00 1204.00
197.00 1215.00
1624.00 1199.00
1804.00 1213.00
140.00 1230.00
1394.00 1220.00
1277.00 1224.00
500.00 1240.00
1574.00 1231.00
954.00 1242.00
653.00 1192.00
1021.00 1222.00
345.00 1257.00
1762.00 1271.00
1336.00 1247.00
591.00 1226.00
1694.00 1286.00
245.00 1300.00
1576.00 1289.00
399.00 1303.00
1963.00 1306.00
191.00 1323.00
1630.00 1311.00
1265.00 1309.00
1447.00 1315.00
1750.00 1329.00
1812.00 1307.00
131.00 1351.00
1581.00 1344.00
1664.00 1359.00
1264.00 1368.00
238.00 1400.00
625.00 1346.00
764.00 1372.00
515.00 1408.00
1974.00 1414.00
1886.00 1416.00
1757.00 1418.00
1327.00 1399.00
1633.00 1400.00
1039.00 1414.00
1585.00 1402.00
200.00 1455.00
776.00 1416.00
122.00 1471.00
1823.00 1440.00
1040.00 1455.00
1919.00 1473.00
1408.00 1463.00
112.00 1520.00
1290.00 1478.00
239.00 1521.00
524.00 1473.00
481.00 1503.00
1560.00 1507.00
899.00 1522.00
857.00 1523.00
