1607.00 281.00
1159.00 232.00
1247.00 252.00
1095.00 248.00
720.00 195.00
1572.00 326.00
567.00 183.00
327.00 152.00
1007.00 228.00
1333.00 291.00
1714.00 361.00
655.00 200.00
1367.00 335.00
1129.00 311.00
720.00 256.00
791.00 247.00
1422.00 368.00
596.00 282.00
1007.00 312.00
1230.00 375.00
1600.00 420.00
1152.00 375.00
648.00 287.00
1093.00 377.00
825.00 351.00
576.00 334.00
491.00 335.00
1344.00 430.00
905.00 391.00
1192.00 423.00
672.00 374.00
1525.00 473.00
1090.00 427.00
756.00 400.00
1336.00 505.00
375.00 384.00
10.00 337.00
879.00 433.00
65.00 353.00
581.00 439.00
1024.00 471.00
794.00 452.00
1073.00 472.00
1583.00 554.00
78.00 400.00
367.00 427.00
12.00 396.00
1398.00 569.00
1338.00 566.00
1070.00 513.00
1247.00 558.00
150.00 440.00
104.00 441.00
1019.00 542.00
975.00 541.00
769.00 526.00
853.00 536.00
391.00 502.00
150.00 487.00
95.00 485.00
1632.00 620.00
1703.00 625.00
983.00 590.00
748.00 568.00
589.00 583.00
539.00 545.00
839.00 584.00
790.00 584.00
1037.00 605.00
1099.00 606.00
212.00 539.00
680.00 576.00
929.00 602.00
63.00 528.00
439.00 582.00
1070.00 647.00
1112.00 647.00
1341.00 677.00
593.00 641.00
730.00 655.00
1079.00 693.00
453.00 647.00
75.00 628.00
1031.00 702.00
1515.00 776.00
248.00 670.00
1320.00 769.00
717.00 705.00
301.00 701.00
575.00 710.00
1398.00 780.00
859.00 733.00
177.00 696.00
15.00 661.00
904.00 735.00
772.00 730.00
675.00 726.00
111.00 692.00
471.00 755.00
823.00 775.00
252.00 738.00
196.00 737.00
681.00 767.00
592.00 762.00
1336.00 826.00
516.00 765.00
403.00 737.00
1159.00 831.00
1026.00 827.00
801.00 840.00
1424.00 921.00
670.00 836.00
726.00 838.00
615.00 847.00
558.00 855.00
504.00 854.00
816.00 897.00
624.00 908.00
547.00 904.00
1665.00 989.00
1294.00 1023.00
1056.00 1030.00
1697.00 1083.00
1249.00 1176.00
901.00 1173.00
569.00 1208.00
392.00 1219.00
975.00 1254.00
444.00 1383.00
465.00 1434.00
