1675.00 25.00
1422.00 42.00
1033.00 23.00
975.00 42.00
1695.00 104.00
614.00 21.00
491.00 37.00
719.00 56.00
1798.00 132.00
828.00 81.00
1676.00 145.00
565.00 64.00
1435.00 160.00
1028.00 150.00
567.00 136.00
1743.00 224.00
951.00 223.00
1560.00 238.00
847.00 255.00
1254.00 256.00
1540.00 295.00
1453.00 295.00
910.00 244.00
1791.00 303.00
1599.00 303.00
776.00 269.00
674.00 264.00
716.00 268.00
1231.00 343.00
553.00 287.00
1519.00 349.00
729.00 327.00
1400.00 344.00
911.00 337.00
1845.00 384.00
1183.00 375.00
626.00 355.00
1631.00 420.00
1079.00 388.00
1847.00 430.00
1590.00 423.00
1491.00 420.00
1694.00 452.00
825.00 412.00
1417.00 439.00
1231.00 439.00
880.00 429.00
1272.00 450.00
979.00 487.00
1129.00 466.00
173.00 484.00
1463.00 485.00
343.00 447.00
1392.00 488.00
791.00 480.00
1072.00 495.00
387.00 449.00
1257.00 504.00
1728.00 532.00
887.00 495.00
928.00 504.00
1830.00 558.00
734.00 504.00
1285.00 545.00
789.00 532.00
891.00 561.00
525.00 541.00
371.00 539.00
845.00 590.00
478.00 605.00
932.00 622.00
716.00 662.00
780.00 669.00
544.00 668.00
1870.00 740.00
618.00 703.00
723.00 713.00
394.00 842.00
418.00 905.00
344.00 937.00
624.00 983.00
670.00 1057.00
457.00 1071.00
294.00 1227.00
627.00 1512.00
