1635.00 19.00
1707.00 19.00
1546.00 9.00
1712.00 73.00
1638.00 77.00
1469.00 57.00
320.00 40.00
1416.00 78.00
1472.00 99.00
1552.00 125.00
42.00 37.00
199.00 65.00
1485.00 173.00
1557.00 171.00
755.00 123.00
191.00 112.00
511.00 96.00
271.00 149.00
1721.00 179.00
796.00 160.00
1047.00 151.00
1423.00 197.00
1544.00 238.00
1369.00 230.00
1728.00 268.00
158.00 173.00
1060.00 199.00
1654.00 280.00
674.00 217.00
881.00 218.00
1919.00 309.00
105.00 219.00
1184.00 272.00
351.00 242.00
1402.00 302.00
302.00 242.00
974.00 278.00
1343.00 290.00
385.00 283.00
1390.00 350.00
1085.00 320.00
316.00 328.00
166.00 300.00
451.00 324.00
408.00 338.00
358.00 338.00
456.00 367.00
1490.00 431.00
1576.00 464.00
1203.00 387.00
1269.00 429.00
1347.00 430.00
354.00 390.00
478.00 425.00
1331.00 477.00
1579.00 505.00
309.00 431.00
360.00 432.00
1504.00 503.00
1478.00 544.00
201.00 438.00
1582.00 557.00
323.00 487.00
1168.00 523.00
1237.00 526.00
139.00 553.00
1586.00 618.00
1327.00 591.00
395.00 606.00
488.00 604.00
344.00 608.00
1515.00 679.00
191.00 644.00
1242.00 647.00
1454.00 730.00
247.00 664.00
441.00 681.00
1596.00 755.00
206.00 747.00
460.00 724.00
362.00 725.00
1246.00 752.00
240.00 798.00
1600.00 823.00
320.00 827.00
372.00 826.00
1275.00 842.00
1223.00 805.00
1443.00 857.00
1286.00 888.00
1606.00 912.00
1611.00 984.00
98.00 1069.00
1453.00 1079.00
1560.00 1094.00
1513.00 1127.00
1458.00 1171.00
1546.00 1200.00
1624.00 1179.00
1462.00 1258.00
1357.00 1289.00
363.00 1307.00
1465.00 1313.00
308.00 1309.00
389.00 1350.00
1472.00 1431.00
279.00 1398.00
1464.00 1488.00
234.00 1520.00
