838.00 56.00
1890.00 82.00
699.00 75.00
1151.00 136.00
1617.00 122.00
506.00 116.00
645.00 112.00
1455.00 167.00
1520.00 168.00
1615.00 209.00
254.00 180.00
1375.00 223.00
1448.00 246.00
1323.00 250.00
821.00 247.00
1128.00 271.00
1639.00 263.00
900.00 257.00
1738.00 267.00
1368.00 271.00
582.00 265.00
735.00 296.00
1071.00 327.00
607.00 319.00
1394.00 330.00
1443.00 343.00
409.00 336.00
518.00 329.00
1855.00 348.00
1018.00 362.00
1658.00 382.00
675.00 416.00
1384.00 447.00
1435.00 424.00
304.00 421.00
1520.00 455.00
1271.00 456.00
1841.00 446.00
1122.00 453.00
590.00 446.00
1212.00 455.00
1383.00 495.00
1551.00 507.00
422.00 507.00
1096.00 497.00
1224.00 539.00
1680.00 534.00
889.00 527.00
2015.00 548.00
595.00 558.00
1631.00 576.00
1928.00 581.00
871.00 586.00
1585.00 591.00
734.00 583.00
1694.00 597.00
1523.00 591.00
1354.00 606.00
520.00 608.00
648.00 608.00
1224.00 629.00
1095.00 644.00
1795.00 638.00
1171.00 648.00
1837.00 634.00
860.00 636.00
587.00 667.00
1703.00 681.00
1097.00 690.00
1571.00 696.00
1822.00 696.00
1206.00 716.00
1750.00 724.00
590.00 734.00
1945.00 720.00
1795.00 748.00
1211.00 773.00
1681.00 772.00
1789.00 792.00
754.00 819.00
847.00 797.00
1296.00 843.00
992.00 1127.00
1887.00 1119.00
