1472.00 35.00
440.00 9.00
1776.00 46.00
792.00 61.00
1417.00 56.00
391.00 40.00
1253.00 77.00
348.00 49.00
1473.00 82.00
1516.00 82.00
871.00 95.00
776.00 111.00
1053.00 111.00
1111.00 120.00
1205.00 176.00
1034.00 171.00
1080.00 167.00
1528.00 159.00
623.00 162.00
1437.00 181.00
1272.00 168.00
1574.00 183.00
168.00 150.00
1692.00 179.00
1152.00 176.00
1939.00 185.00
1304.00 239.00
1770.00 215.00
1620.00 226.00
1103.00 231.00
1215.00 255.00
1171.00 267.00
1388.00 260.00
228.00 237.00
471.00 250.00
361.00 247.00
1791.00 267.00
1550.00 308.00
1496.00 307.00
1280.00 304.00
254.00 280.00
1879.00 315.00
87.00 279.00
832.00 318.00
1634.00 329.00
599.00 312.00
1119.00 332.00
983.00 344.00
1218.00 347.00
702.00 338.00
1480.00 354.00
419.00 332.00
912.00 368.00
509.00 340.00
271.00 328.00
1328.00 352.00
11.00 322.00
1706.00 364.00
1758.00 365.00
1143.00 373.00
1389.00 368.00
1023.00 400.00
1452.00 400.00
619.00 380.00
1070.00 394.00
1279.00 405.00
1346.00 404.00
1494.00 407.00
681.00 389.00
1826.00 407.00
1726.00 411.00
255.00 392.00
298.00 390.00
975.00 428.00
1183.00 432.00
730.00 423.00
1411.00 435.00
477.00 418.00
1680.00 440.00
145.00 411.00
1272.00 473.00
470.00 471.00
616.00 479.00
949.00 500.00
767.00 498.00
874.00 531.00
519.00 525.00
1194.00 539.00
572.00 531.00
280.00 534.00
127.00 519.00
54.00 527.00
235.00 575.00
561.00 579.00
329.00 575.00
610.00 583.00
377.00 579.00
1587.00 598.00
1130.00 599.00
1325.00 602.00
687.00 613.00
281.00 587.00
829.00 737.00
1455.00 731.00
991.00 727.00
553.00 764.00
987.00 779.00
1216.00 789.00
1175.00 809.00
597.00 813.00
1302.00 852.00
1359.00 861.00
1414.00 861.00
712.00 882.00
1342.00 902.00
1166.00 918.00
1215.00 901.00
1470.00 1071.00
253.00 1191.00
1473.00 1183.00
