1639.00 104.00
1368.00 32.00
1200.00 40.00
127.00 8.00
1410.00 79.00
651.00 88.00
1575.00 158.00
1303.00 130.00
607.00 116.00
289.00 120.00
247.00 120.00
880.00 183.00
1409.00 186.00
1366.00 187.00
409.00 160.00
1762.00 345.00
303.00 171.00
251.00 162.00
1304.00 192.00
1376.00 229.00
1120.00 227.00
697.00 227.00
929.00 250.00
322.00 225.00
538.00 231.00
1000.00 240.00
1298.00 243.00
856.00 280.00
791.00 280.00
709.00 302.00
559.00 303.00
952.00 293.00
402.00 303.00
1372.00 328.00
33.00 298.00
624.00 289.00
1307.00 355.00
535.00 349.00
1672.00 466.00
965.00 353.00
60.00 341.00
1767.00 476.00
722.00 367.00
1591.00 434.00
447.00 365.00
1278.00 409.00
963.00 400.00
1227.00 402.00
1631.00 508.00
560.00 398.00
162.00 400.00
711.00 408.00
1091.00 432.00
774.00 433.00
495.00 434.00
624.00 437.00
352.00 437.00
1619.00 549.00
58.00 435.00
394.00 446.00
943.00 444.00
121.00 447.00
1675.00 572.00
521.00 480.00
584.00 512.00
1752.00 610.00
195.00 496.00
1246.00 516.00
1620.00 602.00
148.00 510.00
279.00 539.00
912.00 524.00
443.00 549.00
107.00 531.00
1762.00 656.00
743.00 570.00
1071.00 567.00
694.00 568.00
171.00 564.00
968.00 583.00
37.00 580.00
616.00 595.00
1131.00 637.00
1317.00 615.00
1204.00 635.00
38.00 623.00
963.00 645.00
859.00 643.00
564.00 642.00
744.00 645.00
606.00 645.00
785.00 645.00
682.00 646.00
294.00 645.00
1047.00 631.00
414.00 658.00
124.00 658.00
1229.00 688.00
874.00 684.00
548.00 683.00
1144.00 693.00
480.00 706.00
1321.00 728.00
687.00 707.00
785.00 707.00
983.00 717.00
136.00 707.00
439.00 728.00
593.00 728.00
1110.00 737.00
543.00 746.00
1002.00 772.00
201.00 747.00
1231.00 757.00
497.00 747.00
770.00 770.00
284.00 785.00
449.00 774.00
1321.00 792.00
722.00 787.00
813.00 748.00
1110.00 800.00
604.00 800.00
1778.00 879.00
1196.00 798.00
856.00 812.00
1034.00 821.00
465.00 822.00
1232.00 843.00
1324.00 857.00
1125.00 856.00
1083.00 842.00
1217.00 898.00
1063.00 898.00
459.00 905.00
1150.00 908.00
1326.00 912.00
349.00 952.00
1106.00 944.00
1151.00 962.00
1772.00 1008.00
1106.00 989.00
1206.00 1013.00
94.00 1037.00
412.00 1039.00
459.00 1039.00
366.00 1047.00
1780.00 1071.00
1237.00 1073.00
1331.00 1089.00
655.00 1128.00
505.00 1128.00
1776.00 1128.00
1333.00 1152.00
1682.00 1159.00
686.00 1171.00
734.00 1171.00
1108.00 1144.00
1288.00 1203.00
1343.00 1197.00
1209.00 1214.00
1407.00 1224.00
1761.00 1209.00
1241.00 1258.00
1081.00 1213.00
1398.00 1265.00
1803.00 1271.00
1342.00 1325.00
383.00 1316.00
1243.00 1324.00
304.00 1321.00
1387.00 1335.00
911.00 1332.00
170.00 1359.00
215.00 1370.00
273.00 1384.00
1244.00 1381.00
1408.00 1392.00
105.00 1384.00
1575.00 1367.00
1187.00 1403.00
344.00 1406.00
423.00 1407.00
1831.00 1407.00
274.00 1455.00
