1672.00 12.00
1559.00 24.00
1335.00 29.00
1874.00 15.00
1765.00 31.00
763.00 16.00
424.00 17.00
1257.00 73.00
1202.00 40.00
1674.00 72.00
1868.00 70.00
314.00 43.00
1608.00 55.00
1716.00 85.00
649.00 66.00
1337.00 96.00
1760.00 79.00
1670.00 120.00
9.00 72.00
1887.00 115.00
779.00 89.00
1474.00 128.00
1715.00 140.00
1807.00 139.00
1136.00 149.00
1272.00 154.00
69.00 115.00
718.00 117.00
1030.00 125.00
1340.00 145.00
1632.00 183.00
487.00 152.00
951.00 135.00
860.00 134.00
1912.00 179.00
1422.00 175.00
1822.00 180.00
719.00 159.00
351.00 176.00
1504.00 192.00
1759.00 197.00
981.00 185.00
1363.00 240.00
487.00 198.00
1120.00 217.00
1045.00 229.00
1871.00 260.00
1657.00 240.00
950.00 233.00
1173.00 247.00
1261.00 286.00
238.00 240.00
511.00 263.00
737.00 253.00
1342.00 298.00
452.00 256.00
330.00 252.00
409.00 276.00
1487.00 312.00
1002.00 281.00
1607.00 351.00
1262.00 343.00
1108.00 335.00
1846.00 344.00
1065.00 334.00
797.00 319.00
356.00 316.00
1488.00 359.00
1325.00 370.00
151.00 327.00
976.00 335.00
1395.00 379.00
1167.00 351.00
1023.00 358.00
242.00 358.00
799.00 372.00
1854.00 395.00
1713.00 386.00
39.00 364.00
352.00 409.00
1607.00 423.00
283.00 390.00
1358.00 450.00
1404.00 446.00
220.00 413.00
1046.00 464.00
1700.00 427.00
135.00 451.00
349.00 453.00
879.00 445.00
184.00 464.00
1772.00 493.00
1268.00 494.00
1414.00 518.00
70.00 484.00
1361.00 523.00
1179.00 499.00
346.00 501.00
1110.00 504.00
1658.00 536.00
871.00 498.00
1046.00 512.00
1703.00 545.00
1939.00 560.00
1814.00 572.00
1269.00 553.00
1478.00 567.00
1396.00 580.00
1178.00 555.00
1046.00 598.00
1089.00 566.00
1335.00 624.00
1835.00 614.00
1280.00 620.00
1398.00 634.00
572.00 610.00
219.00 620.00
1758.00 624.00
1920.00 656.00
180.00 664.00
1875.00 686.00
1331.00 671.00
1487.00 665.00
1024.00 688.00
105.00 680.00
1407.00 695.00
314.00 697.00
1700.00 716.00
1828.00 728.00
1175.00 735.00
1624.00 744.00
855.00 736.00
1231.00 738.00
1503.00 751.00
1716.00 784.00
1450.00 774.00
1113.00 764.00
134.00 774.00
993.00 760.00
1800.00 781.00
1047.00 768.00
1369.00 758.00
189.00 784.00
890.00 799.00
522.00 773.00
696.00 810.00
1470.00 823.00
1024.00 840.00
1338.00 856.00
701.00 856.00
1240.00 877.00
1420.00 878.00
1189.00 877.00
1467.00 903.00
65.00 923.00
1698.00 945.00
1757.00 949.00
1190.00 940.00
810.00 956.00
1467.00 983.00
1116.00 976.00
879.00 1000.00
1206.00 984.00
431.00 984.00
1692.00 1016.00
102.00 1002.00
231.00 1011.00
816.00 1010.00
57.00 1040.00
1334.00 1026.00
1042.00 1032.00
1164.00 1035.00
1380.00 1021.00
775.00 1023.00
1503.00 1064.00
872.00 1064.00
1454.00 1095.00
1223.00 1106.00
71.00 1104.00
800.00 1079.00
1405.00 1111.00
1293.00 1107.00
673.00 1119.00
935.00 1111.00
1465.00 1136.00
75.00 1158.00
1724.00 1162.00
1295.00 1183.00
163.00 1168.00
1815.00 1186.00
1405.00 1166.00
1000.00 1159.00
1724.00 1209.00
1344.00 1177.00
767.00 1200.00
1296.00 1266.00
1431.00 1232.00
613.00 1236.00
560.00 1259.00
1809.00 1236.00
475.00 1254.00
518.00 1258.00
1373.00 1252.00
1430.00 1273.00
663.00 1294.00
557.00 1320.00
1798.00 1321.00
1624.00 1361.00
793.00 1320.00
882.00 1352.00
1438.00 1391.00
658.00 1392.00
68.00 1383.00
1647.00 1421.00
726.00 1398.00
1491.00 1416.00
1848.00 1443.00
871.00 1408.00
1399.00 1453.00
697.00 1458.00
58.00 1487.00
511.00 1463.00
651.00 1472.00
1021.00 1443.00
565.00 1508.00
1184.00 1501.00
1928.00 1527.00
1020.00 1509.00
776.00 1516.00
899.00 1524.00
944.00 1527.00
