440.00 8.00
696.00 8.00
578.00 38.00
1454.00 41.00
1045.00 88.00
1184.00 81.00
966.00 99.00
19.00 111.00
1112.00 78.00
103.00 112.00
1579.00 89.00
790.00 112.00
327.00 159.00
1179.00 140.00
544.00 176.00
1400.00 134.00
458.00 155.00
386.00 170.00
187.00 160.00
783.00 184.00
35.00 195.00
1303.00 176.00
1360.00 223.00
1638.00 222.00
685.00 224.00
1191.00 232.00
471.00 287.00
1172.00 280.00
1311.00 264.00
1104.00 305.00
736.00 304.00
871.00 313.00
1552.00 264.00
808.00 337.00
1477.00 320.00
597.00 336.00
1343.00 327.00
1087.00 352.00
229.00 336.00
532.00 336.00
1992.00 301.00
1174.00 335.00
766.00 351.00
432.00 352.00
863.00 383.00
617.00 386.00
1272.00 391.00
1215.00 416.00
663.00 396.00
1481.00 405.00
286.00 418.00
807.00 438.00
1171.00 437.00
630.00 448.00
984.00 439.00
677.00 446.00
938.00 480.00
383.00 458.00
784.00 480.00
95.00 465.00
575.00 472.00
1432.00 461.00
1120.00 504.00
616.00 512.00
519.00 503.00
888.00 535.00
1007.00 521.00
1167.00 520.00
845.00 511.00
701.00 528.00
470.00 530.00
270.00 537.00
26.00 555.00
1397.00 533.00
1164.00 564.00
599.00 582.00
333.00 594.00
374.00 597.00
856.00 584.00
280.00 598.00
1024.00 586.00
1399.00 589.00
671.00 619.00
1430.00 631.00
1492.00 623.00
964.00 624.00
583.00 629.00
1323.00 624.00
830.00 638.00
422.00 643.00
627.00 642.00
216.00 645.00
476.00 667.00
1368.00 648.00
1037.00 635.00
668.00 662.00
1433.00 677.00
1321.00 665.00
856.00 696.00
318.00 686.00
431.00 701.00
1369.00 690.00
713.00 698.00
378.00 702.00
540.00 701.00
1208.00 735.00
241.00 744.00
639.00 740.00
1361.00 734.00
799.00 759.00
879.00 768.00
1187.00 784.00
591.00 794.00
1420.00 812.00
666.00 790.00
1500.00 803.00
1008.00 807.00
1088.00 800.00
1327.00 783.00
1357.00 838.00
1105.00 863.00
864.00 842.00
801.00 842.00
1058.00 866.00
1268.00 916.00
1128.00 960.00
1172.00 967.00
1425.00 1058.00
890.00 1054.00
737.00 1108.00
783.00 1109.00
1388.00 1116.00
414.00 1150.00
781.00 1174.00
735.00 1160.00
682.00 1176.00
808.00 1248.00
1192.00 1388.00
1194.00 1439.00
871.00 1519.00
