1330.00 39.00
914.00 86.00
1370.00 101.00
111.00 65.00
632.00 95.00
1392.00 159.00
104.00 110.00
1055.00 160.00
551.00 135.00
897.00 173.00
938.00 175.00
999.00 157.00
607.00 175.00
179.00 170.00
1329.00 201.00
343.00 207.00
930.00 222.00
631.00 248.00
120.00 216.00
1294.00 283.00
1336.00 276.00
567.00 255.00
926.00 282.00
288.00 267.00
843.00 304.00
495.00 271.00
692.00 270.00
224.00 275.00
969.00 320.00
345.00 328.00
528.00 327.00
932.00 361.00
752.00 359.00
1251.00 384.00
1112.00 380.00
168.00 351.00
109.00 350.00
290.00 375.00
931.00 407.00
1023.00 399.00
738.00 402.00
663.00 407.00
1292.00 437.00
1104.00 421.00
351.00 407.00
65.00 398.00
1226.00 443.00
405.00 409.00
823.00 464.00
728.00 458.00
1062.00 462.00
474.00 459.00
779.00 463.00
432.00 451.00
1228.00 504.00
128.00 463.00
1352.00 505.00
927.00 487.00
1034.00 504.00
442.00 500.00
673.00 511.00
719.00 527.00
1234.00 550.00
808.00 543.00
887.00 541.00
544.00 539.00
226.00 534.00
335.00 535.00
11.00 540.00
1183.00 579.00
447.00 559.00
820.00 626.00
321.00 631.00
1321.00 656.00
932.00 652.00
891.00 654.00
79.00 651.00
1496.00 688.00
1127.00 700.00
1002.00 692.00
898.00 696.00
496.00 691.00
333.00 691.00
1211.00 717.00
253.00 739.00
1271.00 719.00
737.00 735.00
421.00 745.00
869.00 757.00
1406.00 790.00
536.00 760.00
1198.00 795.00
1135.00 759.00
982.00 780.00
941.00 790.00
1324.00 786.00
788.00 757.00
1251.00 782.00
429.00 792.00
587.00 792.00
495.00 809.00
1110.00 800.00
1274.00 827.00
980.00 852.00
753.00 835.00
336.00 849.00
797.00 853.00
447.00 863.00
1319.00 914.00
918.00 891.00
1188.00 920.00
1295.00 971.00
1161.00 961.00
1242.00 985.00
756.00 986.00
1003.00 1006.00
1854.00 1072.00
608.00 1032.00
736.00 1040.00
391.00 1060.00
1277.00 1103.00
883.00 1131.00
1343.00 1135.00
976.00 1149.00
1344.00 1176.00
536.00 1259.00
451.00 1254.00
894.00 1323.00
495.00 1277.00
126.00 1302.00
225.00 1323.00
347.00 1321.00
1359.00 1417.00
1199.00 1511.00
836.00 1527.00
982.00 1526.00
179.00 1437.00
