1716.00 20.00
1557.00 24.00
481.00 8.00
382.00 12.00
621.00 32.00
433.00 35.00
992.00 71.00
1256.00 58.00
206.00 28.00
335.00 19.00
655.00 78.00
1000.00 123.00
1895.00 119.00
954.00 122.00
1503.00 144.00
1176.00 137.00
1433.00 161.00
672.00 135.00
1849.00 193.00
1243.00 167.00
1660.00 160.00
1792.00 184.00
342.00 135.00
528.00 192.00
1503.00 192.00
1103.00 247.00
1215.00 232.00
1172.00 253.00
56.00 216.00
915.00 246.00
1530.00 263.00
1612.00 263.00
1389.00 264.00
1819.00 268.00
537.00 280.00
329.00 274.00
282.00 273.00
234.00 273.00
831.00 335.00
1370.00 331.00
1000.00 327.00
1824.00 320.00
932.00 328.00
1935.00 346.00
1316.00 344.00
1122.00 344.00
228.00 336.00
1876.00 362.00
711.00 343.00
384.00 375.00
487.00 352.00
766.00 377.00
1654.00 375.00
27.00 353.00
920.00 400.00
1310.00 407.00
1415.00 412.00
965.00 398.00
873.00 403.00
601.00 426.00
496.00 423.00
1661.00 416.00
1868.00 423.00
360.00 421.00
1978.00 427.00
319.00 420.00
276.00 419.00
706.00 441.00
160.00 421.00
1055.00 439.00
1301.00 462.00
987.00 457.00
932.00 456.00
1249.00 464.00
1772.00 471.00
1714.00 476.00
1152.00 480.00
423.00 504.00
1616.00 502.00
316.00 471.00
825.00 531.00
921.00 502.00
1248.00 508.00
1337.00 509.00
962.00 501.00
1536.00 513.00
1719.00 517.00
1819.00 518.00
692.00 530.00
1280.00 551.00
1501.00 555.00
764.00 556.00
148.00 595.00
695.00 580.00
834.00 582.00
448.00 621.00
259.00 617.00
303.00 618.00
204.00 616.00
777.00 626.00
1655.00 644.00
839.00 623.00
880.00 650.00
279.00 665.00
1382.00 658.00
1169.00 681.00
1457.00 687.00
580.00 707.00
747.00 705.00
1116.00 724.00
462.00 739.00
414.00 730.00
351.00 738.00
1297.00 727.00
1688.00 734.00
1754.00 735.00
1053.00 723.00
1176.00 730.00
855.00 763.00
992.00 743.00
1529.00 810.00
1452.00 811.00
744.00 813.00
287.00 825.00
416.00 827.00
474.00 827.00
568.00 829.00
1032.00 824.00
1530.00 869.00
1586.00 870.00
1480.00 869.00
1418.00 879.00
743.00 854.00
633.00 873.00
383.00 896.00
1593.00 928.00
278.00 923.00
740.00 925.00
1384.00 953.00
890.00 952.00
796.00 952.00
1157.00 976.00
874.00 998.00
30.00 990.00
739.00 992.00
1862.00 1032.00
1208.00 1004.00
736.00 1038.00
1124.00 1042.00
849.00 1043.00
2029.00 1070.00
682.00 1037.00
1878.00 1106.00
646.00 1107.00
47.00 1115.00
735.00 1089.00
2002.00 1125.00
1942.00 1137.00
831.00 1144.00
1366.00 1152.00
1824.00 1162.00
1873.00 1164.00
872.00 1134.00
1665.00 1156.00
760.00 1154.00
992.00 1149.00
257.00 1207.00
759.00 1204.00
1727.00 1220.00
1905.00 1233.00
1530.00 1223.00
987.00 1242.00
250.00 1283.00
833.00 1277.00
1028.00 1277.00
141.00 1305.00
1454.00 1311.00
433.00 1321.00
482.00 1319.00
1223.00 1306.00
775.00 1320.00
247.00 1381.00
93.00 1366.00
360.00 1382.00
534.00 1381.00
1289.00 1442.00
1480.00 1472.00
126.00 1475.00
895.00 1514.00
