783.00 45.00
874.00 55.00
38.00 64.00
626.00 74.00
1810.00 59.00
1341.00 86.00
1240.00 193.00
784.00 203.00
1383.00 184.00
199.00 232.00
838.00 223.00
306.00 235.00
1040.00 256.00
1377.00 272.00
1292.00 266.00
922.00 279.00
1152.00 272.00
1651.00 258.00
1778.00 264.00
1564.00 268.00
175.00 285.00
292.00 303.00
698.00 314.00
1679.00 310.00
1799.00 318.00
881.00 355.00
1034.00 351.00
1741.00 338.00
1671.00 351.00
753.00 400.00
800.00 384.00
1559.00 391.00
851.00 398.00
1623.00 388.00
680.00 437.00
427.00 430.00
1097.00 446.00
958.00 448.00
1458.00 443.00
902.00 453.00
1192.00 465.00
1782.00 470.00
1390.00 495.00
336.00 503.00
1738.00 500.00
1221.00 508.00
564.00 559.00
159.00 526.00
1179.00 534.00
977.00 535.00
109.00 535.00
492.00 559.00
1669.00 550.00
1800.00 566.00
674.00 631.00
277.00 592.00
488.00 619.00
1467.00 580.00
371.00 670.00
81.00 635.00
19.00 680.00
288.00 686.00
647.00 710.00
24.00 731.00
537.00 727.00
342.00 759.00
623.00 814.00
697.00 814.00
718.00 856.00
804.00 849.00
334.00 873.00
548.00 930.00
619.00 929.00
346.00 920.00
490.00 952.00
335.00 1062.00
1483.00 1311.00
1381.00 1328.00
1445.00 1363.00
1486.00 1377.00
