1844.00 445.00
1777.00 438.00
1984.00 514.00
278.00 339.00
807.00 438.00
781.00 560.00
307.00 520.00
1299.00 656.00
1376.00 663.00
1418.00 829.00
687.00 782.00
1509.00 908.00
1573.00 915.00
1464.00 912.00
1385.00 924.00
678.00 871.00
1178.00 921.00
354.00 863.00
1353.00 999.00
1290.00 1029.00
700.00 988.00
1173.00 1036.00
373.00 1017.00
1024.00 1077.00
648.00 1040.00
1088.00 1077.00
1233.00 1142.00
1152.00 1155.00
1281.00 1176.00
20.00 1115.00
1102.00 1188.00
1330.00 1226.00
392.00 1151.00
1041.00 1198.00
948.00 1196.00
1193.00 1210.00
1247.00 1256.00
624.00 1176.00
1102.00 1240.00
1735.00 1395.00
1220.00 1297.00
1608.00 1377.00
1171.00 1299.00
1258.00 1342.00
408.00 1224.00
890.00 1282.00
590.00 1267.00
1652.00 1427.00
110.00 1261.00
195.00 1291.00
464.00 1308.00
1384.00 1433.00
539.00 1313.00
716.00 1323.00
1249.00 1385.00
1072.00 1345.00
1153.00 1349.00
1429.00 1429.00
1565.00 1453.00
1611.00 1438.00
845.00 1349.00
1655.00 1492.00
1877.00 1520.00
554.00 1364.00
675.00 1378.00
1379.00 1484.00
992.00 1420.00
596.00 1418.00
1618.00 1582.00
1477.00 1500.00
312.00 1438.00
453.00 1438.00
1763.00 1592.00
1151.00 1477.00
1660.00 1585.00
1246.00 1529.00
533.00 1476.00
972.00 1500.00
859.00 1488.00
1866.00 1626.00
1019.00 1542.00
288.00 1486.00
1147.00 1566.00
1216.00 1570.00
930.00 1544.00
371.00 1537.00
680.00 1572.00
493.00 1532.00
309.00 1549.00
1865.00 1689.00
639.00 1560.00
1818.00 1694.00
1039.00 1592.00
234.00 1595.00
868.00 1621.00
1771.00 1720.00
1057.00 1649.00
818.00 1609.00
1336.00 1724.00
761.00 1632.00
902.00 1696.00
151.00 1639.00
1005.00 1693.00
377.00 1656.00
794.00 1684.00
80.00 1650.00
1305.00 1778.00
1465.00 1790.00
1629.00 1790.00
499.00 1700.00
1078.00 1738.00
1121.00 1799.00
409.00 1762.00
580.00 1761.00
849.00 1800.00
1036.00 1791.00
1600.00 1884.00
1137.00 1912.00
599.00 1942.00
924.00 2080.00
1175.00 2110.00
860.00 2125.00
912.00 2157.00
429.00 2205.00
725.00 2257.00
1613.00 2329.00
705.00 2401.00
1261.00 2388.00
929.00 2424.00
495.00 2467.00
1759.00 2522.00
1070.00 2773.00
