494.00 591.00
312.00 628.00
1492.00 412.00
1531.00 606.00
596.00 876.00
1545.00 742.00
558.00 1075.00
787.00 1044.00
928.00 1026.00
1288.00 975.00
1958.00 938.00
1576.00 987.00
1429.00 1022.00
1733.00 990.00
758.00 1123.00
991.00 1082.00
1952.00 988.00
435.00 1198.00
722.00 1174.00
340.00 1217.00
922.00 1164.00
1601.00 1092.00
240.00 1240.00
1380.00 1121.00
2047.00 1031.00
1962.00 1061.00
536.00 1237.00
645.00 1228.00
736.00 1220.00
1741.00 1122.00
1818.00 1115.00
1618.00 1144.00
773.00 1286.00
537.00 1299.00
1031.00 1259.00
634.00 1276.00
1418.00 1227.00
566.00 1357.00
271.00 1394.00
633.00 1367.00
874.00 1347.00
675.00 1364.00
1441.00 1311.00
825.00 1400.00
962.00 1400.00
784.00 1414.00
426.00 1481.00
470.00 1443.00
1487.00 1412.00
463.00 1524.00
788.00 1531.00
722.00 1548.00
393.00 1570.00
1150.00 1526.00
873.00 1563.00
763.00 1575.00
1786.00 1533.00
835.00 1646.00
1958.00 1618.00
683.00 1688.00
815.00 1781.00
640.00 1779.00
419.00 1807.00
508.00 1880.00
1404.00 1991.00
410.00 2114.00
839.00 2119.00
577.00 2350.00
644.00 2373.00
423.00 2613.00
491.00 2655.00
524.00 2759.00
751.00 2826.00
475.00 2861.00
