689.00 508.00
453.00 501.00
766.00 489.00
345.00 564.00
731.00 585.00
1943.00 556.00
1796.00 467.00
351.00 629.00
820.00 568.00
1298.00 553.00
1826.00 573.00
684.00 677.00
1760.00 600.00
789.00 626.00
1251.00 576.00
546.00 689.00
1217.00 623.00
1515.00 571.00
1638.00 584.00
444.00 710.00
1875.00 664.00
692.00 758.00
743.00 760.00
380.00 759.00
1326.00 660.00
806.00 723.00
1243.00 678.00
1559.00 656.00
1708.00 668.00
1506.00 659.00
1628.00 650.00
1785.00 702.00
665.00 802.00
397.00 848.00
409.00 800.00
1293.00 749.00
1949.00 784.00
716.00 858.00
566.00 821.00
1570.00 744.00
165.00 910.00
1904.00 797.00
334.00 912.00
1747.00 828.00
1792.00 814.00
404.00 949.00
1910.00 855.00
288.00 956.00
1998.00 908.00
339.00 964.00
237.00 1000.00
1695.00 854.00
1950.00 916.00
1299.00 863.00
2032.00 961.00
1883.00 905.00
803.00 905.00
608.00 1003.00
563.00 989.00
53.00 1129.00
376.00 1028.00
508.00 1037.00
1254.00 935.00
1873.00 970.00
1345.00 935.00
462.00 1075.00
770.00 1055.00
614.00 1111.00
1701.00 974.00
1867.00 1033.00
1994.00 1077.00
1909.00 1018.00
700.00 1079.00
466.00 1172.00
287.00 1169.00
1951.00 1095.00
528.00 1162.00
660.00 1154.00
1676.00 1057.00
2015.00 1165.00
1078.00 1090.00
1737.00 1089.00
1324.00 1077.00
137.00 1225.00
299.00 1234.00
403.00 1246.00
1313.00 1127.00
359.00 1256.00
1369.00 1131.00
2009.00 1242.00
1910.00 1212.00
444.00 1297.00
563.00 1279.00
255.00 1308.00
1337.00 1176.00
587.00 1329.00
1052.00 1194.00
1094.00 1192.00
1915.00 1266.00
1611.00 1226.00
497.00 1337.00
1668.00 1260.00
408.00 1355.00
319.00 1372.00
8.00 1429.00
223.00 1372.00
367.00 1378.00
1874.00 1317.00
278.00 1402.00
555.00 1405.00
1922.00 1332.00
490.00 1392.00
1773.00 1335.00
76.00 1413.00
221.00 1414.00
398.00 1420.00
355.00 1421.00
1937.00 1392.00
1874.00 1383.00
1330.00 1351.00
598.00 1469.00
537.00 1471.00
229.00 1478.00
427.00 1474.00
188.00 1494.00
535.00 1546.00
356.00 1542.00
1915.00 1546.00
269.00 1616.00
2055.00 1623.00
1331.00 1512.00
1981.00 1615.00
374.00 1654.00
2092.00 1677.00
1977.00 1675.00
294.00 1704.00
1886.00 1691.00
524.00 1717.00
1981.00 1732.00
1929.00 1736.00
312.00 1753.00
1331.00 1740.00
524.00 1778.00
313.00 1822.00
568.00 1799.00
152.00 1853.00
524.00 1819.00
578.00 1905.00
416.00 1899.00
366.00 1908.00
524.00 1880.00
156.00 1917.00
538.00 1954.00
324.00 1968.00
239.00 2028.00
425.00 2110.00
21.00 2126.00
590.00 2165.00
1953.00 2197.00
2008.00 2217.00
646.00 2187.00
678.00 2229.00
635.00 2255.00
116.00 2269.00
563.00 2312.00
132.00 2316.00
342.00 2322.00
266.00 2321.00
429.00 2444.00
577.00 2484.00
384.00 2555.00
114.00 2564.00
