1463.00 604.00
1564.00 679.00
1395.00 648.00
1439.00 690.00
1578.00 722.00
1344.00 642.00
441.00 512.00
1106.00 672.00
1263.00 705.00
1266.00 763.00
1177.00 785.00
1020.00 769.00
442.00 744.00
1118.00 842.00
1166.00 842.00
1018.00 860.00
1488.00 949.00
1100.00 887.00
8.00 744.00
884.00 898.00
829.00 899.00
1455.00 1012.00
1047.00 954.00
1255.00 1033.00
977.00 976.00
1273.00 1079.00
904.00 1045.00
824.00 1069.00
691.00 1066.00
1269.00 1151.00
1454.00 1171.00
1200.00 1171.00
1575.00 1185.00
1691.00 1208.00
866.00 1130.00
950.00 1156.00
1271.00 1207.00
299.00 1091.00
1555.00 1226.00
1127.00 1221.00
1049.00 1219.00
653.00 1178.00
599.00 1177.00
253.00 1140.00
967.00 1215.00
879.00 1210.00
504.00 1178.00
1552.00 1286.00
1335.00 1293.00
1499.00 1287.00
664.00 1223.00
1051.00 1296.00
1166.00 1308.00
723.00 1244.00
771.00 1249.00
1402.00 1350.00
919.00 1267.00
997.00 1307.00
1288.00 1302.00
839.00 1259.00
1347.00 1375.00
525.00 1264.00
1144.00 1349.00
1511.00 1377.00
1699.00 1380.00
694.00 1298.00
1261.00 1351.00
650.00 1304.00
1647.00 1377.00
1038.00 1359.00
1564.00 1364.00
407.00 1298.00
569.00 1315.00
1448.00 1403.00
746.00 1382.00
469.00 1328.00
1548.00 1424.00
1721.00 1444.00
1219.00 1415.00
575.00 1375.00
1055.00 1417.00
169.00 1362.00
13.00 1374.00
495.00 1386.00
423.00 1383.00
690.00 1430.00
790.00 1413.00
1603.00 1476.00
1678.00 1483.00
840.00 1479.00
413.00 1430.00
1388.00 1530.00
1558.00 1511.00
104.00 1427.00
752.00 1526.00
1721.00 1544.00
1630.00 1517.00
318.00 1513.00
255.00 1482.00
10.00 1472.00
534.00 1579.00
1383.00 1600.00
680.00 1630.00
149.00 1580.00
499.00 1638.00
213.00 1605.00
737.00 1690.00
575.00 1694.00
725.00 1737.00
671.00 1803.00
626.00 1793.00
1282.00 1874.00
1327.00 1895.00
1464.00 1908.00
677.00 1852.00
1267.00 1917.00
518.00 1888.00
676.00 1989.00
1467.00 2065.00
1257.00 2101.00
621.00 2119.00
1197.00 2157.00
1347.00 2199.00
599.00 2293.00
1190.00 2334.00
1296.00 2372.00
984.00 2429.00
696.00 2489.00
969.00 2486.00
1059.00 2548.00
