865.00 326.00
685.00 418.00
391.00 522.00
1205.00 342.00
152.00 552.00
271.00 560.00
904.00 483.00
814.00 486.00
1652.00 331.00
30.00 620.00
573.00 538.00
614.00 545.00
1094.00 487.00
353.00 632.00
1330.00 519.00
161.00 686.00
861.00 609.00
1285.00 555.00
339.00 730.00
619.00 670.00
841.00 705.00
752.00 705.00
170.00 839.00
97.00 826.00
256.00 817.00
2133.00 552.00
364.00 811.00
92.00 921.00
927.00 809.00
1055.00 817.00
1137.00 806.00
459.00 925.00
1490.00 831.00
524.00 913.00
279.00 954.00
1027.00 926.00
391.00 986.00
632.00 966.00
1090.00 911.00
298.00 1035.00
727.00 1006.00
532.00 1029.00
387.00 1046.00
180.00 1071.00
818.00 1070.00
1132.00 1058.00
699.00 1099.00
554.00 1118.00
1379.00 1048.00
208.00 1161.00
605.00 1157.00
1698.00 1056.00
1440.00 1107.00
231.00 1214.00
423.00 1212.00
276.00 1203.00
378.00 1231.00
806.00 1221.00
436.00 1265.00
935.00 1229.00
1771.00 1176.00
1541.00 1204.00
159.00 1310.00
595.00 1313.00
546.00 1319.00
1162.00 1306.00
462.00 1330.00
792.00 1308.00
380.00 1343.00
1305.00 1287.00
1813.00 1252.00
222.00 1369.00
331.00 1368.00
1617.00 1278.00
172.00 1373.00
2142.00 1255.00
619.00 1368.00
1222.00 1338.00
1116.00 1386.00
218.00 1445.00
1234.00 1399.00
1178.00 1411.00
104.00 1473.00
1368.00 1412.00
1299.00 1427.00
215.00 1494.00
1491.00 1446.00
1371.00 1462.00
1602.00 1473.00
346.00 1532.00
965.00 1511.00
1358.00 1511.00
1592.00 1538.00
957.00 1566.00
319.00 1619.00
1392.00 1596.00
1334.00 1582.00
596.00 1626.00
763.00 1663.00
971.00 1629.00
1079.00 1621.00
1589.00 1601.00
338.00 1660.00
855.00 1660.00
1576.00 1670.00
1119.00 1771.00
1503.00 1724.00
469.00 1936.00
1242.00 1855.00
27.00 1976.00
1433.00 1915.00
156.00 2029.00
626.00 2015.00
1119.00 1994.00
215.00 2108.00
639.00 2148.00
1453.00 2388.00
494.00 2552.00
1094.00 2467.00
1348.00 2503.00
