1066.00 201.00
1929.00 259.00
489.00 343.00
966.00 373.00
1621.00 409.00
1910.00 433.00
1722.00 409.00
1837.00 494.00
1950.00 533.00
2115.00 538.00
525.00 625.00
1761.00 621.00
1698.00 700.00
1803.00 704.00
562.00 760.00
1590.00 755.00
1782.00 767.00
914.00 767.00
1409.00 782.00
1892.00 792.00
1487.00 783.00
2001.00 792.00
2079.00 821.00
588.00 864.00
1790.00 850.00
1599.00 856.00
577.00 921.00
361.00 905.00
936.00 912.00
2002.00 969.00
604.00 986.00
1287.00 994.00
886.00 987.00
1180.00 1018.00
1781.00 994.00
1574.00 1097.00
1482.00 1096.00
1647.00 1082.00
1694.00 1082.00
585.00 1150.00
1822.00 1104.00
1260.00 1145.00
280.00 1151.00
874.00 1149.00
1211.00 1147.00
1735.00 1145.00
1892.00 1149.00
632.00 1176.00
1330.00 1179.00
926.00 1215.00
1258.00 1214.00
335.00 1234.00
1672.00 1212.00
663.00 1250.00
862.00 1249.00
1200.00 1245.00
1142.00 1250.00
1312.00 1283.00
1604.00 1246.00
1230.00 1302.00
1763.00 1320.00
1415.00 1321.00
1096.00 1330.00
1305.00 1325.00
852.00 1330.00
1504.00 1328.00
690.00 1379.00
1318.00 1404.00
1929.00 1383.00
1059.00 1392.00
624.00 1421.00
756.00 1433.00
1223.00 1426.00
1271.00 1426.00
832.00 1488.00
398.00 1492.00
707.00 1491.00
1248.00 1517.00
342.00 1540.00
1240.00 1572.00
1409.00 1592.00
1596.00 1604.00
1016.00 1586.00
442.00 1611.00
840.00 1598.00
1520.00 1606.00
1458.00 1600.00
1312.00 1623.00
1862.00 1629.00
798.00 1642.00
1251.00 1647.00
1777.00 1656.00
2124.00 1682.00
1347.00 1686.00
1456.00 1699.00
1046.00 1706.00
1596.00 1724.00
1289.00 1731.00
316.00 1777.00
1435.00 1778.00
1189.00 1783.00
1238.00 1828.00
312.00 1833.00
1197.00 1884.00
1539.00 1904.00
1178.00 1934.00
1115.00 1978.00
1139.00 2465.00
