517.00 204.00
1597.00 371.00
1557.00 506.00
1990.00 451.00
1050.00 473.00
1009.00 485.00
1470.00 533.00
1040.00 541.00
1199.00 575.00
1470.00 581.00
1535.00 613.00
767.00 581.00
1077.00 598.00
1965.00 599.00
75.00 598.00
1443.00 656.00
116.00 606.00
1041.00 669.00
2069.00 614.00
1968.00 660.00
842.00 655.00
1059.00 751.00
1500.00 731.00
1163.00 732.00
926.00 771.00
246.00 771.00
1307.00 801.00
128.00 791.00
1064.00 831.00
2083.00 822.00
1399.00 855.00
776.00 845.00
333.00 861.00
1164.00 947.00
1547.00 923.00
1442.00 926.00
1591.00 971.00
1770.00 1020.00
417.00 963.00
1423.00 987.00
120.00 983.00
1088.00 1021.00
181.00 1000.00
482.00 1020.00
864.00 1032.00
1602.00 1071.00
159.00 1049.00
1265.00 1081.00
1083.00 1083.00
998.00 1084.00
1380.00 1131.00
277.00 1081.00
365.00 1056.00
1443.00 1127.00
467.00 1122.00
2117.00 1168.00
924.00 1174.00
588.00 1145.00
39.00 1158.00
166.00 1117.00
1423.00 1183.00
1188.00 1197.00
1346.00 1197.00
32.00 1216.00
372.00 1218.00
1425.00 1284.00
1130.00 1271.00
1378.00 1303.00
636.00 1282.00
2142.00 1287.00
710.00 1289.00
953.00 1329.00
1001.00 1331.00
1362.00 1346.00
156.00 1338.00
1320.00 1343.00
1839.00 1343.00
365.00 1322.00
1128.00 1344.00
1428.00 1375.00
1900.00 1382.00
748.00 1393.00
1082.00 1400.00
1230.00 1399.00
1314.00 1406.00
872.00 1401.00
1024.00 1416.00
1138.00 1433.00
1417.00 1454.00
1755.00 1459.00
728.00 1446.00
1315.00 1489.00
603.00 1478.00
387.00 1461.00
253.00 1486.00
343.00 1463.00
669.00 1466.00
31.00 1466.00
1907.00 1506.00
1421.00 1509.00
1274.00 1518.00
1046.00 1488.00
960.00 1507.00
912.00 1510.00
808.00 1511.00
384.00 1531.00
552.00 1539.00
50.00 1601.00
1424.00 1555.00
1046.00 1566.00
1180.00 1587.00
1088.00 1590.00
638.00 1611.00
412.00 1661.00
1326.00 1656.00
307.00 1696.00
1277.00 1623.00
1090.00 1652.00
98.00 1699.00
1158.00 1688.00
1425.00 1716.00
320.00 1748.00
1293.00 1701.00
896.00 1743.00
450.00 1808.00
1017.00 1789.00
396.00 1842.00
607.00 1825.00
955.00 1835.00
1137.00 1845.00
1418.00 1851.00
1626.00 1840.00
962.00 1903.00
1450.00 1993.00
342.00 2083.00
291.00 2113.00
224.00 2117.00
478.00 2135.00
1382.00 2178.00
1665.00 2230.00
387.00 2250.00
132.00 2284.00
54.00 2282.00
2029.00 2300.00
1839.00 2303.00
47.00 2343.00
93.00 2344.00
1604.00 2344.00
429.00 2390.00
323.00 2404.00
246.00 2411.00
851.00 2392.00
327.00 2488.00
196.00 2550.00
979.00 2574.00
