1599.00 252.00
1164.00 371.00
2069.00 449.00
779.00 765.00
1656.00 657.00
820.00 792.00
629.00 805.00
1660.00 797.00
1671.00 895.00
824.00 995.00
955.00 976.00
1676.00 968.00
1679.00 1053.00
451.00 1166.00
961.00 1128.00
1445.00 1084.00
753.00 1139.00
2030.00 1056.00
1538.00 1110.00
1813.00 1086.00
844.00 1176.00
949.00 1169.00
1622.00 1124.00
595.00 1257.00
1686.00 1169.00
1483.00 1191.00
1060.00 1226.00
2019.00 1160.00
518.00 1267.00
2106.00 1160.00
1595.00 1212.00
1819.00 1193.00
1320.00 1236.00
1880.00 1190.00
930.00 1268.00
984.00 1264.00
796.00 1279.00
1679.00 1221.00
1997.00 1206.00
1066.00 1277.00
627.00 1346.00
1143.00 1305.00
1495.00 1276.00
682.00 1339.00
533.00 1412.00
794.00 1395.00
1997.00 1292.00
1694.00 1335.00
1052.00 1377.00
982.00 1381.00
924.00 1427.00
696.00 1440.00
1742.00 1397.00
1333.00 1432.00
988.00 1445.00
842.00 1475.00
931.00 1487.00
867.00 1545.00
942.00 1541.00
1210.00 1541.00
818.00 1591.00
1044.00 1601.00
1143.00 1596.00
1459.00 1602.00
800.00 1844.00
845.00 1857.00
1262.00 1937.00
1503.00 1959.00
1163.00 2039.00
950.00 2102.00
1091.00 2078.00
1157.00 2092.00
1200.00 2151.00
1364.00 2191.00
1025.00 2227.00
1071.00 2248.00
1652.00 2247.00
1188.00 2377.00
1231.00 2433.00
1626.00 2417.00
1395.00 2444.00
1291.00 2726.00
