427.00 617.00
519.00 627.00
560.00 634.00
1467.00 620.00
1231.00 624.00
553.00 693.00
424.00 719.00
1108.00 655.00
552.00 752.00
1001.00 676.00
471.00 757.00
771.00 654.00
1291.00 712.00
209.00 791.00
1110.00 772.00
1613.00 799.00
1264.00 805.00
286.00 879.00
89.00 883.00
1190.00 811.00
189.00 922.00
1140.00 816.00
380.00 931.00
299.00 932.00
120.00 941.00
39.00 930.00
1478.00 900.00
1159.00 870.00
1057.00 866.00
337.00 983.00
44.00 988.00
408.00 1024.00
99.00 995.00
1056.00 908.00
1111.00 911.00
61.00 1042.00
503.00 1017.00
1297.00 961.00
441.00 1076.00
2060.00 1017.00
789.00 970.00
1599.00 999.00
1111.00 1024.00
1900.00 1023.00
1002.00 993.00
318.00 1113.00
1779.00 1038.00
723.00 1015.00
535.00 1148.00
1185.00 1022.00
362.00 1152.00
908.00 1047.00
422.00 1130.00
1004.00 1039.00
1007.00 1082.00
578.00 1098.00
673.00 1096.00
642.00 1052.00
814.00 1079.00
752.00 1080.00
1438.00 1120.00
936.00 1097.00
509.00 1210.00
1298.00 1088.00
992.00 1125.00
1113.00 1107.00
338.00 1199.00
1563.00 1125.00
256.00 1237.00
457.00 1253.00
412.00 1252.00
945.00 1171.00
1299.00 1144.00
1506.00 1143.00
716.00 1157.00
1234.00 1146.00
814.00 1188.00
901.00 1183.00
208.00 1297.00
263.00 1294.00
22.00 1288.00
669.00 1235.00
1004.00 1166.00
539.00 1261.00
813.00 1251.00
910.00 1268.00
1300.00 1231.00
429.00 1365.00
980.00 1288.00
32.00 1374.00
712.00 1325.00
1114.00 1289.00
1301.00 1280.00
372.00 1401.00
444.00 1406.00
813.00 1304.00
579.00 1328.00
74.00 1417.00
943.00 1356.00
142.00 1422.00
1115.00 1395.00
387.00 1443.00
205.00 1447.00
1002.00 1360.00
896.00 1394.00
71.00 1458.00
248.00 1475.00
1111.00 1442.00
1327.00 1454.00
699.00 1406.00
61.00 1533.00
994.00 1470.00
199.00 1535.00
736.00 1483.00
843.00 1496.00
900.00 1503.00
161.00 1585.00
103.00 1574.00
558.00 1534.00
236.00 1590.00
328.00 1611.00
884.00 1559.00
631.00 1575.00
150.00 1648.00
908.00 1605.00
809.00 1603.00
1061.00 1633.00
977.00 1613.00
71.00 1687.00
275.00 1674.00
659.00 1623.00
21.00 1686.00
901.00 1657.00
831.00 1675.00
294.00 1729.00
524.00 1731.00
157.00 1742.00
1778.00 1726.00
882.00 1737.00
737.00 1718.00
818.00 1720.00
271.00 1774.00
369.00 1775.00
1126.00 1754.00
843.00 1789.00
708.00 1770.00
956.00 1795.00
1517.00 1803.00
895.00 1785.00
368.00 1833.00
327.00 1833.00
757.00 1809.00
247.00 1845.00
22.00 1847.00
1467.00 1827.00
67.00 1870.00
847.00 1839.00
693.00 1844.00
427.00 1878.00
350.00 1886.00
802.00 1867.00
542.00 1878.00
167.00 1917.00
474.00 1920.00
713.00 1933.00
825.00 1933.00
666.00 1937.00
59.00 1959.00
533.00 1959.00
969.00 1970.00
423.00 1954.00
336.00 1996.00
635.00 1999.00
704.00 2002.00
582.00 2031.00
81.00 2045.00
927.00 2044.00
702.00 2055.00
436.00 2073.00
1021.00 2067.00
525.00 2064.00
359.00 2074.00
586.00 2075.00
975.00 2021.00
168.00 2086.00
575.00 2132.00
509.00 2124.00
1021.00 2151.00
910.00 2180.00
125.00 2180.00
663.00 2188.00
709.00 2170.00
831.00 2204.00
315.00 2215.00
972.00 2207.00
504.00 2227.00
66.00 2234.00
455.00 2240.00
555.00 2262.00
628.00 2265.00
9.00 2256.00
791.00 2268.00
409.00 2264.00
869.00 2271.00
956.00 2271.00
1056.00 2260.00
1384.00 2283.00
1472.00 2284.00
1655.00 2290.00
504.00 2279.00
82.00 2319.00
418.00 2313.00
711.00 2312.00
23.00 2343.00
202.00 2338.00
288.00 2341.00
1128.00 2319.00
1175.00 2322.00
1336.00 2321.00
377.00 2352.00
504.00 2320.00
978.00 2326.00
445.00 2356.00
628.00 2359.00
735.00 2359.00
935.00 2365.00
977.00 2368.00
1241.00 2377.00
1087.00 2417.00
710.00 2451.00
476.00 2478.00
989.00 2479.00
832.00 2508.00
