1082.00 372.00
691.00 495.00
911.00 561.00
1717.00 424.00
1275.00 534.00
811.00 688.00
862.00 683.00
1191.00 616.00
862.00 734.00
1014.00 717.00
815.00 766.00
756.00 778.00
577.00 799.00
1495.00 639.00
1074.00 735.00
1415.00 708.00
832.00 830.00
1871.00 657.00
757.00 866.00
648.00 855.00
1588.00 735.00
983.00 867.00
923.00 870.00
831.00 889.00
1719.00 772.00
895.00 959.00
1583.00 836.00
755.00 1000.00
698.00 1011.00
852.00 970.00
1616.00 910.00
945.00 991.00
1852.00 871.00
756.00 1080.00
842.00 1055.00
1007.00 1036.00
2151.00 892.00
1293.00 1013.00
885.00 1093.00
1208.00 1082.00
1751.00 987.00
1130.00 1094.00
830.00 1117.00
752.00 1162.00
2143.00 976.00
1685.00 1053.00
1839.00 1028.00
885.00 1168.00
1128.00 1177.00
1177.00 1193.00
1013.00 1195.00
920.00 1209.00
1723.00 1128.00
828.00 1221.00
1503.00 1193.00
754.00 1323.00
828.00 1301.00
1397.00 1253.00
1800.00 1207.00
1297.00 1277.00
1699.00 1250.00
1536.00 1274.00
1609.00 1273.00
908.00 1342.00
1451.00 1348.00
807.00 1409.00
1010.00 1397.00
1538.00 1317.00
1853.00 1317.00
1575.00 1366.00
1346.00 1383.00
1738.00 1353.00
1131.00 1420.00
1012.00 1443.00
1541.00 1421.00
1348.00 1443.00
1785.00 1411.00
2120.00 1384.00
1132.00 1476.00
1686.00 1431.00
1901.00 1432.00
1415.00 1482.00
961.00 1522.00
1519.00 1488.00
1086.00 1533.00
651.00 1568.00
1706.00 1503.00
825.00 1565.00
1618.00 1579.00
1546.00 1557.00
1465.00 1571.00
1922.00 1547.00
1708.00 1561.00
1323.00 1592.00
452.00 1674.00
2094.00 1603.00
1664.00 1623.00
1335.00 1666.00
1553.00 1662.00
1425.00 1658.00
680.00 1699.00
1858.00 1674.00
520.00 1743.00
1955.00 1685.00
2147.00 1704.00
1554.00 1724.00
2072.00 1728.00
1143.00 1759.00
1320.00 1815.00
1004.00 1851.00
1274.00 1847.00
998.00 1926.00
1066.00 1952.00
453.00 1998.00
1385.00 2043.00
1191.00 2044.00
1088.00 2049.00
1338.00 2054.00
1087.00 2119.00
1213.00 2107.00
1034.00 2116.00
1539.00 2113.00
1403.00 2120.00
1242.00 2178.00
2030.00 2153.00
1161.00 2207.00
1418.00 2219.00
1563.00 2256.00
2147.00 2235.00
1303.00 2314.00
1084.00 2354.00
1006.00 2400.00
1248.00 2344.00
1938.00 2382.00
