267.00 306.00
676.00 460.00
335.00 508.00
410.00 508.00
328.00 552.00
1423.00 484.00
1073.00 543.00
1696.00 622.00
2082.00 614.00
1107.00 712.00
1616.00 689.00
1084.00 817.00
1594.00 782.00
117.00 907.00
583.00 925.00
1280.00 901.00
1984.00 849.00
1128.00 931.00
1878.00 888.00
1823.00 931.00
1766.00 961.00
2094.00 950.00
48.00 1064.00
1707.00 974.00
419.00 1068.00
1599.00 1026.00
1714.00 1061.00
109.00 1133.00
320.00 1135.00
1547.00 1069.00
463.00 1139.00
676.00 1135.00
746.00 1142.00
1090.00 1143.00
1195.00 1152.00
40.00 1200.00
1496.00 1132.00
836.00 1187.00
463.00 1227.00
116.00 1234.00
1618.00 1202.00
854.00 1269.00
1690.00 1221.00
1461.00 1259.00
1313.00 1265.00
1537.00 1230.00
408.00 1299.00
468.00 1303.00
1326.00 1306.00
1512.00 1347.00
1851.00 1336.00
319.00 1392.00
497.00 1391.00
547.00 1394.00
190.00 1408.00
1318.00 1424.00
166.00 1473.00
1240.00 1459.00
1319.00 1509.00
645.00 1506.00
539.00 1523.00
447.00 1535.00
1394.00 1545.00
349.00 1592.00
690.00 1578.00
1159.00 1585.00
1110.00 1574.00
841.00 1628.00
458.00 1683.00
1284.00 1655.00
1165.00 1670.00
1459.00 1689.00
1350.00 1687.00
856.00 1704.00
632.00 1718.00
975.00 1724.00
284.00 1792.00
1244.00 1732.00
1393.00 1741.00
1327.00 1758.00
208.00 1858.00
1095.00 1818.00
190.00 1907.00
564.00 1826.00
621.00 1860.00
1399.00 1850.00
536.00 1925.00
743.00 1924.00
1332.00 1927.00
578.00 1983.00
646.00 1984.00
1171.00 1961.00
231.00 2061.00
1399.00 2002.00
176.00 2089.00
64.00 2110.00
40.00 2189.00
499.00 2143.00
1674.00 2133.00
1079.00 2152.00
183.00 2251.00
133.00 2280.00
415.00 2233.00
299.00 2285.00
29.00 2336.00
769.00 2238.00
989.00 2288.00
734.00 2321.00
688.00 2322.00
814.00 2385.00
17.00 2498.00
115.00 2545.00
190.00 2554.00
164.00 2642.00
242.00 2611.00
8.00 2634.00
567.00 2576.00
381.00 2584.00
407.00 2741.00
