484.00 47.00
1014.00 146.00
458.00 122.00
637.00 178.00
333.00 139.00
2088.00 336.00
528.00 227.00
407.00 215.00
1059.00 299.00
1230.00 389.00
591.00 331.00
2029.00 472.00
488.00 407.00
1264.00 561.00
1311.00 567.00
480.00 582.00
688.00 599.00
742.00 647.00
1287.00 684.00
609.00 691.00
741.00 688.00
544.00 676.00
2151.00 820.00
1904.00 865.00
658.00 853.00
199.00 849.00
1932.00 943.00
1430.00 925.00
855.00 935.00
1366.00 944.00
1323.00 979.00
600.00 931.00
1454.00 1010.00
1206.00 991.00
1916.00 1027.00
1390.00 1024.00
716.00 1013.00
890.00 989.00
1872.00 1091.00
1515.00 1070.00
166.00 1007.00
1251.00 1057.00
1684.00 1098.00
1338.00 1085.00
2140.00 1117.00
886.00 1087.00
1924.00 1144.00
1531.00 1126.00
1467.00 1137.00
1132.00 1163.00
1293.00 1183.00
1979.00 1183.00
824.00 1143.00
1578.00 1175.00
1768.00 1180.00
1914.00 1189.00
2108.00 1233.00
812.00 1209.00
1687.00 1211.00
1532.00 1234.00
1585.00 1257.00
1007.00 1261.00
2104.00 1280.00
1938.00 1297.00
1266.00 1301.00
827.00 1277.00
919.00 1269.00
1588.00 1323.00
1509.00 1344.00
274.00 1327.00
1848.00 1372.00
2070.00 1383.00
773.00 1365.00
1438.00 1410.00
1940.00 1430.00
2070.00 1458.00
1483.00 1444.00
532.00 1490.00
1752.00 1499.00
1395.00 1501.00
883.00 1492.00
356.00 1544.00
1135.00 1548.00
1471.00 1555.00
1398.00 1624.00
876.00 1621.00
660.00 1637.00
1887.00 1683.00
1844.00 1664.00
1685.00 1669.00
1392.00 1671.00
1454.00 1689.00
1716.00 1787.00
643.00 1929.00
1935.00 1907.00
1085.00 1920.00
1305.00 1939.00
1026.00 1932.00
975.00 1978.00
608.00 1987.00
1163.00 1990.00
2090.00 2053.00
554.00 2100.00
858.00 2130.00
1349.00 2092.00
1452.00 2108.00
732.00 2232.00
784.00 2237.00
1513.00 2209.00
1416.00 2238.00
783.00 2281.00
892.00 2319.00
1055.00 2327.00
783.00 2354.00
1428.00 2381.00
1261.00 2445.00
1679.00 2476.00
1603.00 2513.00
724.00 2609.00
846.00 2648.00
845.00 2706.00
1650.00 2779.00
