795.00 804.00
876.00 810.00
2043.00 845.00
957.00 915.00
1007.00 929.00
1678.00 875.00
905.00 938.00
1720.00 1030.00
216.00 1046.00
341.00 1088.00
1162.00 1050.00
234.00 1095.00
1766.00 1039.00
2074.00 1044.00
1597.00 1102.00
1092.00 1071.00
1931.00 1120.00
845.00 1107.00
534.00 1170.00
2038.00 1134.00
886.00 1116.00
576.00 1185.00
1308.00 1163.00
1255.00 1186.00
2107.00 1271.00
516.00 1238.00
406.00 1237.00
1924.00 1258.00
682.00 1276.00
251.00 1281.00
1472.00 1265.00
2005.00 1321.00
731.00 1318.00
78.00 1330.00
1951.00 1315.00
801.00 1379.00
1015.00 1365.00
1957.00 1392.00
916.00 1422.00
620.00 1463.00
1039.00 1413.00
2081.00 1433.00
1683.00 1433.00
712.00 1462.00
1630.00 1447.00
771.00 1440.00
988.00 1444.00
1118.00 1450.00
812.00 1442.00
1049.00 1456.00
875.00 1461.00
1713.00 1474.00
916.00 1480.00
788.00 1537.00
1226.00 1521.00
1418.00 1542.00
1747.00 1517.00
1617.00 1536.00
1332.00 1539.00
853.00 1552.00
1959.00 1552.00
2134.00 1556.00
1858.00 1569.00
2092.00 1556.00
1119.00 1590.00
1205.00 1562.00
1049.00 1595.00
1264.00 1574.00
1797.00 1573.00
1679.00 1581.00
962.00 1601.00
1574.00 1587.00
1170.00 1603.00
1305.00 1605.00
1493.00 1591.00
1969.00 1620.00
1905.00 1623.00
2124.00 1632.00
1363.00 1631.00
2082.00 1634.00
1307.00 1650.00
1688.00 1652.00
1850.00 1656.00
1794.00 1656.00
1138.00 1646.00
1947.00 1678.00
1098.00 1726.00
1578.00 1747.00
1536.00 1748.00
1745.00 1998.00
