1549.00 270.00
342.00 444.00
871.00 559.00
926.00 570.00
134.00 492.00
438.00 552.00
1077.00 685.00
246.00 563.00
354.00 584.00
1903.00 800.00
1277.00 723.00
1404.00 748.00
1744.00 790.00
928.00 696.00
1513.00 769.00
1176.00 744.00
1790.00 824.00
1923.00 851.00
533.00 893.00
274.00 873.00
55.00 858.00
808.00 952.00
173.00 886.00
638.00 968.00
1209.00 1017.00
1636.00 1076.00
391.00 996.00
271.00 1004.00
502.00 1033.00
795.00 1073.00
1791.00 1178.00
1365.00 1147.00
1510.00 1161.00
345.00 1065.00
935.00 1132.00
1114.00 1155.00
1163.00 1164.00
1249.00 1171.00
657.00 1132.00
1343.00 1215.00
1774.00 1231.00
1489.00 1212.00
214.00 1106.00
967.00 1226.00
1242.00 1228.00
1124.00 1254.00
1297.00 1256.00
294.00 1179.00
796.00 1247.00
1272.00 1309.00
1113.00 1312.00
1320.00 1307.00
335.00 1241.00
887.00 1291.00
731.00 1325.00
1221.00 1341.00
796.00 1363.00
605.00 1341.00
1270.00 1372.00
1552.00 1421.00
1138.00 1377.00
652.00 1357.00
497.00 1373.00
882.00 1368.00
1625.00 1429.00
1303.00 1466.00
1395.00 1472.00
763.00 1412.00
498.00 1449.00
636.00 1464.00
711.00 1484.00
1287.00 1546.00
517.00 1498.00
1143.00 1550.00
1312.00 1596.00
498.00 1566.00
1459.00 1641.00
1245.00 1621.00
793.00 1628.00
1067.00 1652.00
1266.00 1723.00
684.00 1684.00
1114.00 1679.00
1022.00 1746.00
589.00 1767.00
759.00 1815.00
586.00 1834.00
617.00 1895.00
1752.00 1971.00
1467.00 1969.00
1623.00 1976.00
1396.00 1964.00
1565.00 1977.00
499.00 2008.00
1568.00 2033.00
1627.00 2031.00
1069.00 2052.00
915.00 2064.00
651.00 2103.00
538.00 2128.00
1813.00 2144.00
1633.00 2138.00
786.00 2099.00
534.00 2175.00
956.00 2150.00
1840.00 2205.00
463.00 2232.00
784.00 2235.00
894.00 2215.00
1242.00 2241.00
441.00 2337.00
818.00 2339.00
1061.00 2309.00
950.00 2359.00
735.00 2416.00
1281.00 2545.00
1454.00 2577.00
1844.00 2562.00
1660.00 2592.00
1510.00 2602.00
1461.00 2667.00
1596.00 2700.00
1646.00 2785.00
