407.00 567.00
525.00 592.00
767.00 629.00
1109.00 671.00
1702.00 722.00
1659.00 732.00
341.00 641.00
1927.00 771.00
2132.00 796.00
259.00 674.00
187.00 665.00
161.00 752.00
1800.00 866.00
1421.00 862.00
1740.00 874.00
528.00 837.00
419.00 815.00
1939.00 920.00
210.00 829.00
2151.00 937.00
1861.00 981.00
993.00 921.00
453.00 917.00
902.00 1000.00
2134.00 1102.00
533.00 1036.00
927.00 1065.00
1222.00 1097.00
261.00 1048.00
8.00 1028.00
1304.00 1096.00
1645.00 1130.00
1805.00 1139.00
468.00 1103.00
358.00 1119.00
1798.00 1240.00
900.00 1175.00
1231.00 1197.00
273.00 1179.00
1508.00 1224.00
37.00 1179.00
1706.00 1272.00
1592.00 1264.00
532.00 1199.00
866.00 1218.00
2103.00 1320.00
1103.00 1241.00
810.00 1238.00
458.00 1231.00
74.00 1235.00
1245.00 1268.00
239.00 1253.00
1440.00 1280.00
1488.00 1341.00
15.00 1252.00
1128.00 1287.00
1071.00 1311.00
840.00 1282.00
535.00 1287.00
1631.00 1364.00
474.00 1273.00
74.00 1322.00
165.00 1327.00
262.00 1332.00
1594.00 1408.00
964.00 1331.00
1292.00 1360.00
790.00 1342.00
1133.00 1383.00
1706.00 1415.00
1594.00 1449.00
1542.00 1442.00
1174.00 1424.00
284.00 1405.00
1228.00 1424.00
1487.00 1452.00
1421.00 1510.00
973.00 1472.00
315.00 1451.00
1515.00 1549.00
589.00 1464.00
644.00 1500.00
507.00 1505.00
1311.00 1543.00
1572.00 1589.00
879.00 1525.00
1141.00 1527.00
619.00 1545.00
336.00 1581.00
1250.00 1577.00
1175.00 1607.00
801.00 1620.00
503.00 1611.00
505.00 1718.00
970.00 1767.00
304.00 1726.00
1899.00 1848.00
380.00 1843.00
1196.00 1898.00
624.00 1870.00
1954.00 1922.00
2002.00 1925.00
1594.00 1966.00
1665.00 1965.00
216.00 1967.00
2147.00 2061.00
471.00 2014.00
1176.00 2075.00
554.00 2113.00
1050.00 2115.00
1361.00 2138.00
1294.00 2140.00
970.00 2136.00
1072.00 2186.00
1146.00 2202.00
24.00 2241.00
168.00 2279.00
1143.00 2261.00
1091.00 2386.00
