1391.00 146.00
741.00 187.00
1817.00 356.00
1210.00 368.00
759.00 242.00
1297.00 444.00
1929.00 507.00
754.00 461.00
1122.00 538.00
510.00 458.00
1853.00 694.00
1201.00 674.00
749.00 621.00
1122.00 681.00
1465.00 820.00
1506.00 837.00
1878.00 871.00
1280.00 829.00
1436.00 875.00
1659.00 891.00
1287.00 898.00
1066.00 925.00
1164.00 971.00
1562.00 992.00
1372.00 1053.00
1613.00 1112.00
1523.00 1115.00
1456.00 1124.00
1800.00 1173.00
1362.00 1149.00
1936.00 1243.00
1788.00 1256.00
1164.00 1251.00
1943.00 1367.00
2130.00 1357.00
1437.00 1401.00
676.00 1310.00
1619.00 1408.00
1851.00 1410.00
1466.00 1445.00
996.00 1409.00
888.00 1394.00
2071.00 1476.00
1778.00 1492.00
1699.00 1494.00
1441.00 1496.00
1591.00 1533.00
930.00 1540.00
1496.00 1577.00
1388.00 1624.00
1949.00 1538.00
989.00 1602.00
1582.00 1638.00
2084.00 1631.00
1238.00 1693.00
1791.00 1720.00
171.00 1769.00
1416.00 1798.00
1495.00 1793.00
1162.00 1807.00
1697.00 1878.00
1036.00 1851.00
591.00 1842.00
1430.00 1880.00
720.00 1892.00
1800.00 1874.00
1345.00 1905.00
1551.00 1869.00
1413.00 1961.00
1311.00 1949.00
1723.00 1955.00
1487.00 2006.00
1627.00 2008.00
676.00 2036.00
1305.00 2175.00
1401.00 2165.00
1361.00 2241.00
