123.00 681.00
2068.00 810.00
669.00 685.00
53.00 703.00
1535.00 711.00
1103.00 651.00
1140.00 866.00
1511.00 849.00
1934.00 994.00
400.00 922.00
997.00 973.00
290.00 916.00
2087.00 1038.00
1481.00 1000.00
1463.00 1098.00
1165.00 1014.00
1840.00 1124.00
1539.00 1081.00
1677.00 1125.00
2022.00 1122.00
1288.00 1136.00
480.00 1089.00
1524.00 1130.00
32.00 1204.00
715.00 1212.00
1442.00 1183.00
2128.00 1122.00
1549.00 1187.00
1105.00 1193.00
1321.00 1187.00
1507.00 1185.00
449.00 1253.00
728.00 1253.00
113.00 1248.00
1890.00 1189.00
676.00 1265.00
2057.00 1184.00
177.00 1278.00
1529.00 1245.00
1403.00 1258.00
1207.00 1266.00
787.00 1290.00
1452.00 1263.00
1152.00 1259.00
1298.00 1294.00
278.00 1333.00
583.00 1332.00
151.00 1337.00
1440.00 1307.00
207.00 1341.00
758.00 1339.00
82.00 1345.00
1167.00 1342.00
1646.00 1310.00
1589.00 1315.00
319.00 1349.00
1540.00 1319.00
1218.00 1329.00
362.00 1374.00
172.00 1393.00
298.00 1391.00
214.00 1392.00
1412.00 1390.00
1169.00 1395.00
92.00 1413.00
1221.00 1411.00
1606.00 1403.00
1080.00 1428.00
1545.00 1405.00
1313.00 1442.00
1496.00 1410.00
1271.00 1416.00
1698.00 1406.00
159.00 1442.00
1362.00 1443.00
1492.00 1452.00
1232.00 1461.00
412.00 1482.00
1295.00 1497.00
183.00 1551.00
289.00 1549.00
1501.00 1511.00
1223.00 1505.00
393.00 1529.00
451.00 1540.00
1264.00 1566.00
1520.00 1561.00
1592.00 1557.00
628.00 1584.00
1147.00 1556.00
1357.00 1564.00
1056.00 1567.00
503.00 1614.00
627.00 1628.00
1151.00 1621.00
1249.00 1639.00
892.00 1642.00
966.00 1704.00
860.00 1707.00
1210.00 1716.00
1014.00 1711.00
1227.00 1776.00
806.00 1905.00
1252.00 1930.00
915.00 1943.00
1219.00 2017.00
1005.00 2311.00
805.00 2172.00
828.00 2465.00
