1287.00 373.00
1329.00 437.00
1252.00 419.00
780.00 457.00
714.00 443.00
1972.00 412.00
1187.00 549.00
1257.00 549.00
1171.00 599.00
1527.00 653.00
905.00 630.00
753.00 623.00
1067.00 732.00
1402.00 690.00
1082.00 826.00
1098.00 886.00
928.00 892.00
1694.00 898.00
1795.00 907.00
629.00 911.00
1148.00 1007.00
963.00 985.00
1532.00 1026.00
747.00 1024.00
1023.00 1043.00
1144.00 1049.00
1629.00 1101.00
1082.00 1136.00
283.00 1115.00
906.00 1107.00
1778.00 1133.00
1136.00 1156.00
404.00 1172.00
765.00 1188.00
959.00 1212.00
593.00 1274.00
25.00 1279.00
500.00 1272.00
961.00 1306.00
11.00 1382.00
393.00 1355.00
138.00 1366.00
447.00 1377.00
618.00 1380.00
838.00 1383.00
1599.00 1348.00
1101.00 1436.00
1192.00 1434.00
671.00 1461.00
749.00 1459.00
1953.00 1443.00
1641.00 1456.00
609.00 1483.00
1585.00 1449.00
500.00 1525.00
554.00 1502.00
1598.00 1509.00
698.00 1520.00
1948.00 1517.00
1266.00 1513.00
545.00 1560.00
1818.00 1544.00
1946.00 1573.00
711.00 1608.00
1485.00 1662.00
1275.00 1697.00
1340.00 1718.00
1214.00 1745.00
1265.00 1755.00
1698.00 1755.00
451.00 1806.00
1806.00 1780.00
990.00 1810.00
1796.00 1850.00
1306.00 1924.00
538.00 1957.00
1873.00 1936.00
612.00 1994.00
1362.00 1965.00
1149.00 2029.00
1715.00 2017.00
657.00 2095.00
1380.00 2121.00
1183.00 2106.00
1030.00 2130.00
1874.00 2193.00
1451.00 2223.00
1092.00 2282.00
1209.00 2282.00
1963.00 2273.00
1312.00 2342.00
2140.00 2342.00
