1671.00 246.00
1164.00 371.00
779.00 765.00
629.00 805.00
1656.00 657.00
1314.00 719.00
820.00 792.00
1134.00 785.00
955.00 976.00
824.00 995.00
1671.00 895.00
1367.00 939.00
583.00 1029.00
1676.00 968.00
622.00 1126.00
753.00 1139.00
961.00 1128.00
1679.00 1053.00
1445.00 1084.00
1073.00 1123.00
844.00 1176.00
1538.00 1110.00
1813.00 1086.00
2012.00 1106.00
595.00 1257.00
1060.00 1226.00
518.00 1267.00
1686.00 1169.00
1483.00 1191.00
874.00 1247.00
421.00 1280.00
2019.00 1160.00
2106.00 1160.00
1408.00 1228.00
1541.00 1216.00
1595.00 1212.00
714.00 1284.00
796.00 1279.00
1819.00 1193.00
1880.00 1190.00
603.00 1304.00
549.00 1321.00
1997.00 1206.00
1689.00 1264.00
1143.00 1305.00
682.00 1339.00
1495.00 1276.00
389.00 1364.00
695.00 1388.00
982.00 1381.00
753.00 1397.00
794.00 1395.00
1694.00 1335.00
1230.00 1342.00
2058.00 1347.00
924.00 1427.00
842.00 1475.00
1333.00 1432.00
1742.00 1397.00
793.00 1462.00
2040.00 1399.00
1173.00 1499.00
988.00 1445.00
931.00 1487.00
942.00 1541.00
867.00 1545.00
1210.00 1541.00
818.00 1591.00
1799.00 1536.00
991.00 1657.00
851.00 1706.00
1016.00 1851.00
872.00 1941.00
1084.00 1990.00
1040.00 2055.00
1292.00 2112.00
1144.00 2139.00
1029.00 2147.00
1364.00 2191.00
1025.00 2227.00
1452.00 2251.00
1071.00 2248.00
1506.00 2244.00
1626.00 2417.00
1019.00 2432.00
1711.00 2493.00
1040.00 2517.00
1708.00 2569.00
2133.00 2607.00
1212.00 2765.00
