1671.00 298.00
1439.00 363.00
335.00 498.00
122.00 561.00
330.00 594.00
113.00 639.00
1682.00 506.00
1135.00 567.00
1069.00 574.00
978.00 584.00
330.00 655.00
915.00 621.00
264.00 653.00
217.00 687.00
1919.00 570.00
1675.00 606.00
291.00 718.00
19.00 753.00
336.00 759.00
1440.00 728.00
1877.00 691.00
699.00 800.00
1926.00 686.00
1831.00 720.00
1922.00 729.00
548.00 851.00
750.00 861.00
1039.00 828.00
101.00 886.00
1035.00 873.00
1880.00 808.00
248.00 900.00
99.00 927.00
1063.00 926.00
496.00 1002.00
90.00 1074.00
108.00 988.00
402.00 1014.00
800.00 1024.00
623.00 1024.00
989.00 978.00
1842.00 940.00
1780.00 959.00
1456.00 1000.00
888.00 1045.00
1091.00 1002.00
692.00 1060.00
184.00 1059.00
1578.00 1055.00
2019.00 1005.00
774.00 1105.00
1231.00 1063.00
1135.00 1092.00
972.00 1124.00
670.00 1135.00
457.00 1131.00
1799.00 1084.00
83.00 1162.00
1188.00 1128.00
748.00 1156.00
1126.00 1134.00
1467.00 1159.00
2061.00 1119.00
1006.00 1206.00
1952.00 1115.00
1173.00 1175.00
628.00 1205.00
1426.00 1193.00
1052.00 1226.00
408.00 1235.00
802.00 1237.00
680.00 1244.00
627.00 1262.00
1471.00 1241.00
1564.00 1236.00
1996.00 1209.00
1898.00 1216.00
1050.00 1268.00
1233.00 1257.00
751.00 1274.00
802.00 1300.00
1286.00 1273.00
1003.00 1288.00
1760.00 1243.00
1425.00 1264.00
487.00 1308.00
625.00 1306.00
1713.00 1270.00
1552.00 1294.00
861.00 1312.00
1478.00 1299.00
1949.00 1272.00
1089.00 1321.00
979.00 1330.00
801.00 1361.00
626.00 1368.00
1548.00 1345.00
2146.00 1313.00
1975.00 1327.00
1901.00 1338.00
1134.00 1376.00
1482.00 1359.00
1786.00 1413.00
1447.00 1413.00
698.00 1457.00
803.00 1452.00
1171.00 1422.00
1084.00 1439.00
933.00 1447.00
1946.00 1409.00
1544.00 1425.00
1684.00 1420.00
1900.00 1412.00
1832.00 1432.00
2107.00 1467.00
1488.00 1447.00
515.00 1489.00
284.00 1527.00
1424.00 1467.00
1126.00 1480.00
684.00 1501.00
981.00 1507.00
748.00 1541.00
1025.00 1520.00
1340.00 1503.00
379.00 1559.00
1732.00 1499.00
1942.00 1492.00
1618.00 1505.00
455.00 1558.00
859.00 1543.00
1426.00 1531.00
1876.00 1521.00
802.00 1594.00
1819.00 1565.00
1375.00 1577.00
1460.00 1574.00
1585.00 1571.00
2149.00 1574.00
1675.00 1613.00
1227.00 1624.00
1387.00 1620.00
1760.00 1625.00
1285.00 1671.00
679.00 1678.00
858.00 1639.00
1502.00 1656.00
1943.00 1634.00
1818.00 1660.00
1238.00 1672.00
1773.00 1667.00
973.00 1741.00
697.00 1756.00
1032.00 1777.00
1892.00 1792.00
1232.00 1829.00
1777.00 1817.00
511.00 1831.00
1339.00 1810.00
245.00 1907.00
898.00 1875.00
567.00 1893.00
374.00 1946.00
243.00 1952.00
1821.00 1944.00
1082.00 1943.00
1652.00 1959.00
655.00 1988.00
823.00 1986.00
916.00 1985.00
980.00 1985.00
548.00 1979.00
1102.00 2026.00
1644.00 2040.00
696.00 2055.00
821.00 2072.00
1330.00 2060.00
368.00 2054.00
1103.00 2092.00
962.00 2134.00
1018.00 2126.00
815.00 2133.00
870.00 2148.00
233.00 2150.00
547.00 2153.00
758.00 2146.00
366.00 2167.00
1157.00 2153.00
846.00 2189.00
800.00 2201.00
1226.00 2200.00
1024.00 2212.00
545.00 2200.00
755.00 2226.00
1127.00 2200.00
1786.00 2263.00
297.00 2222.00
604.00 2241.00
699.00 2222.00
843.00 2230.00
503.00 2237.00
435.00 2282.00
394.00 2281.00
1111.00 2298.00
151.00 2321.00
1788.00 2401.00
1095.00 2445.00
1370.00 2428.00
1215.00 2426.00
579.00 2418.00
918.00 2449.00
303.00 2412.00
536.00 2465.00
1421.00 2539.00
625.00 2504.00
728.00 2651.00
