836.00 346.00
1568.00 550.00
836.00 392.00
1617.00 591.00
1573.00 609.00
1392.00 542.00
834.00 492.00
1410.00 628.00
1309.00 691.00
1381.00 755.00
1795.00 871.00
1479.00 793.00
1239.00 862.00
1373.00 925.00
1327.00 944.00
834.00 916.00
593.00 892.00
1076.00 950.00
1379.00 996.00
13.00 852.00
1370.00 1037.00
321.00 904.00
1871.00 1109.00
682.00 994.00
607.00 972.00
234.00 952.00
319.00 970.00
827.00 1060.00
1351.00 1112.00
1059.00 1041.00
1139.00 1050.00
119.00 951.00
991.00 1051.00
400.00 1007.00
50.00 976.00
1446.00 1159.00
208.00 997.00
1234.00 1092.00
1298.00 1117.00
640.00 1053.00
509.00 1058.00
569.00 1078.00
1196.00 1139.00
836.00 1106.00
1516.00 1241.00
122.00 1064.00
1332.00 1162.00
664.00 1147.00
341.00 1096.00
1149.00 1187.00
1099.00 1185.00
1221.00 1236.00
266.00 1148.00
836.00 1219.00
233.00 1189.00
1068.00 1261.00
1109.00 1281.00
389.00 1211.00
119.00 1222.00
831.00 1294.00
1488.00 1348.00
1198.00 1337.00
210.00 1288.00
448.00 1314.00
1053.00 1327.00
1153.00 1343.00
100.00 1290.00
1249.00 1413.00
296.00 1353.00
835.00 1351.00
1135.00 1403.00
1611.00 1510.00
887.00 1406.00
679.00 1401.00
951.00 1409.00
8.00 1393.00
1324.00 1468.00
521.00 1464.00
1528.00 1497.00
1120.00 1501.00
315.00 1456.00
979.00 1466.00
1211.00 1513.00
1383.00 1531.00
1289.00 1521.00
1486.00 1547.00
284.00 1514.00
970.00 1520.00
1153.00 1545.00
694.00 1542.00
1286.00 1577.00
504.00 1559.00
1051.00 1589.00
1507.00 1620.00
1154.00 1602.00
284.00 1559.00
1224.00 1623.00
887.00 1605.00
1289.00 1673.00
1070.00 1641.00
887.00 1646.00
544.00 1650.00
419.00 1686.00
1375.00 1735.00
1154.00 1700.00
709.00 1729.00
1020.00 1715.00
494.00 1720.00
316.00 1750.00
372.00 1772.00
1090.00 1798.00
1445.00 1854.00
1579.00 1820.00
959.00 1797.00
1323.00 1863.00
1277.00 1849.00
433.00 1862.00
272.00 1877.00
389.00 1887.00
1018.00 1884.00
1644.00 1922.00
1067.00 1887.00
1111.00 1919.00
79.00 1948.00
1307.00 1968.00
946.00 1925.00
1188.00 1965.00
1140.00 1966.00
1017.00 1963.00
551.00 2000.00
484.00 2006.00
919.00 1988.00
1017.00 2024.00
1140.00 2060.00
1189.00 2056.00
1527.00 2064.00
165.00 2054.00
1399.00 2066.00
1311.00 2081.00
1464.00 2085.00
1189.00 2100.00
1261.00 2098.00
1110.00 2102.00
1590.00 2122.00
177.00 2138.00
219.00 2150.00
1337.00 2129.00
156.00 2198.00
1012.00 2183.00
1189.00 2154.00
543.00 2188.00
942.00 2175.00
1436.00 2202.00
417.00 2245.00
209.00 2279.00
1192.00 2227.00
1048.00 2245.00
1097.00 2229.00
52.00 2285.00
894.00 2311.00
958.00 2282.00
806.00 2298.00
1261.00 2318.00
1192.00 2299.00
907.00 2366.00
1049.00 2308.00
311.00 2407.00
1676.00 2336.00
364.00 2397.00
961.00 2390.00
1029.00 2481.00
961.00 2477.00
1044.00 2560.00
1723.00 2469.00
