145.00 290.00
2092.00 241.00
1928.00 290.00
2124.00 374.00
2030.00 419.00
2032.00 477.00
1812.00 471.00
1405.00 527.00
1854.00 542.00
319.00 729.00
1677.00 539.00
688.00 559.00
1517.00 583.00
1857.00 590.00
275.00 713.00
891.00 728.00
1190.00 725.00
1252.00 746.00
2139.00 779.00
1663.00 791.00
1071.00 818.00
1708.00 867.00
1518.00 941.00
1333.00 972.00
739.00 1017.00
832.00 1020.00
1228.00 1043.00
1718.00 1043.00
294.00 1056.00
1128.00 1062.00
350.00 1121.00
1345.00 1108.00
1005.00 1128.00
1733.00 1120.00
1637.00 1107.00
1432.00 1143.00
1251.00 1168.00
582.00 1180.00
1495.00 1165.00
1891.00 1176.00
707.00 1208.00
1983.00 1158.00
1842.00 1189.00
1640.00 1222.00
815.00 1247.00
1013.00 1260.00
1242.00 1254.00
503.00 1276.00
926.00 1277.00
1748.00 1212.00
405.00 1284.00
1140.00 1287.00
71.00 1337.00
1014.00 1324.00
1511.00 1308.00
146.00 1350.00
1756.00 1298.00
1357.00 1327.00
1584.00 1306.00
1296.00 1330.00
592.00 1370.00
443.00 1384.00
709.00 1389.00
1939.00 1327.00
1220.00 1338.00
111.00 1413.00
1112.00 1388.00
1296.00 1395.00
1808.00 1416.00
430.00 1453.00
1984.00 1399.00
29.00 1511.00
1366.00 1454.00
1256.00 1495.00
1053.00 1528.00
1156.00 1525.00
1504.00 1541.00
274.00 1572.00
15.00 1603.00
1975.00 1597.00
1778.00 1542.00
1571.00 1558.00
1888.00 1565.00
700.00 1617.00
1230.00 1604.00
851.00 1609.00
1290.00 1606.00
1509.00 1592.00
1141.00 1614.00
1377.00 1634.00
388.00 1703.00
1286.00 1656.00
1791.00 1643.00
1004.00 1668.00
1715.00 1713.00
1223.00 1679.00
1070.00 1664.00
1489.00 1713.00
2052.00 1716.00
1164.00 1693.00
1287.00 1740.00
1984.00 1698.00
843.00 1769.00
558.00 1778.00
1398.00 1758.00
1760.00 1723.00
996.00 1761.00
497.00 1817.00
1230.00 1785.00
1091.00 1782.00
1472.00 1781.00
1391.00 1799.00
1634.00 1848.00
1583.00 1794.00
2123.00 1812.00
559.00 1870.00
1157.00 1831.00
494.00 1890.00
702.00 1882.00
1677.00 1914.00
1814.00 1881.00
951.00 1913.00
1595.00 1897.00
1287.00 1931.00
1105.00 1919.00
727.00 1962.00
2117.00 1949.00
1916.00 1970.00
782.00 1994.00
1178.00 2004.00
1048.00 1978.00
1089.00 1976.00
1322.00 1972.00
1413.00 2057.00
1830.00 2009.00
1328.00 2029.00
1186.00 2087.00
1103.00 2089.00
786.00 2123.00
381.00 2157.00
448.00 2153.00
1572.00 2116.00
1318.00 2096.00
1182.00 2160.00
597.00 2200.00
1140.00 2169.00
1424.00 2186.00
1303.00 2184.00
1550.00 2190.00
1663.00 2226.00
1235.00 2218.00
1056.00 2245.00
1349.00 2232.00
1431.00 2281.00
1551.00 2292.00
898.00 2279.00
2052.00 2289.00
1861.00 2322.00
1777.00 2310.00
1361.00 2330.00
1281.00 2306.00
159.00 2436.00
14.00 2471.00
231.00 2457.00
768.00 2440.00
298.00 2476.00
2031.00 2407.00
1480.00 2453.00
1649.00 2476.00
1564.00 2491.00
2003.00 2487.00
1257.00 2545.00
1887.00 2723.00
