95.00 73.00
1127.00 180.00
1920.00 513.00
351.00 474.00
38.00 495.00
219.00 542.00
371.00 614.00
444.00 652.00
1214.00 677.00
465.00 719.00
1282.00 728.00
538.00 842.00
1242.00 817.00
343.00 820.00
1000.00 832.00
1252.00 871.00
1872.00 892.00
1772.00 899.00
2099.00 916.00
470.00 914.00
828.00 905.00
1278.00 1009.00
1844.00 1031.00
2012.00 1034.00
1722.00 1038.00
908.00 1036.00
1156.00 1073.00
2060.00 1107.00
1685.00 1141.00
1094.00 1105.00
2115.00 1126.00
730.00 1132.00
654.00 1097.00
1846.00 1135.00
1040.00 1123.00
1219.00 1158.00
816.00 1186.00
1988.00 1186.00
2030.00 1200.00
1902.00 1194.00
775.00 1206.00
1325.00 1187.00
1826.00 1213.00
2095.00 1220.00
1761.00 1222.00
1642.00 1223.00
1587.00 1225.00
1379.00 1236.00
2002.00 1270.00
941.00 1253.00
1790.00 1279.00
2099.00 1290.00
1620.00 1287.00
824.00 1330.00
1602.00 1338.00
1364.00 1373.00
1115.00 1337.00
896.00 1345.00
2004.00 1365.00
1037.00 1366.00
1695.00 1378.00
1889.00 1396.00
1841.00 1401.00
2144.00 1442.00
1084.00 1428.00
1952.00 1447.00
2019.00 1459.00
1862.00 1466.00
1295.00 1468.00
1545.00 1472.00
1915.00 1500.00
1359.00 1492.00
1262.00 1521.00
1067.00 1524.00
1537.00 1533.00
1475.00 1546.00
921.00 1563.00
866.00 1593.00
991.00 1629.00
1395.00 1644.00
1237.00 1653.00
1283.00 1656.00
1454.00 1675.00
847.00 1913.00
1012.00 1945.00
1191.00 2225.00
700.00 2404.00
797.00 2432.00
613.00 2574.00
350.00 2690.00
