1574.00 456.00
614.00 434.00
1046.00 487.00
1721.00 524.00
586.00 490.00
1653.00 579.00
2037.00 591.00
1313.00 578.00
1943.00 658.00
1543.00 664.00
271.00 706.00
758.00 752.00
1024.00 779.00
571.00 748.00
658.00 800.00
480.00 830.00
1515.00 858.00
1724.00 857.00
960.00 842.00
1022.00 848.00
1288.00 903.00
1412.00 883.00
1609.00 901.00
2098.00 948.00
547.00 948.00
663.00 977.00
1196.00 990.00
453.00 1002.00
565.00 1042.00
606.00 1043.00
172.00 1033.00
1150.00 1125.00
245.00 1115.00
1364.00 1139.00
121.00 1121.00
2133.00 1188.00
865.00 1178.00
1150.00 1185.00
1958.00 1218.00
2016.00 1218.00
1036.00 1207.00
313.00 1240.00
1500.00 1281.00
1949.00 1272.00
1624.00 1273.00
1152.00 1267.00
1823.00 1281.00
2054.00 1297.00
1370.00 1260.00
748.00 1282.00
1713.00 1290.00
668.00 1301.00
226.00 1275.00
992.00 1319.00
2124.00 1326.00
1151.00 1338.00
1956.00 1339.00
627.00 1357.00
2129.00 1382.00
1768.00 1371.00
2135.00 1427.00
1501.00 1400.00
1911.00 1409.00
937.00 1420.00
1571.00 1423.00
769.00 1448.00
1677.00 1431.00
1759.00 1433.00
2049.00 1443.00
384.00 1443.00
1827.00 1452.00
1614.00 1443.00
1966.00 1465.00
1412.00 1458.00
1036.00 1477.00
852.00 1544.00
1855.00 1523.00
1153.00 1530.00
346.00 1559.00
2145.00 1560.00
267.00 1574.00
731.00 1582.00
1852.00 1613.00
430.00 1636.00
549.00 1642.00
597.00 1642.00
2151.00 1651.00
656.00 1656.00
1528.00 1648.00
1853.00 1675.00
358.00 1695.00
449.00 1695.00
84.00 1705.00
1650.00 1753.00
354.00 1767.00
1533.00 1760.00
1241.00 1795.00
1433.00 1789.00
149.00 1819.00
1582.00 1822.00
359.00 1844.00
517.00 1861.00
1951.00 1844.00
381.00 1920.00
1542.00 1922.00
271.00 1948.00
1784.00 1943.00
328.00 1989.00
509.00 1988.00
1523.00 1986.00
1636.00 2017.00
1271.00 2024.00
520.00 2061.00
1178.00 2037.00
391.00 2084.00
1365.00 2056.00
1470.00 2066.00
2142.00 2105.00
2098.00 2107.00
1999.00 2108.00
1263.00 2124.00
1177.00 2127.00
1530.00 2145.00
503.00 2194.00
819.00 2188.00
740.00 2198.00
928.00 2223.00
1891.00 2235.00
1571.00 2273.00
516.00 2302.00
1382.00 2316.00
1951.00 2376.00
611.00 2439.00
895.00 2445.00
1302.00 2439.00
1173.00 2449.00
859.00 2535.00
1481.00 2522.00
1246.00 2619.00
1214.00 2706.00
