173.00 393.00
235.00 383.00
1591.00 207.00
1437.00 456.00
1175.00 382.00
1019.00 528.00
327.00 472.00
1654.00 484.00
1895.00 460.00
163.00 537.00
91.00 550.00
1833.00 504.00
221.00 543.00
1111.00 607.00
120.00 595.00
316.00 602.00
1938.00 486.00
174.00 637.00
1019.00 704.00
238.00 657.00
207.00 700.00
1638.00 652.00
1294.00 704.00
383.00 795.00
325.00 806.00
1642.00 706.00
428.00 808.00
570.00 819.00
698.00 831.00
1633.00 780.00
2048.00 773.00
1907.00 747.00
2130.00 742.00
1507.00 800.00
450.00 897.00
391.00 916.00
811.00 894.00
1134.00 873.00
2108.00 808.00
700.00 927.00
1659.00 864.00
621.00 970.00
824.00 953.00
2083.00 880.00
2035.00 872.00
565.00 997.00
270.00 1002.00
806.00 1037.00
914.00 1041.00
1368.00 1018.00
2012.00 978.00
1444.00 1005.00
2136.00 1022.00
1676.00 1032.00
189.00 1116.00
1421.00 1071.00
960.00 1109.00
1994.00 1064.00
2115.00 1065.00
1070.00 1095.00
642.00 1169.00
1676.00 1095.00
697.00 1132.00
2026.00 1111.00
880.00 1178.00
559.00 1221.00
1942.00 1143.00
1065.00 1188.00
1689.00 1152.00
1162.00 1198.00
1494.00 1189.00
1115.00 1237.00
1979.00 1191.00
593.00 1264.00
693.00 1293.00
1046.00 1256.00
970.00 1280.00
1697.00 1241.00
2008.00 1264.00
1172.00 1311.00
782.00 1340.00
296.00 1347.00
2142.00 1279.00
379.00 1385.00
1387.00 1317.00
2051.00 1324.00
1921.00 1311.00
1834.00 1317.00
1635.00 1330.00
1562.00 1359.00
1964.00 1352.00
2149.00 1336.00
1710.00 1375.00
1429.00 1368.00
1952.00 1394.00
1768.00 1396.00
1824.00 1391.00
1654.00 1404.00
1365.00 1420.00
624.00 1467.00
408.00 1466.00
1719.00 1424.00
912.00 1494.00
1345.00 1470.00
1776.00 1475.00
1605.00 1487.00
746.00 1541.00
1401.00 1494.00
289.00 1628.00
1454.00 1516.00
1715.00 1509.00
1818.00 1572.00
1919.00 1583.00
1470.00 1564.00
1579.00 1579.00
170.00 1749.00
1757.00 1587.00
1647.00 1592.00
2012.00 1624.00
623.00 1700.00
2078.00 1654.00
1758.00 1649.00
1908.00 1703.00
2015.00 1665.00
938.00 1796.00
1435.00 1712.00
2022.00 1745.00
2087.00 1756.00
1345.00 1812.00
2025.00 1815.00
592.00 1874.00
1800.00 1825.00
2120.00 1854.00
770.00 1892.00
1461.00 1869.00
392.00 1966.00
2052.00 1911.00
481.00 1986.00
1376.00 1914.00
1978.00 1937.00
336.00 2021.00
119.00 2041.00
278.00 2043.00
465.00 2041.00
831.00 2044.00
947.00 2044.00
2061.00 2052.00
636.00 2064.00
477.00 2098.00
861.00 2103.00
285.00 2135.00
671.00 2136.00
785.00 2150.00
1833.00 2176.00
498.00 2185.00
1972.00 2233.00
1106.00 2219.00
269.00 2230.00
856.00 2243.00
515.00 2246.00
222.00 2241.00
1000.00 2255.00
673.00 2232.00
855.00 2302.00
604.00 2292.00
481.00 2293.00
341.00 2309.00
512.00 2361.00
834.00 2344.00
951.00 2339.00
1039.00 2343.00
602.00 2367.00
2084.00 2422.00
1268.00 2400.00
290.00 2392.00
1330.00 2499.00
602.00 2449.00
736.00 2458.00
1676.00 2505.00
1772.00 2505.00
1728.00 2495.00
1214.00 2484.00
857.00 2469.00
2068.00 2559.00
1087.00 2533.00
667.00 2537.00
1430.00 2578.00
598.00 2544.00
810.00 2558.00
714.00 2575.00
935.00 2650.00
984.00 2659.00
512.00 2633.00
829.00 2631.00
1391.00 2710.00
798.00 2677.00
960.00 2726.00
873.00 2713.00
