736.00 515.00
1030.00 473.00
685.00 541.00
1567.00 415.00
1175.00 522.00
1373.00 499.00
832.00 580.00
1274.00 564.00
1017.00 593.00
516.00 643.00
938.00 628.00
1589.00 526.00
1176.00 563.00
641.00 649.00
691.00 654.00
872.00 632.00
792.00 651.00
738.00 680.00
1933.00 480.00
997.00 705.00
1121.00 698.00
875.00 711.00
721.00 723.00
1267.00 688.00
1178.00 717.00
825.00 740.00
1062.00 727.00
907.00 753.00
1595.00 683.00
1136.00 782.00
1023.00 802.00
1071.00 783.00
894.00 795.00
1180.00 805.00
1715.00 728.00
754.00 841.00
1285.00 821.00
1622.00 731.00
1167.00 871.00
1253.00 875.00
1827.00 727.00
1112.00 888.00
598.00 953.00
1602.00 844.00
846.00 915.00
1027.00 927.00
1071.00 922.00
970.00 942.00
1366.00 905.00
1293.00 943.00
1078.00 969.00
1237.00 966.00
1898.00 828.00
1064.00 1023.00
1272.00 1027.00
598.00 995.00
1126.00 1024.00
768.00 1034.00
653.00 983.00
1620.00 998.00
400.00 1095.00
450.00 1074.00
1024.00 1098.00
799.00 1076.00
782.00 1149.00
1322.00 1126.00
580.00 1141.00
624.00 1172.00
945.00 1188.00
1262.00 1186.00
443.00 1185.00
1738.00 1124.00
1311.00 1194.00
841.00 1187.00
1182.00 1232.00
559.00 1232.00
2095.00 1082.00
805.00 1249.00
608.00 1288.00
1162.00 1298.00
1258.00 1294.00
559.00 1288.00
791.00 1291.00
1032.00 1329.00
499.00 1341.00
759.00 1332.00
1211.00 1367.00
846.00 1338.00
1060.00 1379.00
1276.00 1403.00
969.00 1416.00
774.00 1400.00
1932.00 1321.00
1218.00 1430.00
599.00 1428.00
545.00 1445.00
2135.00 1333.00
502.00 1451.00
924.00 1483.00
1874.00 1415.00
1248.00 1512.00
551.00 1486.00
977.00 1528.00
1044.00 1491.00
610.00 1515.00
1633.00 1531.00
1225.00 1553.00
1757.00 1522.00
558.00 1547.00
1039.00 1596.00
745.00 1581.00
1334.00 1610.00
987.00 1654.00
1135.00 1624.00
432.00 1628.00
746.00 1631.00
844.00 1669.00
1887.00 1629.00
477.00 1633.00
913.00 1693.00
1344.00 1707.00
751.00 1676.00
1638.00 1706.00
697.00 1676.00
1351.00 1748.00
1776.00 1744.00
922.00 1755.00
1960.00 1731.00
989.00 1792.00
446.00 1774.00
1275.00 1800.00
881.00 1786.00
1106.00 1810.00
1406.00 1847.00
1671.00 1818.00
1177.00 1862.00
1227.00 1848.00
1101.00 1891.00
888.00 1866.00
1880.00 1847.00
1782.00 1845.00
1231.00 1894.00
1389.00 1898.00
474.00 1891.00
746.00 1929.00
1190.00 1956.00
664.00 1931.00
1781.00 1964.00
2040.00 1966.00
516.00 1955.00
823.00 1969.00
718.00 1973.00
1592.00 1998.00
938.00 1979.00
1907.00 2021.00
433.00 2000.00
1354.00 2024.00
1785.00 2034.00
534.00 2034.00
1412.00 2036.00
625.00 2042.00
1031.00 2050.00
829.00 2051.00
1079.00 2042.00
974.00 2043.00
676.00 2016.00
1394.00 2080.00
1658.00 2108.00
2138.00 2160.00
880.00 2083.00
1270.00 2140.00
1090.00 2093.00
1166.00 2106.00
638.00 2092.00
1790.00 2137.00
923.00 2158.00
1192.00 2153.00
815.00 2159.00
1417.00 2184.00
1046.00 2177.00
2136.00 2248.00
771.00 2176.00
890.00 2199.00
1336.00 2201.00
524.00 2172.00
1217.00 2220.00
683.00 2189.00
917.00 2254.00
1924.00 2301.00
683.00 2231.00
1998.00 2310.00
2064.00 2345.00
1400.00 2265.00
874.00 2257.00
985.00 2248.00
1232.00 2265.00
1034.00 2264.00
1667.00 2301.00
1087.00 2276.00
1295.00 2295.00
1184.00 2278.00
1352.00 2318.00
1800.00 2357.00
1091.00 2321.00
1194.00 2330.00
2145.00 2430.00
1420.00 2363.00
522.00 2321.00
919.00 2344.00
1698.00 2401.00
708.00 2362.00
970.00 2353.00
823.00 2360.00
662.00 2371.00
481.00 2326.00
1132.00 2382.00
1420.00 2408.00
1195.00 2393.00
875.00 2379.00
619.00 2382.00
1014.00 2401.00
1700.00 2455.00
1825.00 2477.00
970.00 2415.00
888.00 2423.00
512.00 2418.00
1240.00 2476.00
877.00 2466.00
878.00 2511.00
1299.00 2522.00
1055.00 2524.00
544.00 2550.00
884.00 2553.00
489.00 2670.00
556.00 2635.00
