566.00 425.00
948.00 741.00
648.00 813.00
1818.00 606.00
695.00 837.00
974.00 833.00
624.00 953.00
1796.00 801.00
408.00 1043.00
1302.00 936.00
1214.00 958.00
420.00 1098.00
880.00 1053.00
971.00 1079.00
1852.00 955.00
505.00 1124.00
563.00 1118.00
1406.00 1008.00
973.00 1120.00
1836.00 1019.00
1464.00 1083.00
1394.00 1107.00
1077.00 1162.00
653.00 1216.00
763.00 1243.00
814.00 1226.00
424.00 1271.00
484.00 1281.00
1164.00 1252.00
1524.00 1213.00
1071.00 1270.00
1225.00 1262.00
755.00 1325.00
1007.00 1333.00
1654.00 1234.00
1147.00 1302.00
863.00 1338.00
821.00 1354.00
1278.00 1311.00
763.00 1382.00
1735.00 1282.00
1623.00 1296.00
1253.00 1354.00
960.00 1394.00
1144.00 1368.00
1074.00 1354.00
912.00 1403.00
1203.00 1419.00
1254.00 1415.00
893.00 1477.00
1346.00 1454.00
1184.00 1475.00
790.00 1529.00
1555.00 1458.00
963.00 1545.00
1670.00 1968.00
1148.00 2076.00
1276.00 2166.00
1277.00 2209.00
1080.00 2239.00
1292.00 2289.00
1158.00 2329.00
1295.00 2337.00
1338.00 2341.00
1161.00 2438.00
1316.00 2515.00
1149.00 2510.00
1549.00 2538.00
1810.00 2479.00
1750.00 2605.00
924.00 2722.00
1398.00 2805.00
1873.00 2760.00
