473.00 63.00
1011.00 241.00
1074.00 264.00
1200.00 367.00
364.00 182.00
1201.00 466.00
1030.00 409.00
391.00 282.00
1510.00 559.00
391.00 360.00
917.00 448.00
1161.00 552.00
961.00 541.00
404.00 429.00
61.00 408.00
688.00 539.00
408.00 493.00
848.00 600.00
1632.00 792.00
1681.00 793.00
696.00 643.00
755.00 653.00
1078.00 707.00
391.00 649.00
432.00 655.00
540.00 676.00
656.00 694.00
1787.00 904.00
848.00 758.00
1131.00 786.00
367.00 693.00
120.00 663.00
529.00 729.00
640.00 747.00
731.00 772.00
421.00 759.00
319.00 744.00
1164.00 913.00
800.00 851.00
739.00 839.00
1011.00 906.00
1095.00 891.00
430.00 859.00
1164.00 983.00
728.00 903.00
1115.00 964.00
366.00 888.00
740.00 969.00
694.00 976.00
1136.00 1105.00
356.00 999.00
916.00 1065.00
656.00 1024.00
1025.00 1101.00
792.00 1112.00
738.00 1099.00
1155.00 1208.00
626.00 1190.00
343.00 1141.00
676.00 1186.00
917.00 1240.00
637.00 1242.00
1064.00 1274.00
780.00 1274.00
944.00 1291.00
583.00 1301.00
333.00 1253.00
1069.00 1324.00
647.00 1320.00
526.00 1303.00
775.00 1340.00
581.00 1359.00
360.00 1299.00
1154.00 1382.00
916.00 1368.00
50.00 1312.00
817.00 1364.00
693.00 1396.00
45.00 1370.00
626.00 1413.00
139.00 1376.00
564.00 1408.00
854.00 1491.00
630.00 1477.00
942.00 1499.00
61.00 1422.00
1105.00 1526.00
1025.00 1523.00
378.00 1521.00
673.00 1517.00
211.00 1518.00
895.00 1552.00
814.00 1555.00
736.00 1578.00
994.00 1605.00
378.00 1562.00
893.00 1634.00
40.00 1626.00
121.00 1621.00
852.00 1653.00
774.00 1713.00
254.00 1680.00
680.00 1695.00
1073.00 1702.00
325.00 1732.00
663.00 1755.00
115.00 1772.00
777.00 1827.00
1556.00 1859.00
1630.00 1864.00
1673.00 1886.00
1772.00 1911.00
938.00 1859.00
1654.00 1943.00
755.00 1938.00
662.00 1945.00
1099.00 1947.00
55.00 1961.00
154.00 1946.00
1678.00 2009.00
101.00 1992.00
172.00 2011.00
709.00 2028.00
921.00 2032.00
1659.00 2068.00
797.00 2115.00
1684.00 2136.00
1732.00 2143.00
1134.00 2145.00
326.00 2188.00
1569.00 2175.00
752.00 2205.00
826.00 2216.00
906.00 2233.00
1071.00 2231.00
1824.00 2200.00
1119.00 2229.00
950.00 2260.00
1687.00 2267.00
331.00 2323.00
159.00 2340.00
856.00 2304.00
95.00 2362.00
290.00 2347.00
1761.00 2313.00
1575.00 2329.00
857.00 2359.00
1408.00 2379.00
360.00 2410.00
1229.00 2396.00
1749.00 2380.00
1153.00 2386.00
1577.00 2396.00
1626.00 2437.00
931.00 2482.00
791.00 2523.00
1627.00 2490.00
852.00 2517.00
1460.00 2506.00
1330.00 2523.00
406.00 2560.00
621.00 2583.00
988.00 2563.00
749.00 2585.00
1586.00 2576.00
1669.00 2621.00
1586.00 2617.00
633.00 2717.00
1178.00 2703.00
977.00 2782.00
