587.00 272.00
293.00 399.00
1065.00 430.00
368.00 513.00
430.00 546.00
1495.00 430.00
1621.00 430.00
1120.00 582.00
2094.00 514.00
1541.00 614.00
519.00 732.00
594.00 740.00
1114.00 701.00
789.00 743.00
735.00 751.00
890.00 731.00
1117.00 771.00
985.00 785.00
893.00 796.00
794.00 808.00
2014.00 728.00
623.00 840.00
708.00 859.00
892.00 873.00
58.00 929.00
207.00 909.00
785.00 874.00
2150.00 765.00
1204.00 866.00
1592.00 851.00
1524.00 840.00
1088.00 910.00
1140.00 873.00
792.00 969.00
1017.00 957.00
903.00 968.00
1557.00 913.00
167.00 1024.00
107.00 1044.00
227.00 1037.00
1044.00 1015.00
987.00 1024.00
1957.00 948.00
377.00 1063.00
1568.00 991.00
911.00 1055.00
771.00 1064.00
859.00 1090.00
987.00 1089.00
179.00 1131.00
2008.00 1000.00
1236.00 1092.00
1960.00 1030.00
987.00 1135.00
728.00 1169.00
1040.00 1151.00
888.00 1163.00
89.00 1200.00
361.00 1180.00
1212.00 1149.00
465.00 1178.00
402.00 1175.00
1432.00 1110.00
1899.00 1103.00
2138.00 1080.00
515.00 1186.00
158.00 1206.00
1315.00 1169.00
889.00 1217.00
395.00 1230.00
1227.00 1210.00
252.00 1250.00
1076.00 1219.00
756.00 1220.00
1395.00 1198.00
8.00 1273.00
1030.00 1250.00
1603.00 1199.00
1556.00 1228.00
521.00 1271.00
111.00 1282.00
838.00 1284.00
361.00 1298.00
1237.00 1257.00
1056.00 1321.00
228.00 1330.00
699.00 1350.00
545.00 1320.00
1867.00 1252.00
1415.00 1280.00
1717.00 1260.00
1348.00 1286.00
2122.00 1240.00
54.00 1351.00
645.00 1339.00
282.00 1347.00
140.00 1357.00
1152.00 1338.00
1195.00 1333.00
1544.00 1321.00
966.00 1395.00
497.00 1391.00
1010.00 1404.00
135.00 1450.00
977.00 1451.00
890.00 1465.00
1023.00 1451.00
65.00 1477.00
1280.00 1525.00
982.00 1560.00
693.00 1572.00
1060.00 1595.00
1186.00 1596.00
303.00 1701.00
743.00 1651.00
1085.00 1642.00
224.00 1719.00
1169.00 1637.00
1147.00 1679.00
1279.00 1678.00
1106.00 1701.00
660.00 1799.00
807.00 1754.00
747.00 1785.00
223.00 1842.00
1011.00 1786.00
1277.00 1781.00
711.00 1844.00
767.00 1849.00
1178.00 1848.00
1028.00 1857.00
294.00 1910.00
369.00 1906.00
401.00 1954.00
1276.00 1849.00
683.00 1906.00
1137.00 1836.00
1055.00 1944.00
284.00 1999.00
1179.00 1930.00
514.00 2029.00
881.00 2001.00
429.00 2059.00
680.00 2060.00
334.00 2016.00
1056.00 2046.00
539.00 2111.00
1105.00 2075.00
1163.00 2118.00
527.00 2156.00
464.00 2196.00
1249.00 2193.00
1059.00 2210.00
324.00 2249.00
1681.00 2231.00
1158.00 2247.00
498.00 2259.00
774.00 2292.00
1248.00 2248.00
1305.00 2224.00
503.00 2302.00
369.00 2307.00
687.00 2325.00
847.00 2309.00
1095.00 2345.00
1143.00 2334.00
635.00 2368.00
775.00 2349.00
540.00 2374.00
319.00 2418.00
774.00 2412.00
1295.00 2409.00
646.00 2420.00
932.00 2420.00
1253.00 2424.00
1045.00 2433.00
751.00 2458.00
1343.00 2501.00
385.00 2519.00
1036.00 2535.00
820.00 2530.00
995.00 2545.00
1328.00 2553.00
1627.00 2572.00
347.00 2561.00
407.00 2567.00
869.00 2604.00
1396.00 2630.00
827.00 2599.00
761.00 2591.00
523.00 2659.00
1486.00 2689.00
737.00 2690.00
1005.00 2712.00
1643.00 2771.00
609.00 2756.00
750.00 2750.00
554.00 2774.00
824.00 2794.00
1409.00 2848.00
