1047.00 397.00
1886.00 349.00
1425.00 606.00
1114.00 682.00
1041.00 701.00
918.00 700.00
1315.00 707.00
1409.00 704.00
1114.00 758.00
1970.00 634.00
1906.00 650.00
1477.00 744.00
1315.00 764.00
979.00 825.00
1366.00 791.00
1023.00 865.00
1513.00 814.00
1449.00 835.00
2019.00 705.00
1356.00 864.00
1912.00 755.00
1223.00 905.00
1303.00 904.00
1161.00 930.00
1482.00 922.00
1713.00 860.00
494.00 1055.00
1418.00 958.00
1188.00 1006.00
1132.00 1024.00
667.00 1076.00
1239.00 1029.00
1974.00 896.00
1652.00 974.00
1330.00 1056.00
1435.00 1062.00
1072.00 1111.00
2018.00 954.00
1522.00 1037.00
614.00 1151.00
1009.00 1126.00
697.00 1158.00
959.00 1159.00
1974.00 1022.00
1438.00 1121.00
909.00 1190.00
784.00 1178.00
1314.00 1145.00
1385.00 1137.00
514.00 1211.00
702.00 1199.00
582.00 1232.00
1468.00 1178.00
1320.00 1190.00
1730.00 1111.00
1992.00 1083.00
1369.00 1214.00
1180.00 1240.00
1525.00 1174.00
1460.00 1233.00
1004.00 1281.00
1078.00 1290.00
1276.00 1277.00
1317.00 1279.00
2004.00 1173.00
1692.00 1251.00
1521.00 1245.00
1575.00 1257.00
1430.00 1322.00
641.00 1357.00
1276.00 1328.00
1380.00 1326.00
1254.00 1381.00
1554.00 1381.00
1073.00 1414.00
1760.00 1326.00
1503.00 1407.00
890.00 1454.00
1363.00 1428.00
841.00 1423.00
1140.00 1471.00
1095.00 1464.00
1366.00 1478.00
1473.00 1491.00
981.00 1527.00
1662.00 1443.00
1567.00 1514.00
1343.00 1535.00
1426.00 1510.00
1576.00 1562.00
1127.00 1593.00
1738.00 1571.00
1654.00 1601.00
1613.00 1616.00
2149.00 1582.00
1539.00 1623.00
1154.00 1708.00
974.00 1746.00
962.00 1787.00
1238.00 1773.00
1189.00 1768.00
1377.00 1825.00
1087.00 1814.00
1451.00 1772.00
1551.00 1806.00
1418.00 1823.00
1620.00 1817.00
1298.00 1870.00
1595.00 1892.00
1149.00 1884.00
1643.00 1877.00
1536.00 1895.00
1024.00 1933.00
885.00 1983.00
1204.00 1950.00
1653.00 1986.00
844.00 2012.00
1247.00 1977.00
803.00 2035.00
1014.00 2027.00
1033.00 2077.00
1378.00 2065.00
992.00 2108.00
1430.00 2105.00
1703.00 2140.00
1533.00 2148.00
1123.00 2178.00
1740.00 2197.00
1510.00 2201.00
1316.00 2205.00
917.00 2221.00
1590.00 2245.00
1436.00 2254.00
1420.00 2303.00
1666.00 2324.00
1819.00 2345.00
1367.00 2374.00
842.00 2389.00
1201.00 2387.00
1245.00 2392.00
1329.00 2443.00
900.00 2362.00
1105.00 2401.00
1655.00 2508.00
1050.00 2408.00
1561.00 2479.00
1277.00 2452.00
1372.00 2469.00
988.00 2438.00
1429.00 2513.00
1582.00 2536.00
1305.00 2514.00
1178.00 2510.00
1384.00 2566.00
1939.00 2606.00
1335.00 2603.00
1025.00 2532.00
1567.00 2608.00
1627.00 2609.00
1871.00 2642.00
1969.00 2658.00
1281.00 2651.00
1128.00 2673.00
1264.00 2719.00
1638.00 2782.00
