1237.00 583.00
680.00 504.00
1202.00 658.00
1127.00 687.00
1332.00 802.00
208.00 563.00
1852.00 691.00
1150.00 745.00
1099.00 749.00
1274.00 858.00
1243.00 907.00
1027.00 844.00
1575.00 1068.00
1207.00 965.00
636.00 833.00
1052.00 910.00
371.00 1006.00
987.00 922.00
1355.00 1191.00
612.00 1012.00
1096.00 1115.00
955.00 1076.00
1291.00 1216.00
1184.00 1160.00
585.00 1054.00
1358.00 1240.00
287.00 1082.00
334.00 1085.00
498.00 1098.00
765.00 1121.00
599.00 1121.00
365.00 1137.00
1004.00 1228.00
1355.00 1318.00
1292.00 1307.00
584.00 1223.00
76.00 1188.00
383.00 1226.00
1293.00 1354.00
114.00 1247.00
894.00 1326.00
567.00 1287.00
1001.00 1342.00
457.00 1287.00
404.00 1288.00
652.00 1301.00
1125.00 1327.00
1285.00 1395.00
156.00 1310.00
954.00 1398.00
887.00 1378.00
1255.00 1488.00
84.00 1331.00
1100.00 1429.00
552.00 1400.00
1122.00 1475.00
646.00 1417.00
13.00 1404.00
228.00 1421.00
702.00 1458.00
413.00 1444.00
554.00 1458.00
1123.00 1527.00
1520.00 1534.00
793.00 1541.00
619.00 1524.00
688.00 1499.00
141.00 1514.00
878.00 1551.00
633.00 1569.00
1043.00 1586.00
201.00 1531.00
835.00 1548.00
1126.00 1612.00
364.00 1615.00
210.00 1667.00
196.00 1622.00
789.00 1673.00
811.00 1629.00
1077.00 1688.00
904.00 1713.00
1257.00 1694.00
653.00 1712.00
789.00 1724.00
330.00 1724.00
953.00 1765.00
844.00 1743.00
1307.00 1784.00
731.00 1782.00
1002.00 1791.00
1458.00 1796.00
301.00 1797.00
1513.00 1807.00
990.00 1843.00
68.00 1885.00
253.00 1898.00
877.00 1912.00
310.00 1932.00
1138.00 1932.00
1489.00 1946.00
1783.00 1904.00
118.00 1980.00
1214.00 1973.00
777.00 1963.00
307.00 1995.00
1298.00 1972.00
723.00 2013.00
1060.00 2005.00
204.00 2025.00
989.00 2013.00
1220.00 2016.00
933.00 2028.00
1261.00 2026.00
688.00 2088.00
513.00 2056.00
271.00 2092.00
337.00 2141.00
881.00 2144.00
779.00 2137.00
1055.00 2098.00
1237.00 2094.00
136.00 2118.00
384.00 2141.00
1132.00 2136.00
1582.00 2154.00
174.00 2191.00
880.00 2202.00
784.00 2197.00
1015.00 2189.00
297.00 2226.00
844.00 2273.00
1066.00 2267.00
948.00 2289.00
758.00 2281.00
1287.00 2207.00
27.00 2262.00
1366.00 2226.00
895.00 2274.00
659.00 2362.00
790.00 2344.00
1528.00 2245.00
1306.00 2255.00
72.00 2373.00
1256.00 2343.00
673.00 2415.00
1176.00 2385.00
66.00 2415.00
1063.00 2484.00
1319.00 2465.00
