1450.00 64.00
1381.00 99.00
1103.00 239.00
1671.00 159.00
1840.00 192.00
1828.00 271.00
1951.00 321.00
1433.00 412.00
1103.00 497.00
1701.00 420.00
730.00 549.00
896.00 559.00
1994.00 403.00
1257.00 543.00
999.00 595.00
745.00 640.00
901.00 619.00
685.00 655.00
1428.00 559.00
1265.00 594.00
1688.00 544.00
1333.00 596.00
1879.00 535.00
808.00 676.00
1810.00 558.00
1174.00 722.00
991.00 789.00
127.00 959.00
889.00 898.00
444.00 943.00
1027.00 927.00
570.00 978.00
62.00 1001.00
123.00 1022.00
814.00 1008.00
556.00 1053.00
942.00 1033.00
1104.00 1060.00
1550.00 1032.00
1856.00 984.00
821.00 1112.00
2111.00 995.00
1035.00 1115.00
607.00 1147.00
1084.00 1136.00
1522.00 1106.00
1234.00 1136.00
1760.00 1076.00
307.00 1207.00
1986.00 1076.00
754.00 1209.00
1392.00 1186.00
2044.00 1114.00
1033.00 1215.00
1970.00 1148.00
1339.00 1199.00
1604.00 1198.00
860.00 1282.00
1123.00 1318.00
1353.00 1304.00
939.00 1344.00
457.00 1373.00
503.00 1383.00
583.00 1371.00
1202.00 1341.00
296.00 1428.00
1518.00 1346.00
1909.00 1349.00
1425.00 1372.00
508.00 1492.00
1276.00 1425.00
1519.00 1387.00
2067.00 1356.00
1510.00 1452.00
1854.00 1408.00
136.00 1572.00
1998.00 1471.00
1527.00 1508.00
1980.00 1527.00
647.00 1658.00
1998.00 1584.00
1780.00 1574.00
1587.00 1560.00
1323.00 1607.00
1282.00 1660.00
1095.00 1674.00
1494.00 1704.00
1287.00 1770.00
967.00 1793.00
2144.00 1741.00
461.00 1837.00
623.00 1828.00
1603.00 1760.00
730.00 1828.00
1055.00 1850.00
1546.00 1794.00
827.00 1927.00
716.00 1948.00
1614.00 1901.00
1295.00 1926.00
1533.00 1869.00
1724.00 1899.00
2141.00 1901.00
923.00 1981.00
1131.00 1976.00
1494.00 1990.00
1266.00 1984.00
1000.00 2041.00
1107.00 2022.00
449.00 2073.00
912.00 2099.00
879.00 2157.00
943.00 2147.00
990.00 2128.00
342.00 2242.00
848.00 2199.00
603.00 2235.00
543.00 2240.00
1676.00 2115.00
1436.00 2141.00
286.00 2296.00
1537.00 2160.00
2130.00 2217.00
1314.00 2359.00
1445.00 2351.00
1864.00 2357.00
1718.00 2353.00
1636.00 2366.00
1941.00 2372.00
2079.00 2405.00
1514.00 2468.00
1767.00 2473.00
1393.00 2519.00
1723.00 2535.00
233.00 2760.00
