1098.00 78.00
1428.00 121.00
1511.00 207.00
1035.00 227.00
491.00 165.00
657.00 233.00
187.00 189.00
746.00 287.00
1651.00 297.00
1356.00 383.00
1294.00 388.00
1184.00 405.00
973.00 428.00
1451.00 463.00
1538.00 493.00
1950.00 514.00
675.00 497.00
1027.00 520.00
1151.00 527.00
282.00 473.00
551.00 536.00
853.00 548.00
133.00 503.00
1110.00 599.00
1053.00 596.00
176.00 544.00
62.00 565.00
1167.00 636.00
1222.00 632.00
1431.00 677.00
600.00 631.00
1384.00 678.00
982.00 690.00
1057.00 713.00
1166.00 697.00
751.00 700.00
905.00 702.00
1321.00 727.00
414.00 690.00
694.00 720.00
487.00 709.00
1670.00 729.00
1842.00 745.00
1343.00 832.00
1932.00 762.00
976.00 797.00
589.00 772.00
1504.00 832.00
246.00 780.00
472.00 798.00
388.00 793.00
877.00 825.00
1112.00 860.00
1913.00 869.00
693.00 867.00
1732.00 880.00
1275.00 949.00
863.00 914.00
1352.00 936.00
1567.00 930.00
1637.00 936.00
1431.00 949.00
678.00 924.00
467.00 931.00
1801.00 962.00
1063.00 984.00
1156.00 987.00
1252.00 990.00
1210.00 994.00
1489.00 1018.00
1575.00 1035.00
176.00 1032.00
937.00 1061.00
1068.00 1086.00
1580.00 1109.00
989.00 1145.00
185.00 1125.00
1814.00 1182.00
1953.00 1200.00
94.00 1154.00
1896.00 1191.00
1190.00 1186.00
1692.00 1204.00
1126.00 1210.00
957.00 1263.00
1824.00 1237.00
1751.00 1247.00
744.00 1253.00
1026.00 1289.00
1564.00 1380.00
1195.00 1404.00
150.00 1362.00
1493.00 1406.00
1922.00 1487.00
1754.00 1511.00
267.00 1514.00
1855.00 1536.00
1781.00 1593.00
1719.00 1594.00
1498.00 1673.00
769.00 1686.00
404.00 1698.00
744.00 1764.00
1789.00 1779.00
1485.00 1818.00
796.00 2061.00
1193.00 2157.00
