684.00 231.00
755.00 285.00
541.00 317.00
812.00 360.00
594.00 385.00
521.00 393.00
222.00 429.00
866.00 369.00
611.00 445.00
1537.00 392.00
1818.00 376.00
1689.00 393.00
1021.00 459.00
420.00 557.00
865.00 547.00
635.00 576.00
797.00 607.00
764.00 546.00
910.00 597.00
174.00 708.00
783.00 697.00
433.00 711.00
111.00 744.00
255.00 748.00
497.00 777.00
805.00 769.00
450.00 860.00
304.00 873.00
84.00 894.00
378.00 903.00
519.00 920.00
227.00 924.00
763.00 893.00
1768.00 799.00
1541.00 822.00
1121.00 862.00
234.00 966.00
1715.00 795.00
2091.00 800.00
938.00 898.00
23.00 946.00
276.00 1003.00
881.00 1007.00
199.00 1110.00
424.00 1069.00
761.00 1006.00
886.00 1058.00
930.00 1107.00
1026.00 1081.00
1349.00 1091.00
1035.00 1159.00
1500.00 1094.00
1076.00 1121.00
993.00 1207.00
1152.00 1169.00
822.00 1187.00
1071.00 1202.00
1968.00 1146.00
1723.00 1161.00
1588.00 1170.00
1477.00 1177.00
1314.00 1187.00
1211.00 1189.00
938.00 1232.00
1363.00 1208.00
1467.00 1247.00
1771.00 1238.00
1250.00 1261.00
1136.00 1290.00
1365.00 1291.00
1900.00 1255.00
1650.00 1306.00
1482.00 1313.00
751.00 1410.00
1256.00 1327.00
1167.00 1351.00
878.00 1403.00
817.00 1407.00
1824.00 1331.00
1114.00 1387.00
1730.00 1352.00
1481.00 1364.00
1593.00 1359.00
877.00 1460.00
1070.00 1456.00
873.00 1502.00
1246.00 1457.00
1357.00 1447.00
1178.00 1464.00
1482.00 1416.00
1268.00 1510.00
1016.00 1511.00
958.00 1541.00
1337.00 1507.00
1209.00 1521.00
1485.00 1520.00
1598.00 1496.00
847.00 1549.00
1094.00 1530.00
1738.00 1538.00
970.00 1611.00
1206.00 1602.00
1566.00 1591.00
1610.00 1559.00
824.00 1656.00
1279.00 1592.00
1122.00 1627.00
1220.00 1674.00
884.00 1686.00
948.00 1686.00
1320.00 1678.00
840.00 1735.00
1373.00 1732.00
1113.00 1750.00
486.00 1841.00
1441.00 1743.00
959.00 1780.00
1341.00 1783.00
1067.00 1770.00
1161.00 1748.00
873.00 1824.00
1222.00 1773.00
1284.00 1799.00
959.00 1826.00
845.00 1906.00
441.00 1931.00
1423.00 1841.00
1323.00 1849.00
1232.00 1858.00
1042.00 1900.00
1139.00 1875.00
1411.00 1890.00
1480.00 1885.00
1300.00 1927.00
987.00 1954.00
1252.00 1936.00
1615.00 1944.00
1065.00 2000.00
1386.00 1966.00
2148.00 2016.00
2031.00 2024.00
1168.00 2043.00
1253.00 2031.00
1508.00 2054.00
542.00 2112.00
1308.00 2072.00
2106.00 2124.00
1595.00 2110.00
1254.00 2098.00
1206.00 2087.00
1451.00 2078.00
1089.00 2102.00
1133.00 2165.00
876.00 2264.00
1384.00 2207.00
1075.00 2214.00
1084.00 2258.00
994.00 2283.00
1248.00 2296.00
1623.00 2315.00
1702.00 2316.00
1084.00 2347.00
873.00 2372.00
1497.00 2419.00
1610.00 2425.00
812.00 2391.00
1063.00 2393.00
715.00 2484.00
1112.00 2411.00
777.00 2443.00
594.00 2524.00
714.00 2531.00
860.00 2553.00
1083.00 2548.00
389.00 2590.00
569.00 2604.00
915.00 2673.00
1061.00 2608.00
1787.00 2713.00
428.00 2738.00
355.00 2733.00
541.00 2751.00
