1541.00 565.00
1099.00 627.00
783.00 838.00
1341.00 805.00
1095.00 854.00
456.00 912.00
667.00 923.00
976.00 944.00
809.00 978.00
1800.00 918.00
1864.00 947.00
710.00 989.00
887.00 1083.00
1017.00 1010.00
692.00 1060.00
497.00 1076.00
544.00 1078.00
334.00 1112.00
969.00 1116.00
201.00 1130.00
1908.00 1061.00
920.00 1137.00
718.00 1106.00
756.00 1199.00
1399.00 1130.00
488.00 1195.00
153.00 1232.00
801.00 1236.00
974.00 1249.00
196.00 1249.00
808.00 1277.00
718.00 1284.00
1907.00 1137.00
9.00 1270.00
1043.00 1199.00
382.00 1267.00
67.00 1290.00
455.00 1273.00
347.00 1316.00
429.00 1326.00
1415.00 1249.00
31.00 1352.00
1428.00 1297.00
479.00 1370.00
1584.00 1290.00
1135.00 1327.00
720.00 1401.00
167.00 1397.00
1915.00 1321.00
782.00 1439.00
1133.00 1371.00
1581.00 1331.00
394.00 1418.00
312.00 1431.00
442.00 1431.00
744.00 1491.00
1442.00 1371.00
1938.00 1377.00
641.00 1438.00
1729.00 1416.00
1328.00 1404.00
1183.00 1468.00
372.00 1471.00
525.00 1468.00
440.00 1494.00
1230.00 1456.00
1017.00 1520.00
992.00 1593.00
1322.00 1501.00
1140.00 1543.00
1236.00 1537.00
1563.00 1515.00
1473.00 1535.00
1283.00 1582.00
1582.00 1583.00
902.00 1687.00
1330.00 1638.00
653.00 1793.00
996.00 1742.00
1288.00 1683.00
429.00 1802.00
1431.00 1695.00
760.00 1880.00
1244.00 1825.00
1576.00 1819.00
864.00 1900.00
802.00 1925.00
626.00 1925.00
1067.00 1887.00
567.00 1957.00
760.00 1949.00
882.00 1943.00
1621.00 1912.00
978.00 1940.00
1064.00 1949.00
1023.00 1958.00
981.00 2019.00
665.00 1988.00
924.00 1978.00
855.00 1991.00
1065.00 1993.00
1241.00 1990.00
1024.00 2005.00
760.00 2002.00
924.00 2036.00
1191.00 2048.00
856.00 2053.00
1124.00 2066.00
527.00 2015.00
1070.00 2093.00
973.00 2092.00
1263.00 2108.00
1328.00 2148.00
1074.00 2164.00
1185.00 2223.00
1076.00 2329.00
1186.00 2371.00
1503.00 2401.00
