2111.00 585.00
401.00 624.00
1428.00 663.00
624.00 682.00
1572.00 705.00
2080.00 740.00
875.00 751.00
160.00 747.00
1040.00 819.00
956.00 831.00
1081.00 844.00
1194.00 872.00
1989.00 890.00
699.00 913.00
1301.00 956.00
1855.00 960.00
1480.00 974.00
39.00 962.00
1612.00 1001.00
936.00 1001.00
1554.00 1016.00
994.00 1006.00
141.00 990.00
1679.00 1048.00
1358.00 1049.00
1580.00 1057.00
434.00 1052.00
1214.00 1073.00
521.00 1077.00
1763.00 1097.00
402.00 1108.00
335.00 1095.00
684.00 1121.00
725.00 1124.00
1408.00 1132.00
624.00 1127.00
1805.00 1140.00
1647.00 1180.00
291.00 1148.00
624.00 1168.00
668.00 1177.00
935.00 1176.00
442.00 1181.00
527.00 1184.00
176.00 1215.00
802.00 1225.00
261.00 1226.00
745.00 1264.00
397.00 1249.00
1328.00 1272.00
802.00 1283.00
1928.00 1310.00
522.00 1313.00
1542.00 1324.00
1223.00 1338.00
1351.00 1334.00
880.00 1340.00
109.00 1350.00
2047.00 1348.00
275.00 1357.00
1702.00 1358.00
1056.00 1368.00
521.00 1372.00
1502.00 1375.00
1794.00 1375.00
1105.00 1377.00
619.00 1408.00
1180.00 1387.00
683.00 1417.00
743.00 1425.00
1230.00 1398.00
519.00 1439.00
1346.00 1423.00
1504.00 1432.00
597.00 1456.00
800.00 1434.00
1414.00 1430.00
41.00 1501.00
1157.00 1492.00
1594.00 1506.00
1767.00 1495.00
830.00 1515.00
1243.00 1505.00
1948.00 1520.00
1508.00 1515.00
493.00 1545.00
829.00 1556.00
1375.00 1557.00
981.00 1571.00
611.00 1607.00
1434.00 1552.00
1124.00 1595.00
425.00 1582.00
828.00 1622.00
763.00 1641.00
1008.00 1619.00
1176.00 1629.00
1437.00 1629.00
1984.00 1669.00
855.00 1694.00
525.00 1698.00
1119.00 1669.00
602.00 1684.00
565.00 1811.00
1225.00 1837.00
1233.00 1900.00
402.00 1900.00
310.00 1939.00
1395.00 1938.00
804.00 1951.00
614.00 1975.00
389.00 1989.00
1380.00 1981.00
910.00 2002.00
1077.00 2014.00
252.00 2045.00
574.00 2049.00
625.00 2055.00
1317.00 2047.00
1390.00 2057.00
544.00 2092.00
1211.00 2087.00
608.00 2114.00
891.00 2097.00
1062.00 2103.00
1270.00 2116.00
1130.00 2132.00
707.00 2158.00
1131.00 2184.00
610.00 2215.00
552.00 2441.00
738.00 2444.00
1118.00 2527.00
