1656.00 416.00
516.00 299.00
1717.00 432.00
1962.00 558.00
1905.00 616.00
1768.00 635.00
1862.00 659.00
1975.00 707.00
1933.00 689.00
1981.00 785.00
57.00 602.00
1700.00 711.00
1996.00 830.00
97.00 682.00
1830.00 787.00
1423.00 763.00
1780.00 782.00
1917.00 786.00
1723.00 824.00
1991.00 900.00
1785.00 856.00
1588.00 862.00
1681.00 868.00
1711.00 923.00
546.00 813.00
589.00 813.00
103.00 846.00
2000.00 991.00
2048.00 993.00
176.00 846.00
1950.00 993.00
585.00 876.00
1928.00 1038.00
1277.00 978.00
583.00 937.00
869.00 966.00
1337.00 991.00
1234.00 1013.00
1864.00 1080.00
204.00 1025.00
2054.00 1130.00
1804.00 1115.00
838.00 1047.00
31.00 1053.00
879.00 1071.00
769.00 1065.00
1522.00 1101.00
462.00 1049.00
397.00 1045.00
1479.00 1129.00
1208.00 1133.00
1882.00 1148.00
600.00 1095.00
2050.00 1222.00
65.00 1105.00
1585.00 1146.00
1871.00 1234.00
1953.00 1234.00
341.00 1126.00
1217.00 1183.00
835.00 1160.00
1149.00 1185.00
771.00 1166.00
150.00 1199.00
1811.00 1247.00
60.00 1185.00
1007.00 1194.00
282.00 1182.00
1162.00 1227.00
1108.00 1229.00
616.00 1210.00
1433.00 1246.00
1515.00 1291.00
799.00 1223.00
1025.00 1258.00
1821.00 1362.00
59.00 1252.00
188.00 1268.00
1156.00 1291.00
2010.00 1399.00
1960.00 1404.00
651.00 1293.00
1859.00 1426.00
1438.00 1379.00
1808.00 1459.00
51.00 1359.00
917.00 1434.00
1868.00 1476.00
750.00 1422.00
1970.00 1513.00
107.00 1449.00
1684.00 1488.00
851.00 1449.00
1462.00 1492.00
1973.00 1556.00
192.00 1451.00
525.00 1489.00
308.00 1486.00
1464.00 1549.00
1981.00 1647.00
658.00 1553.00
104.00 1502.00
1939.00 1635.00
1874.00 1648.00
771.00 1608.00
77.00 1659.00
1884.00 1700.00
1600.00 1667.00
925.00 1640.00
753.00 1697.00
1843.00 1727.00
1935.00 1761.00
1459.00 1746.00
1850.00 1785.00
790.00 1747.00
831.00 1759.00
1673.00 1871.00
808.00 1811.00
1922.00 1910.00
1872.00 1907.00
903.00 1860.00
1603.00 1966.00
2000.00 2007.00
283.00 2057.00
938.00 2074.00
1683.00 2168.00
1531.00 2219.00
938.00 2244.00
1626.00 2235.00
38.00 2329.00
1100.00 2277.00
1197.00 2286.00
1235.00 2328.00
900.00 2387.00
1451.00 2371.00
965.00 2397.00
839.00 2406.00
782.00 2407.00
1517.00 2506.00
1550.00 2554.00
11.00 2626.00
912.00 2560.00
282.00 2605.00
622.00 2581.00
1809.00 2650.00
1242.00 2681.00
