321.00 570.00
728.00 593.00
268.00 739.00
1691.00 707.00
1389.00 774.00
1203.00 829.00
1038.00 859.00
885.00 907.00
1908.00 884.00
687.00 949.00
976.00 949.00
1555.00 953.00
429.00 1015.00
551.00 1025.00
361.00 1031.00
606.00 1032.00
1259.00 1016.00
734.00 1073.00
967.00 1055.00
1858.00 1011.00
1264.00 1112.00
1335.00 1106.00
1163.00 1136.00
826.00 1149.00
121.00 1174.00
392.00 1185.00
348.00 1200.00
506.00 1239.00
940.00 1240.00
850.00 1260.00
1160.00 1278.00
854.00 1322.00
1340.00 1301.00
939.00 1565.00
692.00 1590.00
